Response	Gene ENSEMBL ID	quantitative sorting score	visualization score	baseline score
AZD0530	ENSG00000172339	4.49371646121727	4.49371646121727	4.49371646121727
AZD0530	ENSG00000152591	4.30866653370604	4.30866653370604	4.30866653370604
AZD0530	ENSG00000167232	4.2271701246284605	4.2271701246284605	4.2271701246284605
AZD0530	ENSG00000177673	4.222591225032063	4.222591225032063	4.222591225032063
AZD0530	ENSG00000146453	4.189256378410529	4.189256378410529	4.189256378410529
AZD0530	ENSG00000182035	4.056206161783295	4.056206161783295	4.056206161783295
AZD0530	ENSG00000164334	4.043357526046784	4.043357526046784	4.043357526046784
AZD0530	ENSG00000224812	3.99796813322343	3.99796813322343	3.99796813322343
AZD0530	ENSG00000188994	3.919789361094397	3.919789361094397	3.919789361094397
AZD0530	ENSG00000153956	3.915079037925428	3.915079037925428	3.915079037925428
AZD0530	ENSG00000103811	3.867245872112633	3.867245872112633	3.867245872112633
AZD0530	ENSG00000136457	3.8626205595872127	3.8626205595872127	3.8626205595872127
AZD0530	ENSG00000172005	3.8181143129183863	3.8181143129183863	3.8181143129183863
AZD0530	C15orf33	3.8156784915577213	3.8156784915577213	3.8156784915577213
AZD0530	ENSG00000198363	3.811698545918295	3.811698545918295	3.811698545918295
AZD0530	ENSG00000166483	3.8028957518557327	3.8028957518557327	3.8028957518557327
AZD0530	ENSG00000260852	3.691272201799999	3.691272201799999	3.691272201799999
AZD0530	ENSG00000186526	3.676921244781219	3.676921244781219	3.676921244781219
AZD0530	ENSG00000272610	3.6656280746583754	3.6656280746583754	3.6656280746583754
AZD0530	ENSG00000105929	3.637860968905761	3.637860968905761	3.637860968905761
AZD0530	ENSG00000137145	3.627052843044967	3.627052843044967	3.627052843044967
AZD0530	LOC100506769	3.6159150711488515	3.6159150711488515	3.6159150711488515
AZD0530	LRG_717	3.609522435053041	3.609522435053041	3.609522435053041
AZD0530	LOC100133308	3.578129873416422	3.578129873416422	3.578129873416422
AZD0530	TTC40	3.5624450443023754	3.5624450443023754	3.5624450443023754
AZD0530	ENSG00000215568	3.561377925769621	3.561377925769621	3.561377925769621
AZD0530	LOC440173	3.552267344367503	3.552267344367503	3.552267344367503
AZD0530	ENSG00000233608	3.5407644467196824	3.5407644467196824	3.5407644467196824
AZD0530	ENSG00000171596	3.5405331854676407	3.5405331854676407	3.5405331854676407
AZD0530	C21orf63	3.535668677286803	3.535668677286803	3.535668677286803
AZD0530	LOC100129502	3.5290889180831275	3.5290889180831275	3.5290889180831275
AZD0530	ENSG00000088782	3.511608268168249	3.511608268168249	3.511608268168249
AZD0530	ENSG00000184856	3.493171505667758	3.493171505667758	3.493171505667758
AZD0530	ENSG00000125999	3.4828018932683054	3.4828018932683054	3.4828018932683054
AZD0530	ENSG00000198105	3.482168461563174	3.482168461563174	3.482168461563174
AZD0530	ENSG00000172572	3.465492304071084	3.465492304071084	3.465492304071084
AZD0530	ENSG00000242852	3.4518794748722708	3.4518794748722708	3.4518794748722708
AZD0530	ENSG00000158457	3.4516414832594298	3.4516414832594298	3.4516414832594298
AZD0530	ENSG00000171467	3.445266461354712	3.445266461354712	3.445266461354712
AZD0530	ENSG00000150361	3.441474321164384	3.441474321164384	3.441474321164384
AZD0530	LOC100506553	3.438072955161686	3.438072955161686	3.438072955161686
AZD0530	ENSG00000147246	3.4312062876708853	3.4312062876708853	3.4312062876708853
AZD0530	ENSG00000067798	3.4124041664192855	3.4124041664192855	3.4124041664192855
AZD0530	ENSG00000070047	3.409919553786515	3.409919553786515	3.409919553786515
AZD0530	LOC100507584	3.4055453807394716	3.4055453807394716	3.4055453807394716
AZD0530	ENSG00000275722	3.4045975232932473	3.4045975232932473	3.4045975232932473
AZD0530	ENSG00000204278	3.3978716607640402	3.3978716607640402	3.3978716607640402
AZD0530	ENSG00000206203	3.3972475614036837	3.3972475614036837	3.3972475614036837
AZD0530	ENSG00000122574	3.3917558839582376	3.3917558839582376	3.3917558839582376
AZD0530	ENSG00000171872	3.384619435804735	3.384619435804735	3.384619435804735
AZD0530	LOC100506267	3.384497799449917	3.384497799449917	3.384497799449917
AZD0530	ENSG00000163659	3.375849900528944	3.375849900528944	3.375849900528944
AZD0530	LOC284998	3.375309082733877	3.375309082733877	3.375309082733877
AZD0530	ENSG00000225336	3.373289595077776	3.373289595077776	3.373289595077776
AZD0530	ENSG00000176256	3.3706928750220717	3.3706928750220717	3.3706928750220717
AZD0530	ENSG00000169393	3.359436589624772	3.359436589624772	3.359436589624772
AZD0530	ENSG00000114850	3.355249118877957	3.355249118877957	3.355249118877957
AZD0530	ENSG00000143190	3.3452782348488657	3.3452782348488657	3.3452782348488657
AZD0530	ENSG00000175646	3.3451560318847595	3.3451560318847595	3.3451560318847595
AZD0530	ENSG00000163885	3.335879855806491	3.335879855806491	3.335879855806491
AZD0530	ENSG00000101958	3.332380394235847	3.332380394235847	3.332380394235847
AZD0530	ENSG00000105397	3.3257789436750294	3.3257789436750294	3.3257789436750294
AZD0530	ENSG00000121210	3.30108772899708	3.30108772899708	3.30108772899708
AZD0530	MLL	3.281846882141555	3.281846882141555	3.281846882141555
AZD0530	ENSG00000184634	3.27903904640902	3.27903904640902	3.27903904640902
AZD0530	ENSG00000127318	3.263083237928381	3.263083237928381	3.263083237928381
AZD0530	ENSG00000124818	3.2626232687950623	3.2626232687950623	3.2626232687950623
AZD0530	ENSG00000281877	3.2544509937081783	3.2544509937081783	3.2544509937081783
AZD0530	ENSG00000122490	3.2457356311464536	3.2457356311464536	3.2457356311464536
AZD0530	ENSG00000188738	3.2451827534944337	3.2451827534944337	3.2451827534944337
AZD0530	ENSG00000163114	3.2448718567056174	3.2448718567056174	3.2448718567056174
AZD0530	LOC100129476	3.238891096597008	3.238891096597008	3.238891096597008
AZD0530	LOC100506406	3.2317717276061892	3.2317717276061892	3.2317717276061892
AZD0530	ENSG00000182950	3.230099366569493	3.230099366569493	3.230099366569493
AZD0530	ENSG00000094631	3.2235888788680565	3.2235888788680565	3.2235888788680565
AZD0530	ENSG00000164509	3.2086054000962942	3.2086054000962942	3.2086054000962942
AZD0530	ENSG00000118260	3.2068530216348377	3.2068530216348377	3.2068530216348377
AZD0530	ENSG00000172216	3.2058694741318927	3.2058694741318927	3.2058694741318927
AZD0530	ENSG00000178591	3.198457792440634	3.198457792440634	3.198457792440634
AZD0530	ENSG00000165233	3.196452798014998	3.196452798014998	3.196452798014998
AZD0530	ENSG00000141316	3.1945342086925583	3.1945342086925583	3.1945342086925583
AZD0530	ENSG00000082269	3.192121802890067	3.192121802890067	3.192121802890067
AZD0530	LOC100506418	3.1910652203787246	3.1910652203787246	3.1910652203787246
AZD0530	LOC100506935	3.1856461514758214	3.1856461514758214	3.1856461514758214
AZD0530	ENSG00000123983	3.185460400607521	3.185460400607521	3.185460400607521
AZD0530	LOC157273	3.1834193654218326	3.1834193654218326	3.1834193654218326
AZD0530	GRIK1-AS2	3.170118749869027	3.170118749869027	3.170118749869027
AZD0530	ENSG00000129116	3.1699174225673823	3.1699174225673823	3.1699174225673823
AZD0530	ENSG00000243489	3.1673298604762925	3.1673298604762925	3.1673298604762925
AZD0530	ENSG00000137547	3.1618050362496333	3.1618050362496333	3.1618050362496333
AZD0530	ENSG00000136826	3.1608958232399327	3.1608958232399327	3.1608958232399327
AZD0530	LOC100505668	3.1603857032216456	3.1603857032216456	3.1603857032216456
AZD0530	ENSG00000107443	3.1521377187134827	3.1521377187134827	3.1521377187134827
AZD0530	ENSG00000182141	3.1510614202642047	3.1510614202642047	3.1510614202642047
AZD0530	ENSG00000171060	3.1475460568177143	3.1475460568177143	3.1475460568177143
AZD0530	ENSG00000211800	3.144567090334773	3.144567090334773	3.144567090334773
AZD0530	ENSG00000162771	3.1373699197242644	3.1373699197242644	3.1373699197242644
AZD0530	LOC100129794	3.1360885474565907	3.1360885474565907	3.1360885474565907
AZD0530	ENSG00000130711	3.1285121649391323	3.1285121649391323	3.1285121649391323
AZD0530	ENSG00000183943	3.1267758156969987	3.1267758156969987	3.1267758156969987
AZD0530	ENSG00000174611	3.124931755923448	3.124931755923448	3.124931755923448
AZD0530	ENSG00000117594	3.121757783483251	3.121757783483251	3.121757783483251
AZD0530	ENSG00000168488	3.1212007575360525	3.1212007575360525	3.1212007575360525
AZD0530	ENSG00000170522	3.1191558588818737	3.1191558588818737	3.1191558588818737
AZD0530	ENSG00000251394	3.1174680014936946	3.1174680014936946	3.1174680014936946
AZD0530	ENSG00000130985	3.1086050428355367	3.1086050428355367	3.1086050428355367
AZD0530	ENSG00000159445	3.102403533412099	3.102403533412099	3.102403533412099
AZD0530	ENSG00000160401	3.1002835817698067	3.1002835817698067	3.1002835817698067
AZD0530	ENSG00000189180	3.0935507393073416	3.0935507393073416	3.0935507393073416
AZD0530	ENSG00000118600	3.0911084754607088	3.0911084754607088	3.0911084754607088
AZD0530	ENSG00000131183	3.0900045882075102	3.0900045882075102	3.0900045882075102
AZD0530	ENSG00000171604	3.088091521518893	3.088091521518893	3.088091521518893
AZD0530	ENSG00000204186	3.086033077899974	3.086033077899974	3.086033077899974
AZD0530	ENSG00000170430	3.083199802259965	3.083199802259965	3.083199802259965
AZD0530	ENSG00000157404	3.0828624998236385	3.0828624998236385	3.0828624998236385
AZD0530	ENSG00000198732	3.0827284583481784	3.0827284583481784	3.0827284583481784
AZD0530	ENSG00000196323	3.08044413745799	3.08044413745799	3.08044413745799
AZD0530	ENSG00000182872	3.0790212983971155	3.0790212983971155	3.0790212983971155
AZD0530	ENSG00000131015	3.075040063884185	3.075040063884185	3.075040063884185
AZD0530	ENSG00000168928	3.074585040648893	3.074585040648893	3.074585040648893
AZD0530	ENSG00000011523	3.0737362298349082	3.0737362298349082	3.0737362298349082
AZD0530	ENSG00000087301	3.0722611289786093	3.0722611289786093	3.0722611289786093
AZD0530	C22orf43	3.069867868935111	3.069867868935111	3.069867868935111
AZD0530	LOC100506371	3.0686728553611626	3.0686728553611626	3.0686728553611626
AZD0530	ENSG00000120337	3.065550535603857	3.065550535603857	3.065550535603857
AZD0530	LOC400550	3.061811086714478	3.061811086714478	3.061811086714478
AZD0530	ENSG00000168916	3.0617323008168067	3.0617323008168067	3.0617323008168067
AZD0530	ENSG00000254008	3.058560807534793	3.058560807534793	3.058560807534793
AZD0530	ENSG00000145384	3.056643008333186	3.056643008333186	3.056643008333186
AZD0530	ENSG00000159388	3.0540934267081328	3.0540934267081328	3.0540934267081328
AZD0530	ENSG00000123297	3.0492017430859266	3.0492017430859266	3.0492017430859266
AZD0530	ENSG00000197857	3.0487354920109784	3.0487354920109784	3.0487354920109784
AZD0530	ENSG00000187605	3.043347460665235	3.043347460665235	3.043347460665235
AZD0530	ENSG00000169154	3.042441722223372	3.042441722223372	3.042441722223372
AZD0530	LOC400456	3.042151002130172	3.042151002130172	3.042151002130172
AZD0530	ENSG00000080802	3.0331960265579556	3.0331960265579556	3.0331960265579556
AZD0530	LOC100506190	3.0321273927889494	3.0321273927889494	3.0321273927889494
AZD0530	ENSG00000170340	3.0297008593363093	3.0297008593363093	3.0297008593363093
AZD0530	LOC100132815	3.026861795698888	3.026861795698888	3.026861795698888
AZD0530	ENSG00000162975	3.021897887646752	3.021897887646752	3.021897887646752
AZD0530	ENSG00000144847	3.0198788197970505	3.0198788197970505	3.0198788197970505
AZD0530	ENSG00000177311	3.008587999743792	3.008587999743792	3.008587999743792
AZD0530	ENSG00000169139	3.006839297714277	3.006839297714277	3.006839297714277
AZD0530	ENSG00000188487	3.0037966779066387	3.0037966779066387	3.0037966779066387
AZD0530	ENSG00000198542	3.0030604002546633	3.0030604002546633	3.0030604002546633
AZD0530	ENSG00000165046	3.002955900330398	3.002955900330398	3.002955900330398
AZD0530	ENSG00000118985	3.0029445137874755	3.0029445137874755	3.0029445137874755
AZD0530	ENSG00000173214	3.002084866321441	3.002084866321441	3.002084866321441
AZD0530	LOC402160	3.0020316801242486	3.0020316801242486	3.0020316801242486
AZD0530	LOC100652954	3.0010455531529843	3.0010455531529843	3.0010455531529843
AZD0530	LOC100506365	2.996041110002023	2.996041110002023	2.996041110002023
AZD0530	ENSG00000186919	2.9958621673118477	2.9958621673118477	2.9958621673118477
AZD0530	PHF16	2.995370032481344	2.995370032481344	2.995370032481344
AZD0530	ENSG00000164393	2.98981148568388	2.98981148568388	2.98981148568388
AZD0530	LOC100507244	2.98775816324453	2.98775816324453	2.98775816324453
AZD0530	ENSG00000186583	2.986123824494464	2.986123824494464	2.986123824494464
AZD0530	LOC285796	2.984326986745288	2.984326986745288	2.984326986745288
AZD0530	ENSG00000113430	2.9841720870931505	2.9841720870931505	2.9841720870931505
AZD0530	ENSG00000241296	2.983963127507821	2.983963127507821	2.983963127507821
AZD0530	ENSG00000142065	2.9740846595510586	2.9740846595510586	2.9740846595510586
AZD0530	ENSG00000115648	2.9713571883035588	2.9713571883035588	2.9713571883035588
AZD0530	ENSG00000155592	2.970775181135356	2.970775181135356	2.970775181135356
AZD0530	ENSG00000105875	2.9688793111249647	2.9688793111249647	2.9688793111249647
AZD0530	ENSG00000255423	2.9675325790470524	2.9675325790470524	2.9675325790470524
AZD0530	ENSG00000161010	2.9666463142121864	2.9666463142121864	2.9666463142121864
AZD0530	ENSG00000152315	2.9617922380232784	2.9617922380232784	2.9617922380232784
AZD0530	ENSG00000174844	2.9615047120237983	2.9615047120237983	2.9615047120237983
AZD0530	ENSG00000171942	2.960881232618867	2.960881232618867	2.960881232618867
AZD0530	C15orf24	2.959631253869253	2.959631253869253	2.959631253869253
AZD0530	ENSG00000107581	2.958241518750372	2.958241518750372	2.958241518750372
AZD0530	ENSG00000154025	2.9572702837180542	2.9572702837180542	2.9572702837180542
AZD0530	ENSG00000137809	2.954184152094654	2.954184152094654	2.954184152094654
AZD0530	LOC339593	2.951388046470231	2.951388046470231	2.951388046470231
AZD0530	ENSG00000005801	2.947194423640502	2.947194423640502	2.947194423640502
AZD0530	LOC100130776	2.9466779082919166	2.9466779082919166	2.9466779082919166
AZD0530	ENSG00000196646	2.9458486070281684	2.9458486070281684	2.9458486070281684
AZD0530	ENSG00000269556	2.9419628128402016	2.9419628128402016	2.9419628128402016
AZD0530	ENSG00000006125	2.9361963900459687	2.9361963900459687	2.9361963900459687
AZD0530	LOC100506694	2.935804562504162	2.935804562504162	2.935804562504162
AZD0530	ENSG00000006468	2.9354438873241246	2.9354438873241246	2.9354438873241246
AZD0530	ENSG00000252143	2.9335024659689606	2.9335024659689606	2.9335024659689606
AZD0530	ENSG00000172380	2.9314876453472785	2.9314876453472785	2.9314876453472785
AZD0530	ENSG00000137193	2.930529172293796	2.930529172293796	2.930529172293796
AZD0530	ENSG00000184254	2.928713063915655	2.928713063915655	2.928713063915655
AZD0530	ENSG00000175854	2.920787384395914	2.920787384395914	2.920787384395914
AZD0530	ENSG00000206470	2.91834002245811	2.91834002245811	2.91834002245811
AZD0530	ENSG00000172795	2.916997973600754	2.916997973600754	2.916997973600754
AZD0530	ENSG00000143314	2.91489081630765	2.91489081630765	2.91489081630765
AZD0530	LRG_228	2.914463545573279	2.914463545573279	2.914463545573279
AZD0530	ENSG00000164746	2.9072708185794385	2.9072708185794385	2.9072708185794385
AZD0530	ENSG00000119318	2.907124826995957	2.907124826995957	2.907124826995957
AZD0530	ENSG00000161653	2.9065068525138247	2.9065068525138247	2.9065068525138247
AZD0530	ENSG00000174343	2.905125684425032	2.905125684425032	2.905125684425032
AZD0530	ENSG00000156958	2.9044281390899034	2.9044281390899034	2.9044281390899034
AZD0530	ENSG00000141622	2.9036456829009976	2.9036456829009976	2.9036456829009976
AZD0530	ENSG00000170577	2.90321343135865	2.90321343135865	2.90321343135865
AZD0530	ENSG00000132819	2.903030740582777	2.903030740582777	2.903030740582777
AZD0530	LOC100129104	2.900868873394338	2.900868873394338	2.900868873394338
AZD0530	ENSG00000115170	2.8998163735931732	2.8998163735931732	2.8998163735931732
AZD0530	TRIM78P	2.8983899719934008	2.8983899719934008	2.8983899719934008
AZD0530	ENSG00000075826	2.893166217201462	2.893166217201462	2.893166217201462
AZD0530	LOC100507403	2.892749043287866	2.892749043287866	2.892749043287866
AZD0530	LOC100289341	2.890594120216605	2.890594120216605	2.890594120216605
AZD0530	ENSG00000232401	2.890341807582835	2.890341807582835	2.890341807582835
AZD0530	ENSG00000274538	2.886753910591938	2.886753910591938	2.886753910591938
AZD0530	ENSG00000175701	2.886270536407167	2.886270536407167	2.886270536407167
AZD0530	ENSG00000146376	2.8857631383409363	2.8857631383409363	2.8857631383409363
AZD0530	ENSG00000133398	2.884362533341396	2.884362533341396	2.884362533341396
AZD0530	ENSG00000152926	2.8792665463617846	2.8792665463617846	2.8792665463617846
AZD0530	ENSG00000213762	2.8789078623588398	2.8789078623588398	2.8789078623588398
AZD0530	ENSG00000010282	2.878627353960376	2.878627353960376	2.878627353960376
AZD0530	ENSG00000122133	2.876687408798345	2.876687408798345	2.876687408798345
AZD0530	ENSG00000178605	2.8738462508190357	2.8738462508190357	2.8738462508190357
AZD0530	ENSG00000140459	2.872163761997691	2.872163761997691	2.872163761997691
AZD0530	ENSG00000125878	2.8704051226836103	2.8704051226836103	2.8704051226836103
AZD0530	LOC646268	2.8690835247570443	2.8690835247570443	2.8690835247570443
AZD0530	ENSG00000165972	2.8685936215556787	2.8685936215556787	2.8685936215556787
AZD0530	ENSG00000167395	2.866775721288144	2.866775721288144	2.866775721288144
AZD0530	ENSG00000187764	2.866680002246587	2.866680002246587	2.866680002246587
AZD0530	ENSG00000171634	2.8652856418746495	2.8652856418746495	2.8652856418746495
AZD0530	ENSG00000183044	2.857723237534775	2.857723237534775	2.857723237534775
AZD0530	ENSG00000125337	2.8557913701385855	2.8557913701385855	2.8557913701385855
AZD0530	ENSG00000198039	2.853979576017752	2.853979576017752	2.853979576017752
AZD0530	ENSG00000042813	2.852603543935152	2.852603543935152	2.852603543935152
AZD0530	ENSG00000038532	2.8523460911354697	2.8523460911354697	2.8523460911354697
AZD0530	LOC150381	2.849153294494289	2.849153294494289	2.849153294494289
AZD0530	LOC154872	2.8471645800904772	2.8471645800904772	2.8471645800904772
AZD0530	ENSG00000148773	2.8428012175473456	2.8428012175473456	2.8428012175473456
AZD0530	ENSG00000197889	2.8390297347290234	2.8390297347290234	2.8390297347290234
AZD0530	ENSG00000205744	2.838000404801303	2.838000404801303	2.838000404801303
AZD0530	SUGT1P1	2.8365564284684357	2.8365564284684357	2.8365564284684357
AZD0530	ENSG00000081913	2.829733770412995	2.829733770412995	2.829733770412995
AZD0530	ENSG00000151615	2.8266246988993715	2.8266246988993715	2.8266246988993715
AZD0530	ENSG00000164638	2.8223785459939106	2.8223785459939106	2.8223785459939106
AZD0530	ENSG00000134533	2.821484221603019	2.821484221603019	2.821484221603019
AZD0530	ENSG00000139410	2.815918438006925	2.815918438006925	2.815918438006925
AZD0530	LOC100498859	2.8157331339522162	2.8157331339522162	2.8157331339522162
AZD0530	ENSG00000166669	2.809194540957104	2.809194540957104	2.809194540957104
AZD0530	ENSG00000175294	2.8091150770673154	2.8091150770673154	2.8091150770673154
AZD0530	ENSG00000204969	2.8065544219857337	2.8065544219857337	2.8065544219857337
AZD0530	ENSG00000104388	2.806241609477445	2.806241609477445	2.806241609477445
AZD0530	ENSG00000161640	2.8031942302528727	2.8031942302528727	2.8031942302528727
AZD0530	ENSG00000169413	2.8011981954687437	2.8011981954687437	2.8011981954687437
AZD0530	ENSG00000171867	2.798290658623055	2.798290658623055	2.798290658623055
AZD0530	ENSG00000196418	2.7962121668116153	2.7962121668116153	2.7962121668116153
AZD0530	ENSG00000187775	2.7956256692905015	2.7956256692905015	2.7956256692905015
AZD0530	LOC340094	2.7928731267391433	2.7928731267391433	2.7928731267391433
AZD0530	ENSG00000148513	2.79097344708892	2.79097344708892	2.79097344708892
AZD0530	ENSG00000172534	2.7909472887386513	2.7909472887386513	2.7909472887386513
AZD0530	ENSG00000088882	2.7903500750886634	2.7903500750886634	2.7903500750886634
AZD0530	ENSG00000186020	2.789409203087787	2.789409203087787	2.789409203087787
AZD0530	C8orf71	2.7853061826220498	2.7853061826220498	2.7853061826220498
AZD0530	ENSG00000170807	2.7836529497853424	2.7836529497853424	2.7836529497853424
AZD0530	ENSG00000164645	2.7793395923907416	2.7793395923907416	2.7793395923907416
AZD0530	ENSG00000100426	2.778283551406059	2.778283551406059	2.778283551406059
AZD0530	ENSG00000164074	2.7767979693308598	2.7767979693308598	2.7767979693308598
AZD0530	PCDHB17	2.7762062769588454	2.7762062769588454	2.7762062769588454
AZD0530	LOC100505609	2.775161121933448	2.775161121933448	2.775161121933448
AZD0530	ENSG00000206199	2.7709118337523635	2.7709118337523635	2.7709118337523635
AZD0530	ENSG00000117625	2.7664050429779494	2.7664050429779494	2.7664050429779494
AZD0530	ENSG00000281680	2.76477995484631	2.76477995484631	2.76477995484631
AZD0530	ENSG00000010671	2.7646470544445596	2.7646470544445596	2.7646470544445596
AZD0530	ENSG00000059588	2.7637719837173402	2.7637719837173402	2.7637719837173402
AZD0530	ENSG00000115661	2.7635565922153633	2.7635565922153633	2.7635565922153633
AZD0530	FTSJD2	2.763036894096428	2.763036894096428	2.763036894096428
AZD0530	ENSG00000197976	2.762728303876715	2.762728303876715	2.762728303876715
AZD0530	ENSG00000166750	2.760448455937263	2.760448455937263	2.760448455937263
AZD0530	ENSG00000179407	2.7592727285219185	2.7592727285219185	2.7592727285219185
AZD0530	ENSG00000185518	2.756860733159399	2.756860733159399	2.756860733159399
AZD0530	LRG_611	2.7518985994395484	2.7518985994395484	2.7518985994395484
AZD0530	ENSG00000095261	2.751232300722714	2.751232300722714	2.751232300722714
AZD0530	ENSG00000185291	2.7491010273871175	2.7491010273871175	2.7491010273871175
AZD0530	C8orf56	2.748093366098377	2.748093366098377	2.748093366098377
AZD0530	ENSG00000158985	2.746304460437627	2.746304460437627	2.746304460437627
AZD0530	ENSG00000249859	2.7458077905785276	2.7458077905785276	2.7458077905785276
AZD0530	CTSL1	2.742792858323632	2.742792858323632	2.742792858323632
AZD0530	ENSG00000198728	2.7411195511603377	2.7411195511603377	2.7411195511603377
AZD0530	ENSG00000183770	2.7365968020930596	2.7365968020930596	2.7365968020930596
AZD0530	ENSG00000185448	2.735669905304931	2.735669905304931	2.735669905304931
AZD0530	ENSG00000170734	2.7330478726720684	2.7330478726720684	2.7330478726720684
AZD0530	C1orf49	2.732512739863991	2.732512739863991	2.732512739863991
AZD0530	LOC283867	2.731174899706362	2.731174899706362	2.731174899706362
AZD0530	LOC100507511	2.730384935206705	2.730384935206705	2.730384935206705
AZD0530	ENSG00000155269	2.729806709245812	2.729806709245812	2.729806709245812
AZD0530	ENSG00000107863	2.7294716135962394	2.7294716135962394	2.7294716135962394
AZD0530	ENSG00000132510	2.7291626389501773	2.7291626389501773	2.7291626389501773
AZD0530	ENSG00000259571	2.7290008626299866	2.7290008626299866	2.7290008626299866
AZD0530	ENSG00000170949	2.72757197905001	2.72757197905001	2.72757197905001
AZD0530	ENSG00000122136	2.725554999904531	2.725554999904531	2.725554999904531
AZD0530	ENSG00000133020	2.725528694165314	2.725528694165314	2.725528694165314
AZD0530	ENSG00000182040	2.722658979323827	2.722658979323827	2.722658979323827
AZD0530	ENSG00000082196	2.7225181141539663	2.7225181141539663	2.7225181141539663
AZD0530	TREML3	2.7203782036439015	2.7203782036439015	2.7203782036439015
AZD0530	ENSG00000129993	2.717009485636463	2.717009485636463	2.717009485636463
AZD0530	C20orf166	2.715703417594811	2.715703417594811	2.715703417594811
AZD0530	LOC100129960	2.7154762293853585	2.7154762293853585	2.7154762293853585
AZD0530	ENSG00000198205	2.7133793355616898	2.7133793355616898	2.7133793355616898
AZD0530	LRG_376	2.712807663623645	2.712807663623645	2.712807663623645
AZD0530	ENSG00000068308	2.709213869880208	2.709213869880208	2.709213869880208
AZD0530	ENSG00000180182	2.709045693500599	2.709045693500599	2.709045693500599
AZD0530	ENSG00000166509	2.704377330541388	2.704377330541388	2.704377330541388
AZD0530	ENSG00000197386	2.703662362787492	2.703662362787492	2.703662362787492
AZD0530	ENSG00000134940	2.702153700812127	2.702153700812127	2.702153700812127
AZD0530	ENSG00000170786	2.701758704660835	2.701758704660835	2.701758704660835
AZD0530	ENSG00000177096	2.6997759861929533	2.6997759861929533	2.6997759861929533
AZD0530	ENSG00000130844	2.6967062221794498	2.6967062221794498	2.6967062221794498
AZD0530	ENSG00000164106	2.694832020697605	2.694832020697605	2.694832020697605
AZD0530	ENSG00000058866	2.694717203688876	2.694717203688876	2.694717203688876
AZD0530	ENSG00000163513	2.6884488642811952	2.6884488642811952	2.6884488642811952
AZD0530	ENSG00000273604	2.6882368863824633	2.6882368863824633	2.6882368863824633
AZD0530	ENSG00000078295	2.688054401645361	2.688054401645361	2.688054401645361
AZD0530	C15orf38	2.6868928462788424	2.6868928462788424	2.6868928462788424
AZD0530	ENSG00000162924	2.6848301110515274	2.6848301110515274	2.6848301110515274
AZD0530	ENSG00000139597	2.6841239254131115	2.6841239254131115	2.6841239254131115
AZD0530	ENSG00000181019	2.6837558430153825	2.6837558430153825	2.6837558430153825
AZD0530	ENSG00000241560	2.6806389642169104	2.6806389642169104	2.6806389642169104
AZD0530	ENSG00000165030	2.6803498787195066	2.6803498787195066	2.6803498787195066
AZD0530	ENSG00000055163	2.680137730621494	2.680137730621494	2.680137730621494
AZD0530	ENSG00000168412	2.678870059730218	2.678870059730218	2.678870059730218
AZD0530	ENSG00000033800	2.672283710797332	2.672283710797332	2.672283710797332
AZD0530	ENSG00000100191	2.670478389605283	2.670478389605283	2.670478389605283
AZD0530	ENSG00000104823	2.6703389732025005	2.6703389732025005	2.6703389732025005
AZD0530	ENSG00000162642	2.6675113761701224	2.6675113761701224	2.6675113761701224
AZD0530	ENSG00000131738	2.661585733510427	2.661585733510427	2.661585733510427
AZD0530	ENSG00000148843	2.660460424855058	2.660460424855058	2.660460424855058
AZD0530	ENSG00000158077	2.6583456761320763	2.6583456761320763	2.6583456761320763
AZD0530	ENSG00000233532	2.658108159670557	2.658108159670557	2.658108159670557
AZD0530	ENSG00000178645	2.6578936008507488	2.6578936008507488	2.6578936008507488
AZD0530	ENSG00000165730	2.657883682072056	2.657883682072056	2.657883682072056
AZD0530	ENSG00000131459	2.654528390314133	2.654528390314133	2.654528390314133
AZD0530	C3orf24	2.654345736333408	2.654345736333408	2.654345736333408
AZD0530	ENSG00000158113	2.6533282989223443	2.6533282989223443	2.6533282989223443
AZD0530	ENSG00000204880	2.650905922436131	2.650905922436131	2.650905922436131
AZD0530	ENSG00000175322	2.648769831533057	2.648769831533057	2.648769831533057
AZD0530	ENSG00000053254	2.6479033394610405	2.6479033394610405	2.6479033394610405
AZD0530	ENSG00000175104	2.6475158681169675	2.6475158681169675	2.6475158681169675
AZD0530	ENSG00000178602	2.646842370277846	2.646842370277846	2.646842370277846
AZD0530	ENSG00000101997	2.644907196488676	2.644907196488676	2.644907196488676
AZD0530	TMEM85	2.6449070404121655	2.6449070404121655	2.6449070404121655
AZD0530	ENSG00000237787	2.644739174286513	2.644739174286513	2.644739174286513
AZD0530	ENSG00000128602	2.6442199050935944	2.6442199050935944	2.6442199050935944
AZD0530	ENSG00000147124	2.6394240723815914	2.6394240723815914	2.6394240723815914
AZD0530	ENSG00000178568	2.638586163949309	2.638586163949309	2.638586163949309
AZD0530	LOC100505659	2.6328499066771855	2.6328499066771855	2.6328499066771855
AZD0530	ENSG00000178226	2.630341760590013	2.630341760590013	2.630341760590013
AZD0530	ENSG00000104774	2.629552748948923	2.629552748948923	2.629552748948923
AZD0530	ENSG00000110848	2.6292006171497406	2.6292006171497406	2.6292006171497406
AZD0530	ENSG00000026297	2.628912343950687	2.628912343950687	2.628912343950687
AZD0530	ENSG00000197893	2.6242421306328003	2.6242421306328003	2.6242421306328003
AZD0530	ENSG00000160191	2.6241631416631153	2.6241631416631153	2.6241631416631153
AZD0530	ENSG00000212864	2.6234338668914328	2.6234338668914328	2.6234338668914328
AZD0530	ENSG00000113262	2.6225036844296215	2.6225036844296215	2.6225036844296215
AZD0530	ENSG00000169313	2.622286203863793	2.622286203863793	2.622286203863793
AZD0530	ENSG00000137948	2.6209124876057093	2.6209124876057093	2.6209124876057093
AZD0530	ENSG00000262599	2.6203924614579504	2.6203924614579504	2.6203924614579504
AZD0530	ENSG00000161040	2.619214875942799	2.619214875942799	2.619214875942799
AZD0530	ENSG00000118873	2.618119444227857	2.618119444227857	2.618119444227857
AZD0530	ENSG00000271303	2.617572206779097	2.617572206779097	2.617572206779097
AZD0530	ENSG00000164983	2.6156067721275615	2.6156067721275615	2.6156067721275615
AZD0530	ENSG00000170948	2.6154284922036655	2.6154284922036655	2.6154284922036655
AZD0530	ENSG00000189319	2.6134678927424004	2.6134678927424004	2.6134678927424004
AZD0530	ENSG00000169718	2.612214150456701	2.612214150456701	2.612214150456701
AZD0530	ENSG00000236515	2.611157576355278	2.611157576355278	2.611157576355278
AZD0530	ENSG00000120875	2.610195122450011	2.610195122450011	2.610195122450011
AZD0530	ENSG00000142453	2.6091041375986985	2.6091041375986985	2.6091041375986985
AZD0530	ENSG00000066933	2.6087097340553824	2.6087097340553824	2.6087097340553824
AZD0530	ENSG00000116906	2.6070825025862376	2.6070825025862376	2.6070825025862376
AZD0530	ENSG00000241685	2.606996268751606	2.606996268751606	2.606996268751606
AZD0530	ENSG00000132541	2.60440740237178	2.60440740237178	2.60440740237178
AZD0530	ENSG00000175463	2.603820891324662	2.603820891324662	2.603820891324662
AZD0530	ENSG00000238265	2.6033180726312635	2.6033180726312635	2.6033180726312635
AZD0530	ENSG00000204519	2.6031211288187652	2.6031211288187652	2.6031211288187652
AZD0530	ENSG00000162576	2.6022341397685658	2.6022341397685658	2.6022341397685658
AZD0530	ENSG00000147571	2.6009235090536658	2.6009235090536658	2.6009235090536658
AZD0530	ENSG00000149798	2.600521840749478	2.600521840749478	2.600521840749478
AZD0530	ENSG00000099992	2.5997318032894055	2.5997318032894055	2.5997318032894055
AZD0530	ENSG00000105576	2.5993913522722134	2.5993913522722134	2.5993913522722134
AZD0530	ENSG00000132854	2.597426973827946	2.597426973827946	2.597426973827946
AZD0530	ENSG00000152518	2.59695539726405	2.59695539726405	2.59695539726405
AZD0530	ENSG00000046647	2.5968860137341645	2.5968860137341645	2.5968860137341645
AZD0530	ENSG00000163814	2.593947812463173	2.593947812463173	2.593947812463173
AZD0530	ENSG00000186017	2.5933228283579184	2.5933228283579184	2.5933228283579184
AZD0530	ENSG00000275272	2.591880685965325	2.591880685965325	2.591880685965325
AZD0530	ENSG00000184530	2.591630609249698	2.591630609249698	2.591630609249698
AZD0530	LOC100506216	2.5902771591796445	2.5902771591796445	2.5902771591796445
AZD0530	ENSG00000008382	2.589648473569352	2.589648473569352	2.589648473569352
AZD0530	ENSG00000115548	2.5872033275275266	2.5872033275275266	2.5872033275275266
AZD0530	ENSG00000172575	2.5870279119991695	2.5870279119991695	2.5870279119991695
AZD0530	ENSG00000281601	2.586470377679701	2.586470377679701	2.586470377679701
AZD0530	ENSG00000197747	2.585767219786696	2.585767219786696	2.585767219786696
AZD0530	ENSG00000116017	2.5849608809871354	2.5849608809871354	2.5849608809871354
AZD0530	ENSG00000166704	2.5817241639900512	2.5817241639900512	2.5817241639900512
AZD0530	ENSG00000146215	2.58041153082094	2.58041153082094	2.58041153082094
AZD0530	ENSG00000162616	2.5797888857120084	2.5797888857120084	2.5797888857120084
AZD0530	ENSG00000189171	2.5779646285220816	2.5779646285220816	2.5779646285220816
AZD0530	ENSG00000100918	2.5775054219118934	2.5775054219118934	2.5775054219118934
AZD0530	ENSG00000183960	2.5773174790109916	2.5773174790109916	2.5773174790109916
AZD0530	LOC100506189	2.5769859618507525	2.5769859618507525	2.5769859618507525
AZD0530	ENSG00000115514	2.5768996661175154	2.5768996661175154	2.5768996661175154
AZD0530	ENSG00000147180	2.576199790988353	2.576199790988353	2.576199790988353
AZD0530	ENSG00000184602	2.576196204145431	2.576196204145431	2.576196204145431
AZD0530	ENSG00000166787	2.575432555267699	2.575432555267699	2.575432555267699
AZD0530	ENSG00000105866	2.575406034395863	2.575406034395863	2.575406034395863
AZD0530	ENSG00000101843	2.5732653537415624	2.5732653537415624	2.5732653537415624
AZD0530	ENSG00000138439	2.573067462132221	2.573067462132221	2.573067462132221
AZD0530	ENSG00000124491	2.572437881907992	2.572437881907992	2.572437881907992
AZD0530	ENSG00000141404	2.5722837255166686	2.5722837255166686	2.5722837255166686
AZD0530	ENSG00000173198	2.5706622172803986	2.5706622172803986	2.5706622172803986
AZD0530	ENSG00000121964	2.5699996573087094	2.5699996573087094	2.5699996573087094
AZD0530	ENSG00000089820	2.5696977190132375	2.5696977190132375	2.5696977190132375
AZD0530	ENSG00000180398	2.5695944009116047	2.5695944009116047	2.5695944009116047
AZD0530	LOC148145	2.569149659060976	2.569149659060976	2.569149659060976
AZD0530	ENSG00000182208	2.5687472631458	2.5687472631458	2.5687472631458
AZD0530	ENSG00000275981	2.5686729950531415	2.5686729950531415	2.5686729950531415
AZD0530	ENSG00000048740	2.5686407858321396	2.5686407858321396	2.5686407858321396
AZD0530	ENSG00000021574	2.5683906476388683	2.5683906476388683	2.5683906476388683
AZD0530	ENSG00000108312	2.5678017595701768	2.5678017595701768	2.5678017595701768
AZD0530	ENSG00000140961	2.567752656072336	2.567752656072336	2.567752656072336
AZD0530	ENSG00000114125	2.5673287014358035	2.5673287014358035	2.5673287014358035
AZD0530	ENSG00000197705	2.5672428972452215	2.5672428972452215	2.5672428972452215
AZD0530	ENSG00000149474	2.563066667847378	2.563066667847378	2.563066667847378
AZD0530	ENSG00000130803	2.5626321088408184	2.5626321088408184	2.5626321088408184
AZD0530	ENSG00000002746	2.561885042507686	2.561885042507686	2.561885042507686
AZD0530	ENSG00000110880	2.5595012505036254	2.5595012505036254	2.5595012505036254
AZD0530	ENSG00000105679	2.5590557701057968	2.5590557701057968	2.5590557701057968
AZD0530	ENSG00000179165	2.55811375967397	2.55811375967397	2.55811375967397
AZD0530	LRG_148	2.5570836330510724	2.5570836330510724	2.5570836330510724
AZD0530	ENSG00000145332	2.5566760656090124	2.5566760656090124	2.5566760656090124
AZD0530	LOC284788	2.5564138319321663	2.5564138319321663	2.5564138319321663
AZD0530	ENSG00000108342	2.55612142122208	2.55612142122208	2.55612142122208
AZD0530	ENSG00000198431	2.555548558823829	2.555548558823829	2.555548558823829
AZD0530	ENSG00000115738	2.5553718081463694	2.5553718081463694	2.5553718081463694
AZD0530	ENSG00000151611	2.5548330860881863	2.5548330860881863	2.5548330860881863
AZD0530	ENSG00000211784	2.554371204005694	2.554371204005694	2.554371204005694
AZD0530	ENSG00000072315	2.552394211911146	2.552394211911146	2.552394211911146
AZD0530	ENSG00000240747	2.5482721391760714	2.5482721391760714	2.5482721391760714
AZD0530	ENSG00000235123	2.5475814187507533	2.5475814187507533	2.5475814187507533
AZD0530	ENSG00000128346	2.547394760649784	2.547394760649784	2.547394760649784
AZD0530	ENSG00000197933	2.5465627707112817	2.5465627707112817	2.5465627707112817
AZD0530	ENSG00000119487	2.544626854806794	2.544626854806794	2.544626854806794
AZD0530	ENSG00000145494	2.543741992355271	2.543741992355271	2.543741992355271
AZD0530	ENSG00000145391	2.5422844082975184	2.5422844082975184	2.5422844082975184
AZD0530	LOC728431	2.5401451144419247	2.5401451144419247	2.5401451144419247
AZD0530	ENSG00000163472	2.538155610408069	2.538155610408069	2.538155610408069
AZD0530	ENSG00000004700	2.537817376576608	2.537817376576608	2.537817376576608
AZD0530	ENSG00000178209	2.537729900117954	2.537729900117954	2.537729900117954
AZD0530	ENSG00000198183	2.5370865159850626	2.5370865159850626	2.5370865159850626
AZD0530	ENSG00000281626	2.536460529987307	2.536460529987307	2.536460529987307
AZD0530	ENSG00000131196	2.534688589411304	2.534688589411304	2.534688589411304
AZD0530	ENSG00000175592	2.5334290832832775	2.5334290832832775	2.5334290832832775
AZD0530	ENSG00000143067	2.5320669355742473	2.5320669355742473	2.5320669355742473
AZD0530	ENSG00000169116	2.531501497712932	2.531501497712932	2.531501497712932
AZD0530	LOC285456	2.531480212637055	2.531480212637055	2.531480212637055
AZD0530	ENSG00000131050	2.530279921908054	2.530279921908054	2.530279921908054
AZD0530	ENSG00000160298	2.5298911992451596	2.5298911992451596	2.5298911992451596
AZD0530	ENSG00000101440	2.529115339143675	2.529115339143675	2.529115339143675
AZD0530	ENSG00000003989	2.5289299731321333	2.5289299731321333	2.5289299731321333
AZD0530	ENSG00000152454	2.5256003535424063	2.5256003535424063	2.5256003535424063
AZD0530	ENSG00000280759	2.5249112086122136	2.5249112086122136	2.5249112086122136
AZD0530	ENSG00000134285	2.5248669699090724	2.5248669699090724	2.5248669699090724
AZD0530	ENSG00000124275	2.5248642128999976	2.5248642128999976	2.5248642128999976
AZD0530	ENSG00000173200	2.5241229343513534	2.5241229343513534	2.5241229343513534
AZD0530	ENSG00000116711	2.524070794497965	2.524070794497965	2.524070794497965
AZD0530	ENSG00000125447	2.5240145679098935	2.5240145679098935	2.5240145679098935
AZD0530	ENSG00000153976	2.523713044764665	2.523713044764665	2.523713044764665
AZD0530	ENSG00000137714	2.5236666159919023	2.5236666159919023	2.5236666159919023
AZD0530	ENSG00000146374	2.521318138296404	2.521318138296404	2.521318138296404
AZD0530	ENSG00000151320	2.5202595412336457	2.5202595412336457	2.5202595412336457
AZD0530	ENSG00000164985	2.519705717032828	2.519705717032828	2.519705717032828
AZD0530	ENSG00000073050	2.518109542443542	2.518109542443542	2.518109542443542
AZD0530	ENSG00000115282	2.517170097420688	2.517170097420688	2.517170097420688
AZD0530	ENSG00000197956	2.5171370665519555	2.5171370665519555	2.5171370665519555
AZD0530	ENSG00000250510	2.5157206114030677	2.5157206114030677	2.5157206114030677
AZD0530	ENSG00000054267	2.510424729760407	2.510424729760407	2.510424729760407
AZD0530	LOC401321	2.5102454984991343	2.5102454984991343	2.5102454984991343
AZD0530	ENSG00000049618	2.5097961262344497	2.5097961262344497	2.5097961262344497
AZD0530	ENSG00000121022	2.509215574900192	2.509215574900192	2.509215574900192
AZD0530	LOC100505826	2.5087360874030553	2.5087360874030553	2.5087360874030553
AZD0530	ENSG00000225614	2.508208136020485	2.508208136020485	2.508208136020485
AZD0530	ENSG00000142892	2.507631632721451	2.507631632721451	2.507631632721451
AZD0530	KIAA0240	2.506211389188539	2.506211389188539	2.506211389188539
AZD0530	ENSG00000088826	2.504558121617781	2.504558121617781	2.504558121617781
AZD0530	ENSG00000172156	2.5044711863930544	2.5044711863930544	2.5044711863930544
AZD0530	LRG_684	2.5029578906793937	2.5029578906793937	2.5029578906793937
AZD0530	ENSG00000082175	2.502772946405092	2.502772946405092	2.502772946405092
AZD0530	ENSG00000269220	2.5022903706809454	2.5022903706809454	2.5022903706809454
AZD0530	ENSG00000270885	2.501967138799797	2.501967138799797	2.501967138799797
AZD0530	ENSG00000150687	2.5018252165649706	2.5018252165649706	2.5018252165649706
AZD0530	ENSG00000143434	2.501095838236531	2.501095838236531	2.501095838236531
AZD0530	ENSG00000232656	2.5003468985564323	2.5003468985564323	2.5003468985564323
AZD0530	ENSG00000185087	2.4988768925482128	2.4988768925482128	2.4988768925482128
AZD0530	ENSG00000173572	2.4979047074725704	2.4979047074725704	2.4979047074725704
AZD0530	ENSG00000032444	2.4964252427897495	2.4964252427897495	2.4964252427897495
AZD0530	ENSG00000112294	2.4953026704692496	2.4953026704692496	2.4953026704692496
AZD0530	ENSG00000140968	2.4946965387207944	2.4946965387207944	2.4946965387207944
AZD0530	ENSG00000180801	2.492673629678061	2.492673629678061	2.492673629678061
AZD0530	ENSG00000143184	2.4915616148094193	2.4915616148094193	2.4915616148094193
AZD0530	ENSG00000055917	2.4913470476476975	2.4913470476476975	2.4913470476476975
AZD0530	LOC284395	2.4908150127562867	2.4908150127562867	2.4908150127562867
AZD0530	FLJ38717	2.4904911711170117	2.4904911711170117	2.4904911711170117
AZD0530	ENSG00000082701	2.490197487733875	2.490197487733875	2.490197487733875
AZD0530	ENSG00000213079	2.489650789296624	2.489650789296624	2.489650789296624
AZD0530	ENSG00000101265	2.489596989009658	2.489596989009658	2.489596989009658
AZD0530	ENSG00000163577	2.4871906788325746	2.4871906788325746	2.4871906788325746
AZD0530	ENSG00000106144	2.48615213389131	2.48615213389131	2.48615213389131
AZD0530	LOC100505664	2.485649944520461	2.485649944520461	2.485649944520461
AZD0530	ENSG00000124659	2.485629827707864	2.485629827707864	2.485629827707864
AZD0530	ENSG00000244588	2.484817918717367	2.484817918717367	2.484817918717367
AZD0530	ENSG00000198551	2.484716910322309	2.484716910322309	2.484716910322309
AZD0530	ENSG00000003137	2.484371306922766	2.484371306922766	2.484371306922766
AZD0530	ENSG00000050030	2.4841706554881413	2.4841706554881413	2.4841706554881413
AZD0530	ENSG00000004846	2.484052667253712	2.484052667253712	2.484052667253712
AZD0530	ENSG00000146067	2.483953320164319	2.483953320164319	2.483953320164319
AZD0530	ENSG00000174197	2.4838685713628306	2.4838685713628306	2.4838685713628306
AZD0530	ENSG00000168374	2.4837106846409256	2.4837106846409256	2.4837106846409256
AZD0530	LOC100506684	2.483262445439151	2.483262445439151	2.483262445439151
AZD0530	ENSG00000050730	2.48244502402497	2.48244502402497	2.48244502402497
AZD0530	ENSG00000206181	2.481321488770077	2.481321488770077	2.481321488770077
AZD0530	ENSG00000170983	2.4796402236627606	2.4796402236627606	2.4796402236627606
AZD0530	ENSG00000100823	2.4786547239675922	2.4786547239675922	2.4786547239675922
AZD0530	ENSG00000066855	2.4775439762603124	2.4775439762603124	2.4775439762603124
AZD0530	ENSG00000123124	2.4765678795522152	2.4765678795522152	2.4765678795522152
AZD0530	ENSG00000141052	2.476175423228135	2.476175423228135	2.476175423228135
AZD0530	ENSG00000152782	2.4750996663648226	2.4750996663648226	2.4750996663648226
AZD0530	ENSG00000107562	2.474438628632758	2.474438628632758	2.474438628632758
AZD0530	ENSG00000275517	2.474124737722566	2.474124737722566	2.474124737722566
AZD0530	ENSG00000106415	2.4738021416348297	2.4738021416348297	2.4738021416348297
AZD0530	ENSG00000178927	2.472387882667273	2.472387882667273	2.472387882667273
AZD0530	ENSG00000115756	2.4723138459094285	2.4723138459094285	2.4723138459094285
AZD0530	ENSG00000109323	2.471537302000913	2.471537302000913	2.471537302000913
AZD0530	ENSG00000275052	2.469429728898404	2.469429728898404	2.469429728898404
AZD0530	ENSG00000106648	2.4691513455781338	2.4691513455781338	2.4691513455781338
AZD0530	ENSG00000119185	2.4690328555341305	2.4690328555341305	2.4690328555341305
AZD0530	ENSG00000206376	2.4688461157614614	2.4688461157614614	2.4688461157614614
AZD0530	LRG_193	2.4652986311484795	2.4652986311484795	2.4652986311484795
AZD0530	ENSG00000108666	2.4651256851214627	2.4651256851214627	2.4651256851214627
AZD0530	ENSG00000089094	2.4626294887669125	2.4626294887669125	2.4626294887669125
AZD0530	ENSG00000129911	2.461533044238675	2.461533044238675	2.461533044238675
AZD0530	ENSG00000176029	2.461454937719869	2.461454937719869	2.461454937719869
AZD0530	LOC100126784	2.4613494606743798	2.4613494606743798	2.4613494606743798
AZD0530	ENSG00000111269	2.4605389158802975	2.4605389158802975	2.4605389158802975
AZD0530	ENSG00000167601	2.4603960840526278	2.4603960840526278	2.4603960840526278
AZD0530	ENSG00000152207	2.4601861387930413	2.4601861387930413	2.4601861387930413
AZD0530	ENSG00000100842	2.4599209091765535	2.4599209091765535	2.4599209091765535
AZD0530	ENSG00000011677	2.4596880051250447	2.4596880051250447	2.4596880051250447
AZD0530	ENSG00000135248	2.4586191120629057	2.4586191120629057	2.4586191120629057
AZD0530	ENSG00000274965	2.4585312092490765	2.4585312092490765	2.4585312092490765
AZD0530	LOC100505964	2.4577337719036345	2.4577337719036345	2.4577337719036345
AZD0530	ENSG00000073849	2.4569486385238735	2.4569486385238735	2.4569486385238735
AZD0530	ENSG00000102096	2.4564365840146882	2.4564365840146882	2.4564365840146882
AZD0530	FAM55D	2.455266920147825	2.455266920147825	2.455266920147825
AZD0530	ENSG00000170788	2.4550521539974173	2.4550521539974173	2.4550521539974173
AZD0530	ENSG00000007545	2.454897249921748	2.454897249921748	2.454897249921748
AZD0530	ENSG00000162174	2.4547978718818277	2.4547978718818277	2.4547978718818277
AZD0530	ENSG00000095370	2.4542144883792827	2.4542144883792827	2.4542144883792827
AZD0530	ENSG00000149488	2.454032187083655	2.454032187083655	2.454032187083655
AZD0530	METTL11A	2.453097833446132	2.453097833446132	2.453097833446132
AZD0530	ENSG00000277101	2.453035057823051	2.453035057823051	2.453035057823051
AZD0530	ENSG00000165694	2.4528849943399282	2.4528849943399282	2.4528849943399282
AZD0530	ENSG00000228978	2.451290293490994	2.451290293490994	2.451290293490994
AZD0530	ENSG00000157214	2.4512020787411832	2.4512020787411832	2.4512020787411832
AZD0530	ENSG00000114374	2.450935806153131	2.450935806153131	2.450935806153131
AZD0530	ENSG00000103154	2.4504632532066957	2.4504632532066957	2.4504632532066957
AZD0530	ENSG00000129682	2.44909008240296	2.44909008240296	2.44909008240296
AZD0530	ENSG00000166250	2.446399966524696	2.446399966524696	2.446399966524696
AZD0530	ENSG00000183486	2.4453867039013897	2.4453867039013897	2.4453867039013897
AZD0530	ENSG00000116285	2.4451501786294103	2.4451501786294103	2.4451501786294103
AZD0530	ENSG00000129493	2.444858163670498	2.444858163670498	2.444858163670498
AZD0530	ENSG00000112378	2.443725123545627	2.443725123545627	2.443725123545627
AZD0530	ENSG00000112739	2.4436123074141523	2.4436123074141523	2.4436123074141523
AZD0530	ENSG00000133056	2.443597985514523	2.443597985514523	2.443597985514523
AZD0530	ENSG00000109927	2.442942177712474	2.442942177712474	2.442942177712474
AZD0530	ENSG00000183696	2.442230190923394	2.442230190923394	2.442230190923394
AZD0530	ENSG00000101405	2.4416774937585757	2.4416774937585757	2.4416774937585757
AZD0530	ENSG00000180044	2.441019942143464	2.441019942143464	2.441019942143464
AZD0530	ENSG00000146278	2.4405432990135227	2.4405432990135227	2.4405432990135227
AZD0530	ENSG00000167984	2.4403436632492554	2.4403436632492554	2.4403436632492554
AZD0530	ENSG00000130726	2.438938855317506	2.438938855317506	2.438938855317506
AZD0530	ENSG00000273562	2.437450270086941	2.437450270086941	2.437450270086941
AZD0530	ENSG00000136830	2.4370200715856187	2.4370200715856187	2.4370200715856187
AZD0530	ENSG00000170561	2.434803561643684	2.434803561643684	2.434803561643684
AZD0530	LOC388906	2.433790754625913	2.433790754625913	2.433790754625913
AZD0530	ENSG00000024526	2.4335948906076066	2.4335948906076066	2.4335948906076066
AZD0530	ENSG00000035720	2.4321498960497174	2.4321498960497174	2.4321498960497174
AZD0530	ENSG00000130167	2.432037046255063	2.432037046255063	2.432037046255063
AZD0530	ENSG00000143450	2.431581075217979	2.431581075217979	2.431581075217979
AZD0530	ENSG00000143157	2.4298441334990932	2.4298441334990932	2.4298441334990932
AZD0530	ENSG00000112079	2.426857525594433	2.426857525594433	2.426857525594433
AZD0530	ENSG00000150477	2.4263287992416576	2.4263287992416576	2.4263287992416576
AZD0530	LOC100506175	2.424919200293394	2.424919200293394	2.424919200293394
AZD0530	ENSG00000130222	2.424680255601285	2.424680255601285	2.424680255601285
AZD0530	ENSG00000137872	2.4233094011160174	2.4233094011160174	2.4233094011160174
AZD0530	ENSG00000159231	2.423020711593431	2.423020711593431	2.423020711593431
AZD0530	ENSG00000138346	2.422957914797565	2.422957914797565	2.422957914797565
AZD0530	ENSG00000239605	2.422038136137062	2.422038136137062	2.422038136137062
AZD0530	ENSG00000223414	2.4215722655123755	2.4215722655123755	2.4215722655123755
AZD0530	ENSG00000129152	2.4207759802774156	2.4207759802774156	2.4207759802774156
AZD0530	ENSG00000171649	2.4206038256728997	2.4206038256728997	2.4206038256728997
AZD0530	ENSG00000177508	2.420194684960782	2.420194684960782	2.420194684960782
AZD0530	ENSG00000197635	2.419165074850752	2.419165074850752	2.419165074850752
AZD0530	ENSG00000145723	2.417458359514484	2.417458359514484	2.417458359514484
AZD0530	ENSG00000110484	2.415935115483086	2.415935115483086	2.415935115483086
AZD0530	ENSG00000140090	2.4147754947648568	2.4147754947648568	2.4147754947648568
AZD0530	ENSG00000147324	2.413128202357647	2.413128202357647	2.413128202357647
AZD0530	ENSG00000148248	2.4120395762777105	2.4120395762777105	2.4120395762777105
AZD0530	ENSG00000146373	2.4116745028770805	2.4116745028770805	2.4116745028770805
AZD0530	ENSG00000113719	2.411580581408272	2.411580581408272	2.411580581408272
AZD0530	ENSG00000108100	2.4115310065322895	2.4115310065322895	2.4115310065322895
AZD0530	ENSG00000105708	2.410321289016418	2.410321289016418	2.410321289016418
AZD0530	ENSG00000158163	2.409983330112762	2.409983330112762	2.409983330112762
AZD0530	ENSG00000080561	2.40965936049834	2.40965936049834	2.40965936049834
AZD0530	ENSG00000085982	2.4096099233229458	2.4096099233229458	2.4096099233229458
AZD0530	ENSG00000146809	2.409246425505547	2.409246425505547	2.409246425505547
AZD0530	ENSG00000196199	2.406855882709363	2.406855882709363	2.406855882709363
AZD0530	C1orf96	2.406232759078885	2.406232759078885	2.406232759078885
AZD0530	ENSG00000204514	2.405273278356747	2.405273278356747	2.405273278356747
AZD0530	ENSG00000065802	2.404734699574727	2.404734699574727	2.404734699574727
AZD0530	ENSG00000132466	2.4045030356137276	2.4045030356137276	2.4045030356137276
AZD0530	ENSG00000101546	2.403571044353093	2.403571044353093	2.403571044353093
AZD0530	ENSG00000165533	2.402405541535384	2.402405541535384	2.402405541535384
AZD0530	ENSG00000182870	2.4007381051858645	2.4007381051858645	2.4007381051858645
AZD0530	LOC100507319	2.399361091322503	2.399361091322503	2.399361091322503
AZD0530	ENSG00000074706	2.397802728599558	2.397802728599558	2.397802728599558
AZD0530	ENSG00000132274	2.397480240492861	2.397480240492861	2.397480240492861
AZD0530	LINC00256A	2.39641178548034	2.39641178548034	2.39641178548034
AZD0530	ENSG00000136197	2.3961709594067466	2.3961709594067466	2.3961709594067466
AZD0530	ENSG00000161664	2.3956962780810036	2.3956962780810036	2.3956962780810036
AZD0530	ENSG00000177105	2.3952467159237125	2.3952467159237125	2.3952467159237125
AZD0530	ENSG00000166006	2.3944709204263046	2.3944709204263046	2.3944709204263046
AZD0530	ENSG00000135870	2.3944139674430502	2.3944139674430502	2.3944139674430502
AZD0530	ENSG00000149124	2.392393618704544	2.392393618704544	2.392393618704544
AZD0530	ENSG00000141562	2.3909400319165495	2.3909400319165495	2.3909400319165495
AZD0530	ENSG00000132639	2.390707759364332	2.390707759364332	2.390707759364332
AZD0530	ENSG00000169908	2.390424330929281	2.390424330929281	2.390424330929281
AZD0530	ENSG00000150787	2.3903450930828556	2.3903450930828556	2.3903450930828556
AZD0530	ENSG00000168398	2.3902533968454276	2.3902533968454276	2.3902533968454276
AZD0530	ZNF498	2.3887081244788235	2.3887081244788235	2.3887081244788235
AZD0530	ENSG00000277564	2.3884524656129313	2.3884524656129313	2.3884524656129313
AZD0530	ENSG00000145703	2.388092445521538	2.388092445521538	2.388092445521538
AZD0530	ENSG00000160691	2.3877548782141713	2.3877548782141713	2.3877548782141713
AZD0530	ENSG00000188373	2.386529937602579	2.386529937602579	2.386529937602579
AZD0530	ENSG00000164171	2.385951101602215	2.385951101602215	2.385951101602215
AZD0530	ENSG00000141642	2.3858698060094623	2.3858698060094623	2.3858698060094623
AZD0530	LOC100506414	2.3852134683682844	2.3852134683682844	2.3852134683682844
AZD0530	ENSG00000071894	2.383943119461089	2.383943119461089	2.383943119461089
AZD0530	ENSG00000169914	2.3838202132156274	2.3838202132156274	2.3838202132156274
AZD0530	ENSG00000013619	2.3835811352539737	2.3835811352539737	2.3835811352539737
AZD0530	ENSG00000137478	2.3826799341188365	2.3826799341188365	2.3826799341188365
AZD0530	ENSG00000163191	2.3826210406626056	2.3826210406626056	2.3826210406626056
AZD0530	ENSG00000115008	2.381018448873955	2.381018448873955	2.381018448873955
AZD0530	ENSG00000168004	2.3807019526440447	2.3807019526440447	2.3807019526440447
AZD0530	ENSG00000248572	2.379369768092062	2.379369768092062	2.379369768092062
AZD0530	ENSG00000174963	2.3785146732706917	2.3785146732706917	2.3785146732706917
AZD0530	ENSG00000164647	2.378131070490311	2.378131070490311	2.378131070490311
AZD0530	ENSG00000141556	2.377869728389873	2.377869728389873	2.377869728389873
AZD0530	LRG_286	2.3776660842841904	2.3776660842841904	2.3776660842841904
AZD0530	ENSG00000122122	2.3774874009121154	2.3774874009121154	2.3774874009121154
AZD0530	ENSG00000114631	2.3767356395332215	2.3767356395332215	2.3767356395332215
AZD0530	ENSG00000160710	2.374612506650837	2.374612506650837	2.374612506650837
AZD0530	ENSG00000148288	2.373476351164913	2.373476351164913	2.373476351164913
AZD0530	ENSG00000088387	2.3731742900871837	2.3731742900871837	2.3731742900871837
AZD0530	ENSG00000044574	2.371790619146786	2.371790619146786	2.371790619146786
AZD0530	ENSG00000156467	2.3715822174061643	2.3715822174061643	2.3715822174061643
AZD0530	ENSG00000170255	2.3703777200974923	2.3703777200974923	2.3703777200974923
AZD0530	ENSG00000274839	2.3697860564473467	2.3697860564473467	2.3697860564473467
AZD0530	ENSG00000136542	2.3682069557905323	2.3682069557905323	2.3682069557905323
AZD0530	ENSG00000124486	2.36786790103026	2.36786790103026	2.36786790103026
AZD0530	ENSG00000165389	2.367734297483958	2.367734297483958	2.367734297483958
AZD0530	ENSG00000145284	2.366420168918339	2.366420168918339	2.366420168918339
AZD0530	ENSG00000100739	2.365838046835539	2.365838046835539	2.365838046835539
AZD0530	ENSG00000173486	2.3658092660353893	2.3658092660353893	2.3658092660353893
AZD0530	ENSG00000144306	2.365261472219476	2.365261472219476	2.365261472219476
AZD0530	ENSG00000155254	2.3642999046750632	2.3642999046750632	2.3642999046750632
AZD0530	ENSG00000216740	2.3642090208103355	2.3642090208103355	2.3642090208103355
AZD0530	ENSG00000139289	2.364046370856868	2.364046370856868	2.364046370856868
AZD0530	FLJ39534	2.3638938305767145	2.3638938305767145	2.3638938305767145
AZD0530	ENSG00000155749	2.363464946326415	2.363464946326415	2.363464946326415
AZD0530	ENSG00000186340	2.362828990879015	2.362828990879015	2.362828990879015
AZD0530	ENSG00000101812	2.362512538109022	2.362512538109022	2.362512538109022
AZD0530	ENSG00000167554	2.3621195138545237	2.3621195138545237	2.3621195138545237
AZD0530	ENSG00000147118	2.360290592272204	2.360290592272204	2.360290592272204
AZD0530	LOC442075	2.3594521413697565	2.3594521413697565	2.3594521413697565
AZD0530	ENSG00000171951	2.3592387871639837	2.3592387871639837	2.3592387871639837
AZD0530	ENSG00000169918	2.3577362317711628	2.3577362317711628	2.3577362317711628
AZD0530	ENSG00000122375	2.356835355296689	2.356835355296689	2.356835355296689
AZD0530	ENSG00000167315	2.356203009504792	2.356203009504792	2.356203009504792
AZD0530	ANP32A-IT1	2.355229735504114	2.355229735504114	2.355229735504114
AZD0530	ENSG00000143107	2.354856727420399	2.354856727420399	2.354856727420399
AZD0530	ENSG00000100360	2.354815510891617	2.354815510891617	2.354815510891617
AZD0530	ENSG00000127528	2.354268961238792	2.354268961238792	2.354268961238792
AZD0530	ENSG00000126561	2.354180810091274	2.354180810091274	2.354180810091274
AZD0530	MGC3771	2.3540260378272415	2.3540260378272415	2.3540260378272415
AZD0530	ENSG00000163104	2.3535703461813373	2.3535703461813373	2.3535703461813373
AZD0530	ENSG00000169302	2.3520661338856192	2.3520661338856192	2.3520661338856192
AZD0530	ENSG00000148848	2.351914954766855	2.351914954766855	2.351914954766855
AZD0530	ENSG00000136770	2.3509078295642807	2.3509078295642807	2.3509078295642807
AZD0530	LOC100507106	2.3507842159525945	2.3507842159525945	2.3507842159525945
AZD0530	ENSG00000112837	2.3504641422975805	2.3504641422975805	2.3504641422975805
AZD0530	ENSG00000280640	2.3498708394609915	2.3498708394609915	2.3498708394609915
AZD0530	ENSG00000109920	2.348256917293974	2.348256917293974	2.348256917293974
AZD0530	ENSG00000137941	2.345840311155846	2.345840311155846	2.345840311155846
AZD0530	ENSG00000156831	2.3458311640951166	2.3458311640951166	2.3458311640951166
AZD0530	C8orf77	2.3435616394358663	2.3435616394358663	2.3435616394358663
AZD0530	ENSG00000161277	2.343515670763004	2.343515670763004	2.343515670763004
AZD0530	FAM205B	2.3434561702465757	2.3434561702465757	2.3434561702465757
AZD0530	ENSG00000211813	2.340857459390577	2.340857459390577	2.340857459390577
AZD0530	ENSG00000100813	2.3401467358682875	2.3401467358682875	2.3401467358682875
AZD0530	ENSG00000162909	2.3395855051950334	2.3395855051950334	2.3395855051950334
AZD0530	LOC1720	2.338791172197635	2.338791172197635	2.338791172197635
AZD0530	ENSG00000144711	2.338538333949406	2.338538333949406	2.338538333949406
AZD0530	ENSG00000047249	2.3382367213100785	2.3382367213100785	2.3382367213100785
AZD0530	ENSG00000154582	2.3359677473346783	2.3359677473346783	2.3359677473346783
AZD0530	LRG_196	2.3358819675101765	2.3358819675101765	2.3358819675101765
AZD0530	ENSG00000182156	2.3358006481947777	2.3358006481947777	2.3358006481947777
AZD0530	ENSG00000275575	2.3356007763260562	2.3356007763260562	2.3356007763260562
AZD0530	ENSG00000151418	2.3355170094942994	2.3355170094942994	2.3355170094942994
AZD0530	ENSG00000105246	2.335459703106604	2.335459703106604	2.335459703106604
AZD0530	ENSG00000133789	2.3353325472929423	2.3353325472929423	2.3353325472929423
AZD0530	LOC100507443	2.3350225761158176	2.3350225761158176	2.3350225761158176
AZD0530	ENSG00000198743	2.3346041994643905	2.3346041994643905	2.3346041994643905
AZD0530	ENSG00000149679	2.3344063380694036	2.3344063380694036	2.3344063380694036
AZD0530	ENSG00000087077	2.333377346156471	2.333377346156471	2.333377346156471
AZD0530	ENSG00000115464	2.3309349878090413	2.3309349878090413	2.3309349878090413
AZD0530	ENSG00000116688	2.329858898599485	2.329858898599485	2.329858898599485
AZD0530	ENSG00000082126	2.3296428465568835	2.3296428465568835	2.3296428465568835
AZD0530	ENSG00000213420	2.329408664345019	2.329408664345019	2.329408664345019
AZD0530	ENSG00000149782	2.3284855685644676	2.3284855685644676	2.3284855685644676
AZD0530	ENSG00000161652	2.327705170320388	2.327705170320388	2.327705170320388
AZD0530	ENSG00000164080	2.327526447694264	2.327526447694264	2.327526447694264
AZD0530	ENSG00000156011	2.326576181664056	2.326576181664056	2.326576181664056
AZD0530	ENSG00000196678	2.32627058363837	2.32627058363837	2.32627058363837
AZD0530	ENSG00000121417	2.325641282409899	2.325641282409899	2.325641282409899
AZD0530	ENSG00000178199	2.324751060183555	2.324751060183555	2.324751060183555
AZD0530	ENSG00000097033	2.3243789609969268	2.3243789609969268	2.3243789609969268
AZD0530	ENSG00000006194	2.323723674626925	2.323723674626925	2.323723674626925
AZD0530	ENSG00000154269	2.3236913565502495	2.3236913565502495	2.3236913565502495
AZD0530	ENSG00000108849	2.3234318298497296	2.3234318298497296	2.3234318298497296
AZD0530	ENSG00000138119	2.3233424373675247	2.3233424373675247	2.3233424373675247
AZD0530	ENSG00000177034	2.322890947943772	2.322890947943772	2.322890947943772
AZD0530	ENSG00000177138	2.3227636001179564	2.3227636001179564	2.3227636001179564
AZD0530	ENSG00000105173	2.322252171725552	2.322252171725552	2.322252171725552
AZD0530	LRG_254	2.3217185312340547	2.3217185312340547	2.3217185312340547
AZD0530	ENSG00000101363	2.321613430000827	2.321613430000827	2.321613430000827
AZD0530	ENSG00000104886	2.3212542953313755	2.3212542953313755	2.3212542953313755
AZD0530	ENSG00000123562	2.32122168290181	2.32122168290181	2.32122168290181
AZD0530	ENSG00000126804	2.320594656778313	2.320594656778313	2.320594656778313
AZD0530	ENSG00000262860	2.320149762608778	2.320149762608778	2.320149762608778
AZD0530	ENSG00000084092	2.3196818828337213	2.3196818828337213	2.3196818828337213
AZD0530	ENSG00000122304	2.3193509835751582	2.3193509835751582	2.3193509835751582
AZD0530	ENSG00000071073	2.318779055862835	2.318779055862835	2.318779055862835
AZD0530	LOC339442	2.3185877118038367	2.3185877118038367	2.3185877118038367
AZD0530	ENSG00000168589	2.3183695233131387	2.3183695233131387	2.3183695233131387
AZD0530	ENSG00000106462	2.3173552555537027	2.3173552555537027	2.3173552555537027
AZD0530	ENSG00000185477	2.316552240060207	2.316552240060207	2.316552240060207
AZD0530	ENSG00000187772	2.3162602079343304	2.3162602079343304	2.3162602079343304
AZD0530	ENSG00000198155	2.3158196669625672	2.3158196669625672	2.3158196669625672
AZD0530	ENSG00000018408	2.3143983306480225	2.3143983306480225	2.3143983306480225
AZD0530	ENSG00000174514	2.3132085772446787	2.3132085772446787	2.3132085772446787
AZD0530	ENSG00000115998	2.3130882577535083	2.3130882577535083	2.3130882577535083
AZD0530	ENSG00000126264	2.3129215265849123	2.3129215265849123	2.3129215265849123
AZD0530	LOC344887	2.3124834575988586	2.3124834575988586	2.3124834575988586
AZD0530	ENSG00000235488	2.3123448270077516	2.3123448270077516	2.3123448270077516
AZD0530	ENSG00000137161	2.3119708851223972	2.3119708851223972	2.3119708851223972
AZD0530	LOC100506354	2.3109201006190294	2.3109201006190294	2.3109201006190294
AZD0530	ENSG00000115524	2.3108387399854626	2.3108387399854626	2.3108387399854626
AZD0530	ENSG00000064199	2.3085932554340083	2.3085932554340083	2.3085932554340083
AZD0530	ENSG00000169442	2.3083150350663635	2.3083150350663635	2.3083150350663635
AZD0530	ENSG00000115107	2.3083143247104694	2.3083143247104694	2.3083143247104694
AZD0530	ENSG00000231408	2.307815888944111	2.307815888944111	2.307815888944111
AZD0530	ENSG00000273850	2.3076970898339115	2.3076970898339115	2.3076970898339115
AZD0530	ENSG00000142046	2.3074077751410016	2.3074077751410016	2.3074077751410016
AZD0530	ENSG00000151693	2.3059296308250916	2.3059296308250916	2.3059296308250916
AZD0530	ENSG00000186395	2.305353413583741	2.305353413583741	2.305353413583741
AZD0530	ENSG00000182308	2.3040854964191055	2.3040854964191055	2.3040854964191055
AZD0530	ENSG00000085224	2.3040534754428283	2.3040534754428283	2.3040534754428283
AZD0530	ENSG00000105722	2.30325364582885	2.30325364582885	2.30325364582885
AZD0530	ENSG00000101126	2.301407333587866	2.301407333587866	2.301407333587866
AZD0530	ENSG00000211801	2.30078031025367	2.30078031025367	2.30078031025367
AZD0530	ENSG00000168658	2.300642719051387	2.300642719051387	2.300642719051387
AZD0530	ENSG00000122591	2.299958409627842	2.299958409627842	2.299958409627842
AZD0530	ENSG00000146005	2.2978480171829174	2.2978480171829174	2.2978480171829174
AZD0530	ENSG00000164488	2.297275699661915	2.297275699661915	2.297275699661915
AZD0530	ENSG00000245694	2.2965092126238797	2.2965092126238797	2.2965092126238797
AZD0530	ENSG00000032219	2.296300406594242	2.296300406594242	2.296300406594242
AZD0530	ENSG00000133106	2.2954547425524856	2.2954547425524856	2.2954547425524856
AZD0530	C19orf10	2.2954277347656444	2.2954277347656444	2.2954277347656444
AZD0530	ENSG00000059769	2.2950207976608823	2.2950207976608823	2.2950207976608823
AZD0530	ENSG00000134668	2.294860383728406	2.294860383728406	2.294860383728406
AZD0530	ENSG00000113648	2.294498583977594	2.294498583977594	2.294498583977594
AZD0530	LOC100506489	2.294384650655084	2.294384650655084	2.294384650655084
AZD0530	ENSG00000099875	2.2942858105737085	2.2942858105737085	2.2942858105737085
AZD0530	ENSG00000130119	2.2937250232697113	2.2937250232697113	2.2937250232697113
AZD0530	ENSG00000105122	2.293174435041744	2.293174435041744	2.293174435041744
AZD0530	ENSG00000165124	2.2930487112587414	2.2930487112587414	2.2930487112587414
AZD0530	ENSG00000242600	2.2922341167274958	2.2922341167274958	2.2922341167274958
AZD0530	ENSG00000156650	2.290839072474653	2.290839072474653	2.290839072474653
AZD0530	ENSG00000068400	2.290101690893036	2.290101690893036	2.290101690893036
AZD0530	ENSG00000196247	2.2900565481883146	2.2900565481883146	2.2900565481883146
AZD0530	ENSG00000011422	2.2893625846794006	2.2893625846794006	2.2893625846794006
AZD0530	ENSG00000143839	2.2891346870747005	2.2891346870747005	2.2891346870747005
AZD0530	ENSG00000049883	2.2878319164994076	2.2878319164994076	2.2878319164994076
AZD0530	ENSG00000072163	2.287275020058716	2.287275020058716	2.287275020058716
AZD0530	ENSG00000231991	2.2865100763215795	2.2865100763215795	2.2865100763215795
AZD0530	AZI1	2.286354214641772	2.286354214641772	2.286354214641772
AZD0530	ENSG00000099889	2.2863432138759627	2.2863432138759627	2.2863432138759627
AZD0530	ENSG00000146463	2.2848860153363124	2.2848860153363124	2.2848860153363124
AZD0530	ENSG00000165169	2.2846790145706852	2.2846790145706852	2.2846790145706852
AZD0530	ENSG00000077454	2.284364616216727	2.284364616216727	2.284364616216727
AZD0530	ENSG00000173744	2.283065905329578	2.283065905329578	2.283065905329578
AZD0530	ENSG00000080511	2.2827745128921544	2.2827745128921544	2.2827745128921544
AZD0530	ENSG00000043462	2.2819171102551334	2.2819171102551334	2.2819171102551334
AZD0530	ENSG00000131808	2.281080528958113	2.281080528958113	2.281080528958113
AZD0530	ENSG00000174132	2.280562664904872	2.280562664904872	2.280562664904872
AZD0530	ENSG00000143748	2.2805318729370008	2.2805318729370008	2.2805318729370008
AZD0530	ENSG00000135372	2.280371986785903	2.280371986785903	2.280371986785903
AZD0530	LOC100507190	2.2796090871267825	2.2796090871267825	2.2796090871267825
AZD0530	ENSG00000128268	2.279383075499938	2.279383075499938	2.279383075499938
AZD0530	ENSG00000175265	2.2777679677740865	2.2777679677740865	2.2777679677740865
AZD0530	ENSG00000080823	2.2774824306909833	2.2774824306909833	2.2774824306909833
AZD0530	ENSG00000273820	2.2770099021348127	2.2770099021348127	2.2770099021348127
AZD0530	C20orf160	2.2768471985169487	2.2768471985169487	2.2768471985169487
AZD0530	ENSG00000262418	2.2760012919290387	2.2760012919290387	2.2760012919290387
AZD0530	CENPC1	2.2757367386061134	2.2757367386061134	2.2757367386061134
AZD0530	ENSG00000143033	2.2751404469681846	2.2751404469681846	2.2751404469681846
AZD0530	ENSG00000197808	2.273460781452793	2.273460781452793	2.273460781452793
AZD0530	ENSG00000117523	2.272150847996614	2.272150847996614	2.272150847996614
AZD0530	ENSG00000124942	2.2714430485712915	2.2714430485712915	2.2714430485712915
AZD0530	ENSG00000155961	2.2712986887383293	2.2712986887383293	2.2712986887383293
AZD0530	ENSG00000147697	2.2703131198865	2.2703131198865	2.2703131198865
AZD0530	ENSG00000167604	2.269569687701706	2.269569687701706	2.269569687701706
AZD0530	ENSG00000081019	2.2695359342757007	2.2695359342757007	2.2695359342757007
AZD0530	ENSG00000115956	2.26898125960157	2.26898125960157	2.26898125960157
AZD0530	ENSG00000099725	2.2682687533035137	2.2682687533035137	2.2682687533035137
AZD0530	ENSG00000136014	2.2673491514012483	2.2673491514012483	2.2673491514012483
AZD0530	ENSG00000175077	2.2673360069011665	2.2673360069011665	2.2673360069011665
AZD0530	ENSG00000109061	2.267053947200354	2.267053947200354	2.267053947200354
AZD0530	ENSG00000121764	2.265805083789128	2.265805083789128	2.265805083789128
AZD0530	ENSG00000165917	2.2652143406883587	2.2652143406883587	2.2652143406883587
AZD0530	LOC100505960	2.265199627298089	2.265199627298089	2.265199627298089
AZD0530	ENSG00000213406	2.2646425745040815	2.2646425745040815	2.2646425745040815
AZD0530	ENSG00000116786	2.2638815340113556	2.2638815340113556	2.2638815340113556
AZD0530	C8orf38	2.261735077266688	2.261735077266688	2.261735077266688
AZD0530	ENSG00000015285	2.2616397081707755	2.2616397081707755	2.2616397081707755
AZD0530	TTC35	2.2612185964140554	2.2612185964140554	2.2612185964140554
AZD0530	ENSG00000007264	2.2609927344880045	2.2609927344880045	2.2609927344880045
AZD0530	ENSG00000166501	2.260579962944288	2.260579962944288	2.260579962944288
AZD0530	ENSG00000139926	2.2605096720889493	2.2605096720889493	2.2605096720889493
AZD0530	C17orf65	2.260290085348983	2.260290085348983	2.260290085348983
AZD0530	ENSG00000236609	2.259655357883596	2.259655357883596	2.259655357883596
AZD0530	ENSG00000237232	2.2596355914471125	2.2596355914471125	2.2596355914471125
AZD0530	ENSG00000196553	2.2596134378673396	2.2596134378673396	2.2596134378673396
AZD0530	ENSG00000196184	2.259119371348672	2.259119371348672	2.259119371348672
AZD0530	ENSG00000035499	2.2590076752119517	2.2590076752119517	2.2590076752119517
AZD0530	ENSG00000136709	2.2589414793614697	2.2589414793614697	2.2589414793614697
AZD0530	ENSG00000171365	2.257660732147818	2.257660732147818	2.257660732147818
AZD0530	ENSG00000175893	2.257652207136655	2.257652207136655	2.257652207136655
AZD0530	ENSG00000154102	2.256776730406357	2.256776730406357	2.256776730406357
AZD0530	ENSG00000139537	2.256640654498828	2.256640654498828	2.256640654498828
AZD0530	ENSG00000229396	2.2565865437972628	2.2565865437972628	2.2565865437972628
AZD0530	ENSG00000106992	2.2564735041397044	2.2564735041397044	2.2564735041397044
AZD0530	ENSG00000120708	2.256366468596605	2.256366468596605	2.256366468596605
AZD0530	ENSG00000086758	2.2556779434818433	2.2556779434818433	2.2556779434818433
AZD0530	ENSG00000083817	2.2540295355606226	2.2540295355606226	2.2540295355606226
AZD0530	ENSG00000105971	2.2534594036042477	2.2534594036042477	2.2534594036042477
AZD0530	ENSG00000131737	2.2531761960141594	2.2531761960141594	2.2531761960141594
AZD0530	ENSG00000113448	2.2531242373834224	2.2531242373834224	2.2531242373834224
AZD0530	LOC100506295	2.253061429838441	2.253061429838441	2.253061429838441
AZD0530	ENSG00000130856	2.252788412429808	2.252788412429808	2.252788412429808
AZD0530	ENSG00000116748	2.25229357177657	2.25229357177657	2.25229357177657
AZD0530	ENSG00000197870	2.2522831912002013	2.2522831912002013	2.2522831912002013
AZD0530	ENSG00000226757	2.25197042113887	2.25197042113887	2.25197042113887
AZD0530	ENSG00000175216	2.2518620670043723	2.2518620670043723	2.2518620670043723
AZD0530	ENSG00000169100	2.2515692708913284	2.2515692708913284	2.2515692708913284
AZD0530	ENSG00000135837	2.2513262458601164	2.2513262458601164	2.2513262458601164
AZD0530	ENSG00000069018	2.2506444769702156	2.2506444769702156	2.2506444769702156
AZD0530	ENSG00000136367	2.2506318028015673	2.2506318028015673	2.2506318028015673
AZD0530	ENSG00000213020	2.2505091320149764	2.2505091320149764	2.2505091320149764
AZD0530	ENSG00000255150	2.2501271093895765	2.2501271093895765	2.2501271093895765
AZD0530	ENSG00000005243	2.2478189575923575	2.2478189575923575	2.2478189575923575
AZD0530	ENSG00000115963	2.2475080196888606	2.2475080196888606	2.2475080196888606
AZD0530	ENSG00000163380	2.2464547040499165	2.2464547040499165	2.2464547040499165
AZD0530	ENSG00000177600	2.2450032915091533	2.2450032915091533	2.2450032915091533
AZD0530	ENSG00000179219	2.2441838693830953	2.2441838693830953	2.2441838693830953
AZD0530	ENSG00000276681	2.24417410149994	2.24417410149994	2.24417410149994
AZD0530	ENSG00000161849	2.243633970013906	2.243633970013906	2.243633970013906
AZD0530	LOC100128511	2.242599148143097	2.242599148143097	2.242599148143097
AZD0530	ENSG00000197496	2.2422235569352464	2.2422235569352464	2.2422235569352464
AZD0530	ENSG00000144843	2.240618717031908	2.240618717031908	2.240618717031908
AZD0530	ENSG00000108479	2.2399843545608262	2.2399843545608262	2.2399843545608262
AZD0530	ENSG00000112130	2.2397421902998325	2.2397421902998325	2.2397421902998325
AZD0530	ENSG00000128159	2.239061788165842	2.239061788165842	2.239061788165842
AZD0530	ENSG00000118620	2.238750958264829	2.238750958264829	2.238750958264829
AZD0530	ENSG00000066056	2.2385755152954605	2.2385755152954605	2.2385755152954605
AZD0530	ENSG00000044446	2.238352456613394	2.238352456613394	2.238352456613394
AZD0530	ENSG00000198612	2.2380052147588048	2.2380052147588048	2.2380052147588048
AZD0530	ENSG00000268460	2.2372281527686484	2.2372281527686484	2.2372281527686484
AZD0530	ENSG00000116898	2.237060486112155	2.237060486112155	2.237060486112155
AZD0530	ENSG00000112425	2.2370322188730722	2.2370322188730722	2.2370322188730722
AZD0530	ENSG00000085998	2.2365888582833717	2.2365888582833717	2.2365888582833717
AZD0530	ENSG00000197409	2.236312280547109	2.236312280547109	2.236312280547109
AZD0530	ENSG00000232957	2.2360846532654444	2.2360846532654444	2.2360846532654444
AZD0530	ENSG00000002330	2.2357622691447316	2.2357622691447316	2.2357622691447316
AZD0530	ENSG00000249992	2.235737656570883	2.235737656570883	2.235737656570883
AZD0530	ENSG00000119715	2.2356249362777993	2.2356249362777993	2.2356249362777993
AZD0530	ENSG00000135763	2.2344769238277684	2.2344769238277684	2.2344769238277684
AZD0530	ENSG00000153250	2.2343078385910164	2.2343078385910164	2.2343078385910164
AZD0530	ENSG00000143799	2.2342285217467364	2.2342285217467364	2.2342285217467364
AZD0530	MLL5	2.2341947074883803	2.2341947074883803	2.2341947074883803
AZD0530	ENSG00000147669	2.2338754541091888	2.2338754541091888	2.2338754541091888
AZD0530	ENSG00000153487	2.233552533397566	2.233552533397566	2.233552533397566
AZD0530	ENSG00000119042	2.233326621682067	2.233326621682067	2.233326621682067
AZD0530	LRG_236	2.233183505030625	2.233183505030625	2.233183505030625
AZD0530	ENSG00000255090	2.2328010584243985	2.2328010584243985	2.2328010584243985
AZD0530	ENSG00000125998	2.2325650616403774	2.2325650616403774	2.2325650616403774
AZD0530	ENSG00000185267	2.231957546633769	2.231957546633769	2.231957546633769
AZD0530	ENSG00000139218	2.2318466550275966	2.2318466550275966	2.2318466550275966
AZD0530	ENSG00000197054	2.2316997228747493	2.2316997228747493	2.2316997228747493
AZD0530	ENSG00000075884	2.2312301745271457	2.2312301745271457	2.2312301745271457
AZD0530	ENSG00000131269	2.2309953728534855	2.2309953728534855	2.2309953728534855
AZD0530	ENSG00000101292	2.230641136338529	2.230641136338529	2.230641136338529
AZD0530	ENSG00000185105	2.2302761477913307	2.2302761477913307	2.2302761477913307
AZD0530	ENSG00000133226	2.2298959203275133	2.2298959203275133	2.2298959203275133
AZD0530	LOC100507652	2.229798658847302	2.229798658847302	2.229798658847302
AZD0530	ENSG00000263961	2.22941114507493	2.22941114507493	2.22941114507493
AZD0530	ENSG00000175550	2.2293294748451227	2.2293294748451227	2.2293294748451227
AZD0530	ENSG00000162745	2.228275475895117	2.228275475895117	2.228275475895117
AZD0530	ENSG00000115947	2.2266216844816644	2.2266216844816644	2.2266216844816644
AZD0530	ENSG00000042286	2.226600788084546	2.226600788084546	2.226600788084546
AZD0530	ENSG00000185186	2.22573576268714	2.22573576268714	2.22573576268714
AZD0530	ENSG00000188868	2.225637991625025	2.225637991625025	2.225637991625025
AZD0530	ENSG00000126088	2.2253623353897796	2.2253623353897796	2.2253623353897796
AZD0530	ENSG00000010030	2.225059029946633	2.225059029946633	2.225059029946633
AZD0530	ENSG00000214215	2.224658691597356	2.224658691597356	2.224658691597356
AZD0530	ENSG00000125861	2.223755601516851	2.223755601516851	2.223755601516851
AZD0530	C21orf128	2.2235890804227547	2.2235890804227547	2.2235890804227547
AZD0530	ENSG00000248905	2.2231164096680116	2.2231164096680116	2.2231164096680116
AZD0530	ENSG00000273993	2.2219505236582298	2.2219505236582298	2.2219505236582298
AZD0530	ENSG00000168454	2.2217756969415547	2.2217756969415547	2.2217756969415547
AZD0530	ENSG00000174437	2.2212972471123145	2.2212972471123145	2.2212972471123145
AZD0530	ENSG00000197860	2.220793749729621	2.220793749729621	2.220793749729621
AZD0530	ENSG00000105877	2.2206907962241225	2.2206907962241225	2.2206907962241225
AZD0530	ENSG00000010704	2.220418588254597	2.220418588254597	2.220418588254597
AZD0530	LRG_159	2.2197109778505935	2.2197109778505935	2.2197109778505935
AZD0530	LOC100506465	2.2196120342097996	2.2196120342097996	2.2196120342097996
AZD0530	LOC100507531	2.2185450492790033	2.2185450492790033	2.2185450492790033
AZD0530	ENSG00000136935	2.2182185496348357	2.2182185496348357	2.2182185496348357
AZD0530	ENSG00000124449	2.2181294518446832	2.2181294518446832	2.2181294518446832
AZD0530	ENSG00000236036	2.217013470354879	2.217013470354879	2.217013470354879
AZD0530	ENSG00000152137	2.2157560693392746	2.2157560693392746	2.2157560693392746
AZD0530	C21orf119	2.215076386302916	2.215076386302916	2.215076386302916
AZD0530	ENSG00000235097	2.2149818882818666	2.2149818882818666	2.2149818882818666
AZD0530	ENSG00000042753	2.2148910342004897	2.2148910342004897	2.2148910342004897
AZD0530	ENSG00000152670	2.2141299143068967	2.2141299143068967	2.2141299143068967
AZD0530	LOC284688	2.2140863325300004	2.2140863325300004	2.2140863325300004
AZD0530	ENSG00000100097	2.213784612592892	2.213784612592892	2.213784612592892
AZD0530	ENSG00000116031	2.212673862027602	2.212673862027602	2.212673862027602
AZD0530	ENSG00000169660	2.211993775850721	2.211993775850721	2.211993775850721
AZD0530	ENSG00000155561	2.21184837763696	2.21184837763696	2.21184837763696
AZD0530	ENSG00000170242	2.2110377697212784	2.2110377697212784	2.2110377697212784
AZD0530	ENSG00000256053	2.208288829910887	2.208288829910887	2.208288829910887
AZD0530	ENSG00000186594	2.2063821836941253	2.2063821836941253	2.2063821836941253
AZD0530	ENSG00000102606	2.206016963037511	2.206016963037511	2.206016963037511
AZD0530	LOC339894	2.205343329613527	2.205343329613527	2.205343329613527
AZD0530	C19orf77	2.204799574840992	2.204799574840992	2.204799574840992
AZD0530	LOC100507265	2.2037444122346934	2.2037444122346934	2.2037444122346934
AZD0530	ENSG00000170624	2.2032422963877694	2.2032422963877694	2.2032422963877694
AZD0530	ENSG00000102078	2.2031969595102514	2.2031969595102514	2.2031969595102514
AZD0530	ENSG00000134318	2.2030904127182054	2.2030904127182054	2.2030904127182054
AZD0530	ENSG00000198937	2.2027854519137557	2.2027854519137557	2.2027854519137557
AZD0530	ENSG00000054967	2.202173161836804	2.202173161836804	2.202173161836804
AZD0530	ENSG00000157851	2.2014828626576715	2.2014828626576715	2.2014828626576715
AZD0530	ENSG00000054148	2.2011380483320133	2.2011380483320133	2.2011380483320133
AZD0530	ENSG00000170965	2.2008493394366284	2.2008493394366284	2.2008493394366284
AZD0530	ENSG00000137955	2.2001770662443256	2.2001770662443256	2.2001770662443256
AZD0530	ENSG00000241644	2.1992821378687135	2.1992821378687135	2.1992821378687135
AZD0530	ENSG00000172500	2.1981368434950785	2.1981368434950785	2.1981368434950785
AZD0530	ENSG00000159409	2.19764084071636	2.19764084071636	2.19764084071636
AZD0530	ENSG00000177994	2.1972699938841243	2.1972699938841243	2.1972699938841243
AZD0530	ENSG00000120733	2.1971346894241393	2.1971346894241393	2.1971346894241393
AZD0530	ENSG00000119689	2.196679063327546	2.196679063327546	2.196679063327546
AZD0530	ENSG00000111711	2.1961038000356394	2.1961038000356394	2.1961038000356394
AZD0530	ENSG00000131686	2.1959087524223166	2.1959087524223166	2.1959087524223166
AZD0530	ENSG00000146047	2.195812430180579	2.195812430180579	2.195812430180579
AZD0530	ENSG00000147144	2.19529767348348	2.19529767348348	2.19529767348348
AZD0530	ENSG00000167641	2.1952845774606273	2.1952845774606273	2.1952845774606273
AZD0530	C7orf44	2.1929750427240666	2.1929750427240666	2.1929750427240666
AZD0530	ENSG00000109756	2.1927193908367655	2.1927193908367655	2.1927193908367655
AZD0530	ENSG00000095383	2.1924367280780244	2.1924367280780244	2.1924367280780244
AZD0530	ENSG00000165555	2.1915671847603293	2.1915671847603293	2.1915671847603293
AZD0530	ENSG00000135144	2.191483459123491	2.191483459123491	2.191483459123491
AZD0530	ENSG00000127561	2.1912992736314143	2.1912992736314143	2.1912992736314143
AZD0530	ENSG00000002549	2.190937224688074	2.190937224688074	2.190937224688074
AZD0530	ENSG00000125538	2.1907134258557064	2.1907134258557064	2.1907134258557064
AZD0530	ENSG00000148154	2.1904766830404987	2.1904766830404987	2.1904766830404987
AZD0530	ENSG00000213215	2.1903316305421274	2.1903316305421274	2.1903316305421274
AZD0530	ENSG00000166049	2.1896440142438496	2.1896440142438496	2.1896440142438496
AZD0530	ENSG00000172831	2.188303919519465	2.188303919519465	2.188303919519465
AZD0530	ENSG00000156675	2.1878325806911776	2.1878325806911776	2.1878325806911776
AZD0530	LOC100129427	2.1876561475476977	2.1876561475476977	2.1876561475476977
AZD0530	LOC100507547	2.1866115432015873	2.1866115432015873	2.1866115432015873
AZD0530	ENSG00000198173	2.18644466531287	2.18644466531287	2.18644466531287
AZD0530	ENSG00000172551	2.1849701828449195	2.1849701828449195	2.1849701828449195
AZD0530	ENSG00000171053	2.1841610310612958	2.1841610310612958	2.1841610310612958
AZD0530	LOC100130938	2.183972943053436	2.183972943053436	2.183972943053436
AZD0530	ENSG00000137936	2.183387052298209	2.183387052298209	2.183387052298209
AZD0530	ENSG00000001167	2.1819848401994544	2.1819848401994544	2.1819848401994544
AZD0530	ENSG00000150637	2.1819390488218073	2.1819390488218073	2.1819390488218073
AZD0530	ENSG00000188295	2.1812091676773924	2.1812091676773924	2.1812091676773924
AZD0530	ENSG00000127334	2.180884433990374	2.180884433990374	2.180884433990374
AZD0530	C1orf65	2.1808170998407688	2.1808170998407688	2.1808170998407688
AZD0530	ENSG00000162236	2.1806435378599796	2.1806435378599796	2.1806435378599796
AZD0530	ENSG00000140506	2.180293043060105	2.180293043060105	2.180293043060105
AZD0530	ENSG00000136918	2.179828949286798	2.179828949286798	2.179828949286798
AZD0530	ENSG00000198265	2.179394470088183	2.179394470088183	2.179394470088183
AZD0530	ENSG00000164691	2.179391728513399	2.179391728513399	2.179391728513399
AZD0530	ENSG00000181450	2.179232952894565	2.179232952894565	2.179232952894565
AZD0530	ENSG00000138741	2.1790479135272056	2.1790479135272056	2.1790479135272056
AZD0530	ENSG00000254122	2.1783550815863415	2.1783550815863415	2.1783550815863415
AZD0530	LOC100507419	2.1773219184265096	2.1773219184265096	2.1773219184265096
AZD0530	ENSG00000221910	2.1767794945555283	2.1767794945555283	2.1767794945555283
AZD0530	ENSG00000078900	2.176262597863725	2.176262597863725	2.176262597863725
AZD0530	ENSG00000141858	2.1754481194238564	2.1754481194238564	2.1754481194238564
AZD0530	ENSG00000104331	2.1747798510383376	2.1747798510383376	2.1747798510383376
AZD0530	HTA	2.174555630030047	2.174555630030047	2.174555630030047
AZD0530	ENSG00000174957	2.174438558803703	2.174438558803703	2.174438558803703
AZD0530	ENSG00000102119	2.174419316370933	2.174419316370933	2.174419316370933
AZD0530	ENSG00000103264	2.1740782456492225	2.1740782456492225	2.1740782456492225
AZD0530	ENSG00000169136	2.1734520713709626	2.1734520713709626	2.1734520713709626
AZD0530	ENSG00000124406	2.172850122958521	2.172850122958521	2.172850122958521
AZD0530	AGPHD1	2.172200735043698	2.172200735043698	2.172200735043698
AZD0530	ENSG00000165264	2.171918505307518	2.171918505307518	2.171918505307518
AZD0530	LOC100507479	2.1716699727982873	2.1716699727982873	2.1716699727982873
AZD0530	ENSG00000222047	2.171420835126141	2.171420835126141	2.171420835126141
AZD0530	LOC255025	2.170977919076183	2.170977919076183	2.170977919076183
AZD0530	ENSG00000108061	2.170915469318041	2.170915469318041	2.170915469318041
AZD0530	ENSG00000146938	2.1703628832506503	2.1703628832506503	2.1703628832506503
AZD0530	ENSG00000187166	2.16999632205809	2.16999632205809	2.16999632205809
AZD0530	LRG_742	2.169943427121826	2.169943427121826	2.169943427121826
AZD0530	ENSG00000278466	2.168441282736134	2.168441282736134	2.168441282736134
AZD0530	LOC100505768	2.1679737119118547	2.1679737119118547	2.1679737119118547
AZD0530	ENSG00000008226	2.167953424790491	2.167953424790491	2.167953424790491
AZD0530	FP588	2.1679115601316084	2.1679115601316084	2.1679115601316084
AZD0530	LOC729506	2.167819886014743	2.167819886014743	2.167819886014743
AZD0530	ENSG00000078804	2.1672853498082416	2.1672853498082416	2.1672853498082416
AZD0530	ENSG00000008869	2.166923772922252	2.166923772922252	2.166923772922252
AZD0530	ENSG00000114200	2.1666674533456938	2.1666674533456938	2.1666674533456938
AZD0530	ENSG00000123154	2.166617519385077	2.166617519385077	2.166617519385077
AZD0530	ENSG00000153214	2.165849122614854	2.165849122614854	2.165849122614854
AZD0530	ENSG00000273666	2.164681916016368	2.164681916016368	2.164681916016368
AZD0530	LOC286114	2.1644922747432163	2.1644922747432163	2.1644922747432163
AZD0530	ENSG00000010810	2.1641050474674146	2.1641050474674146	2.1641050474674146
AZD0530	ENSG00000088930	2.163775309002064	2.163775309002064	2.163775309002064
AZD0530	ENSG00000211584	2.1633225454839518	2.1633225454839518	2.1633225454839518
AZD0530	ENSG00000132424	2.163304727572618	2.163304727572618	2.163304727572618
AZD0530	ENSG00000179869	2.163291705368816	2.163291705368816	2.163291705368816
AZD0530	ENSG00000162413	2.1632740828239814	2.1632740828239814	2.1632740828239814
AZD0530	ENSG00000131061	2.163012902111751	2.163012902111751	2.163012902111751
AZD0530	FLJ39051	2.162953651169931	2.162953651169931	2.162953651169931
AZD0530	LRG_191	2.1627175387182977	2.1627175387182977	2.1627175387182977
AZD0530	ENSG00000127990	2.162651864330372	2.162651864330372	2.162651864330372
AZD0530	LOC100130452	2.1616108847008118	2.1616108847008118	2.1616108847008118
AZD0530	LRG_195	2.161338015174447	2.161338015174447	2.161338015174447
AZD0530	ENSG00000159228	2.1606297983556506	2.1606297983556506	2.1606297983556506
AZD0530	ENSG00000188770	2.1601543779211316	2.1601543779211316	2.1601543779211316
AZD0530	ENSG00000136286	2.158942684826439	2.158942684826439	2.158942684826439
AZD0530	ENSG00000116544	2.1573357650108815	2.1573357650108815	2.1573357650108815
AZD0530	ENSG00000182162	2.156738205638349	2.156738205638349	2.156738205638349
AZD0530	ENSG00000163092	2.1560410541526616	2.1560410541526616	2.1560410541526616
AZD0530	ENSG00000139324	2.1559568739457573	2.1559568739457573	2.1559568739457573
AZD0530	ENSG00000150471	2.155854385215038	2.155854385215038	2.155854385215038
AZD0530	ENSG00000143278	2.1557980310857023	2.1557980310857023	2.1557980310857023
AZD0530	ENSG00000072736	2.1556900655955222	2.1556900655955222	2.1556900655955222
AZD0530	ENSG00000116731	2.155268159360284	2.155268159360284	2.155268159360284
AZD0530	ENSG00000119650	2.154756799282134	2.154756799282134	2.154756799282134
AZD0530	ENSG00000188566	2.153331464070193	2.153331464070193	2.153331464070193
AZD0530	ENSG00000179021	2.1532096412762662	2.1532096412762662	2.1532096412762662
AZD0530	ENSG00000196230	2.1531632557261418	2.1531632557261418	2.1531632557261418
AZD0530	ENSG00000198040	2.152907818121657	2.152907818121657	2.152907818121657
AZD0530	ENSG00000177946	2.1524821187939445	2.1524821187939445	2.1524821187939445
AZD0530	ENSG00000198807	2.1521015128652494	2.1521015128652494	2.1521015128652494
AZD0530	ENSG00000023287	2.1512776604378105	2.1512776604378105	2.1512776604378105
AZD0530	ENSG00000078596	2.1505084035861306	2.1505084035861306	2.1505084035861306
AZD0530	ENSG00000162595	2.1501143533309492	2.1501143533309492	2.1501143533309492
AZD0530	ENSG00000134594	2.150072053410023	2.150072053410023	2.150072053410023
AZD0530	ENSG00000198074	2.150042030318966	2.150042030318966	2.150042030318966
AZD0530	ENSG00000159763	2.1495047459306194	2.1495047459306194	2.1495047459306194
AZD0530	ENSG00000181007	2.1479332960064297	2.1479332960064297	2.1479332960064297
AZD0530	ENSG00000096063	2.147903779126708	2.147903779126708	2.147903779126708
AZD0530	ENSG00000137075	2.146986259921855	2.146986259921855	2.146986259921855
AZD0530	ENSG00000139973	2.146939950445088	2.146939950445088	2.146939950445088
AZD0530	ENSG00000102924	2.146763061805321	2.146763061805321	2.146763061805321
AZD0530	LRG_702	2.146755389760444	2.146755389760444	2.146755389760444
AZD0530	ENSG00000160877	2.1466530645969417	2.1466530645969417	2.1466530645969417
AZD0530	LOC339166	2.146624755907854	2.146624755907854	2.146624755907854
AZD0530	ENSG00000174599	2.1461918904103254	2.1461918904103254	2.1461918904103254
AZD0530	IL8	2.1460141279514273	2.1460141279514273	2.1460141279514273
AZD0530	C22orf26	2.1455973382228697	2.1455973382228697	2.1455973382228697
AZD0530	ENSG00000140691	2.1453686342837255	2.1453686342837255	2.1453686342837255
AZD0530	ENSG00000168081	2.144990899271914	2.144990899271914	2.144990899271914
AZD0530	LOC100507066	2.1442260007995335	2.1442260007995335	2.1442260007995335
AZD0530	LOC100505928	2.1426683726830977	2.1426683726830977	2.1426683726830977
AZD0530	ENSG00000137098	2.1426610647266924	2.1426610647266924	2.1426610647266924
AZD0530	ENSG00000270647	2.142039687338191	2.142039687338191	2.142039687338191
AZD0530	ENSG00000132256	2.1411966395203272	2.1411966395203272	2.1411966395203272
AZD0530	ENSG00000170485	2.140916741994982	2.140916741994982	2.140916741994982
AZD0530	ENSG00000126003	2.1406743920314057	2.1406743920314057	2.1406743920314057
AZD0530	LOC100306951	2.1406372288285267	2.1406372288285267	2.1406372288285267
AZD0530	LOC100506258	2.139659609660071	2.139659609660071	2.139659609660071
AZD0530	ENSG00000142867	2.1395397937748193	2.1395397937748193	2.1395397937748193
AZD0530	ENSG00000161551	2.1395290394699953	2.1395290394699953	2.1395290394699953
AZD0530	ENSG00000185792	2.1393814026794327	2.1393814026794327	2.1393814026794327
AZD0530	ENSG00000198342	2.138984348815579	2.138984348815579	2.138984348815579
AZD0530	ENSG00000121716	2.1386298443589946	2.1386298443589946	2.1386298443589946
AZD0530	ENSG00000196821	2.1385197577553128	2.1385197577553128	2.1385197577553128
AZD0530	ENSG00000047315	2.1382318740796746	2.1382318740796746	2.1382318740796746
AZD0530	ENSG00000099399	2.1376527144197786	2.1376527144197786	2.1376527144197786
AZD0530	LOC154822	2.137594864059157	2.137594864059157	2.137594864059157
AZD0530	ENSG00000203795	2.137416942088341	2.137416942088341	2.137416942088341
AZD0530	ENSG00000138434	2.1373122878445616	2.1373122878445616	2.1373122878445616
AZD0530	ENSG00000174749	2.137067471427781	2.137067471427781	2.137067471427781
AZD0530	ENSG00000214717	2.136993132829013	2.136993132829013	2.136993132829013
AZD0530	ENSG00000135747	2.1368002622759317	2.1368002622759317	2.1368002622759317
AZD0530	ENSG00000179841	2.1365299408781357	2.1365299408781357	2.1365299408781357
AZD0530	ENSG00000154262	2.1361494672604686	2.1361494672604686	2.1361494672604686
AZD0530	ENSG00000136161	2.1352068193896723	2.1352068193896723	2.1352068193896723
AZD0530	ENSG00000073803	2.1340908243629344	2.1340908243629344	2.1340908243629344
AZD0530	ENSG00000085733	2.1336587839078502	2.1336587839078502	2.1336587839078502
AZD0530	ENSG00000068354	2.133521866416169	2.133521866416169	2.133521866416169
AZD0530	LOC100130522	2.133039914715146	2.133039914715146	2.133039914715146
AZD0530	ENSG00000213402	2.132912422866736	2.132912422866736	2.132912422866736
AZD0530	LOC727944	2.131948248815539	2.131948248815539	2.131948248815539
AZD0530	ENSG00000167851	2.13167522537569	2.13167522537569	2.13167522537569
AZD0530	ENSG00000225362	2.131584599190351	2.131584599190351	2.131584599190351
AZD0530	C9orf30	2.131520172463867	2.131520172463867	2.131520172463867
AZD0530	ENSG00000130528	2.1309509987403543	2.1309509987403543	2.1309509987403543
AZD0530	ENSG00000151952	2.130289883192701	2.130289883192701	2.130289883192701
AZD0530	ENSG00000162738	2.129670474976449	2.129670474976449	2.129670474976449
AZD0530	ENSG00000186767	2.129660139683655	2.129660139683655	2.129660139683655
AZD0530	ENSG00000118257	2.1289246087092666	2.1289246087092666	2.1289246087092666
AZD0530	ENSG00000104368	2.128431093913673	2.128431093913673	2.128431093913673
AZD0530	ENSG00000235769	2.1282391004542323	2.1282391004542323	2.1282391004542323
AZD0530	ENSG00000121104	2.1282327580083567	2.1282327580083567	2.1282327580083567
AZD0530	ENSG00000102178	2.1281853749677366	2.1281853749677366	2.1281853749677366
AZD0530	ENSG00000134070	2.1280906688126153	2.1280906688126153	2.1280906688126153
AZD0530	ENSG00000157741	2.1280713802242457	2.1280713802242457	2.1280713802242457
AZD0530	ENSG00000117281	2.1277890096794985	2.1277890096794985	2.1277890096794985
AZD0530	ENSG00000048544	2.1277499819582526	2.1277499819582526	2.1277499819582526
AZD0530	ENSG00000145864	2.1274337205898752	2.1274337205898752	2.1274337205898752
AZD0530	ENSG00000142583	2.127141246996845	2.127141246996845	2.127141246996845
AZD0530	ENSG00000159023	2.125618203947099	2.125618203947099	2.125618203947099
AZD0530	ENSG00000176381	2.12560476346412	2.12560476346412	2.12560476346412
AZD0530	ENSG00000170075	2.1255751770651425	2.1255751770651425	2.1255751770651425
AZD0530	ENSG00000165891	2.125436101001433	2.125436101001433	2.125436101001433
AZD0530	ENSG00000136011	2.1251648097606592	2.1251648097606592	2.1251648097606592
AZD0530	ENSG00000111859	2.12437799312974	2.12437799312974	2.12437799312974
AZD0530	ENSG00000119446	2.1235115558883657	2.1235115558883657	2.1235115558883657
AZD0530	LOC727869	2.12330670633077	2.12330670633077	2.12330670633077
AZD0530	ENSG00000142279	2.1232720808567844	2.1232720808567844	2.1232720808567844
AZD0530	ENSG00000178409	2.122559505740389	2.122559505740389	2.122559505740389
AZD0530	ENSG00000151491	2.122386960559189	2.122386960559189	2.122386960559189
AZD0530	ENSG00000164949	2.121609535090481	2.121609535090481	2.121609535090481
AZD0530	MGC16142	2.121589189570401	2.121589189570401	2.121589189570401
AZD0530	ENSG00000147050	2.1215643379524827	2.1215643379524827	2.1215643379524827
AZD0530	ENSG00000163464	2.12156377069737	2.12156377069737	2.12156377069737
AZD0530	ENSG00000108819	2.1213249040714053	2.1213249040714053	2.1213249040714053
AZD0530	ENSG00000204524	2.1212999479740553	2.1212999479740553	2.1212999479740553
AZD0530	ENSG00000163154	2.1211690277897035	2.1211690277897035	2.1211690277897035
AZD0530	ENSG00000176678	2.120856815660127	2.120856815660127	2.120856815660127
AZD0530	ENSG00000111481	2.1206672303848553	2.1206672303848553	2.1206672303848553
AZD0530	ENSG00000132517	2.1206663738705176	2.1206663738705176	2.1206663738705176
AZD0530	ENSG00000107672	2.1205862380138076	2.1205862380138076	2.1205862380138076
AZD0530	ENSG00000119778	2.120063606569744	2.120063606569744	2.120063606569744
AZD0530	ENSG00000170955	2.119916813214679	2.119916813214679	2.119916813214679
AZD0530	ENSG00000104290	2.1194376100631334	2.1194376100631334	2.1194376100631334
AZD0530	ENSG00000185808	2.1194303235643863	2.1194303235643863	2.1194303235643863
AZD0530	ENSG00000213029	2.11942743965962	2.11942743965962	2.11942743965962
AZD0530	ENSG00000151475	2.119045386335328	2.119045386335328	2.119045386335328
AZD0530	ENSG00000147231	2.1190031351860243	2.1190031351860243	2.1190031351860243
AZD0530	ENSG00000174996	2.1185227138548046	2.1185227138548046	2.1185227138548046
AZD0530	ENSG00000178175	2.1177082594813945	2.1177082594813945	2.1177082594813945
AZD0530	ENSG00000119906	2.1173806551832177	2.1173806551832177	2.1173806551832177
AZD0530	LOC284276	2.116784871007826	2.116784871007826	2.116784871007826
AZD0530	C20orf26	2.1163775453514067	2.1163775453514067	2.1163775453514067
AZD0530	ENSG00000183878	2.116140928762349	2.116140928762349	2.116140928762349
AZD0530	LRG_96	2.116066109102627	2.116066109102627	2.116066109102627
AZD0530	ENSG00000177108	2.1159893828716028	2.1159893828716028	2.1159893828716028
AZD0530	ENSG00000163623	2.1145342315564464	2.1145342315564464	2.1145342315564464
AZD0530	LRG_386	2.11430363410721	2.11430363410721	2.11430363410721
AZD0530	ENSG00000160633	2.1138340473576713	2.1138340473576713	2.1138340473576713
AZD0530	LOC100507278	2.1137150339858874	2.1137150339858874	2.1137150339858874
AZD0530	ENSG00000176853	2.1135288563120995	2.1135288563120995	2.1135288563120995
AZD0530	LOC100505650	2.1119149940979107	2.1119149940979107	2.1119149940979107
AZD0530	ENSG00000165879	2.1118912565132035	2.1118912565132035	2.1118912565132035
AZD0530	ENSG00000187013	2.111876931230745	2.111876931230745	2.111876931230745
AZD0530	ENSG00000182378	2.1117191043395858	2.1117191043395858	2.1117191043395858
AZD0530	ENSG00000120903	2.111691193074952	2.111691193074952	2.111691193074952
AZD0530	ENSG00000173546	2.1109511455609167	2.1109511455609167	2.1109511455609167
AZD0530	ENSG00000110717	2.110666194163388	2.110666194163388	2.110666194163388
AZD0530	KIAA1967	2.11064805789176	2.11064805789176	2.11064805789176
AZD0530	ENSG00000170836	2.1105628197509825	2.1105628197509825	2.1105628197509825
AZD0530	ENSG00000133256	2.110415852325866	2.110415852325866	2.110415852325866
AZD0530	ENSG00000100077	2.110374964805996	2.110374964805996	2.110374964805996
AZD0530	C7orf10	2.110020165370793	2.110020165370793	2.110020165370793
AZD0530	ENSG00000155307	2.109769280872798	2.109769280872798	2.109769280872798
AZD0530	ENSG00000124788	2.109468007678629	2.109468007678629	2.109468007678629
AZD0530	ENSG00000162624	2.109025899017382	2.109025899017382	2.109025899017382
AZD0530	LOC286367	2.1084479103247378	2.1084479103247378	2.1084479103247378
AZD0530	ENSG00000127586	2.107654437683328	2.107654437683328	2.107654437683328
AZD0530	ENSG00000134352	2.1075271483838915	2.1075271483838915	2.1075271483838915
AZD0530	ENSG00000112183	2.106923002908212	2.106923002908212	2.106923002908212
AZD0530	ENSG00000197594	2.1062509316320157	2.1062509316320157	2.1062509316320157
AZD0530	ENSG00000167685	2.105922121864055	2.105922121864055	2.105922121864055
AZD0530	ENSG00000143486	2.105741373061395	2.105741373061395	2.105741373061395
AZD0530	ENSG00000205927	2.105658913445429	2.105658913445429	2.105658913445429
AZD0530	ENSG00000175697	2.1045269094627823	2.1045269094627823	2.1045269094627823
AZD0530	ENSG00000117983	2.1044916658725827	2.1044916658725827	2.1044916658725827
AZD0530	ENSG00000188158	2.103338967299408	2.103338967299408	2.103338967299408
AZD0530	ENSG00000103365	2.103148525476198	2.103148525476198	2.103148525476198
AZD0530	LOC283050	2.102520816639682	2.102520816639682	2.102520816639682
AZD0530	ENSG00000119523	2.1018836401055956	2.1018836401055956	2.1018836401055956
AZD0530	ENSG00000234539	2.10176395532179	2.10176395532179	2.10176395532179
AZD0530	ENSG00000164294	2.1010863105616178	2.1010863105616178	2.1010863105616178
AZD0530	ENSG00000055208	2.1003131525645022	2.1003131525645022	2.1003131525645022
AZD0530	ENSG00000112186	2.1000164701575703	2.1000164701575703	2.1000164701575703
AZD0530	ENSG00000013583	2.099207125863651	2.099207125863651	2.099207125863651
AZD0530	ENSG00000166377	2.0989759965965304	2.0989759965965304	2.0989759965965304
AZD0530	ENSG00000138669	2.09894499666752	2.09894499666752	2.09894499666752
AZD0530	LOC339290	2.098473100808407	2.098473100808407	2.098473100808407
AZD0530	ENSG00000101542	2.098380776462246	2.098380776462246	2.098380776462246
AZD0530	ENSG00000164111	2.0976066643977327	2.0976066643977327	2.0976066643977327
AZD0530	ENSG00000204052	2.0973676772432266	2.0973676772432266	2.0973676772432266
AZD0530	ENSG00000164520	2.0967599001243253	2.0967599001243253	2.0967599001243253
AZD0530	ENSG00000100300	2.096456854548758	2.096456854548758	2.096456854548758
AZD0530	ENSG00000278373	2.0964515857073507	2.0964515857073507	2.0964515857073507
AZD0530	ENSG00000164287	2.096388595936064	2.096388595936064	2.096388595936064
AZD0530	ENSG00000147168	2.0961444311190567	2.0961444311190567	2.0961444311190567
AZD0530	LOC284578	2.095465568642345	2.095465568642345	2.095465568642345
AZD0530	ENSG00000273079	2.0954498873306844	2.0954498873306844	2.0954498873306844
AZD0530	ENSG00000160584	2.09518375862675	2.09518375862675	2.09518375862675
AZD0530	LOC100132987	2.0951075409258713	2.0951075409258713	2.0951075409258713
AZD0530	ENSG00000166589	2.0948909602276413	2.0948909602276413	2.0948909602276413
AZD0530	MLL4	2.094811936066547	2.094811936066547	2.094811936066547
AZD0530	ENSG00000183837	2.0946154455438806	2.0946154455438806	2.0946154455438806
AZD0530	ENSG00000116574	2.0945872979129683	2.0945872979129683	2.0945872979129683
AZD0530	ENSG00000082781	2.094524381191328	2.094524381191328	2.094524381191328
AZD0530	ENSG00000181171	2.0941418489518755	2.0941418489518755	2.0941418489518755
AZD0530	ENSG00000113649	2.0936307120081863	2.0936307120081863	2.0936307120081863
AZD0530	ENSG00000107164	2.093479165653822	2.093479165653822	2.093479165653822
AZD0530	ENSG00000101945	2.0934361986195844	2.0934361986195844	2.0934361986195844
AZD0530	ENSG00000127472	2.0933755966224266	2.0933755966224266	2.0933755966224266
AZD0530	LOC100506104	2.0930477399028398	2.0930477399028398	2.0930477399028398
AZD0530	ENSG00000076043	2.092537391652397	2.092537391652397	2.092537391652397
AZD0530	ENSG00000130997	2.0921400427813666	2.0921400427813666	2.0921400427813666
AZD0530	ENSG00000158816	2.0918722112917054	2.0918722112917054	2.0918722112917054
AZD0530	ENSG00000172943	2.0914499464320375	2.0914499464320375	2.0914499464320375
AZD0530	ENSG00000141627	2.090913823349309	2.090913823349309	2.090913823349309
AZD0530	ENSG00000120860	2.0898910312499175	2.0898910312499175	2.0898910312499175
AZD0530	ENSG00000152582	2.0897497451011082	2.0897497451011082	2.0897497451011082
AZD0530	ENSG00000104833	2.0890354590940805	2.0890354590940805	2.0890354590940805
AZD0530	ENSG00000130433	2.0878664735686425	2.0878664735686425	2.0878664735686425
AZD0530	ENSG00000168795	2.087662642536101	2.087662642536101	2.087662642536101
AZD0530	ENSG00000158714	2.0875416646910865	2.0875416646910865	2.0875416646910865
AZD0530	ENSG00000144278	2.0869849788013815	2.0869849788013815	2.0869849788013815
AZD0530	ENSG00000162631	2.0866320630842328	2.0866320630842328	2.0866320630842328
AZD0530	ENSG00000163689	2.0863293065246555	2.0863293065246555	2.0863293065246555
AZD0530	ENSG00000083814	2.086157087630436	2.086157087630436	2.086157087630436
AZD0530	ENSG00000147140	2.085658211515429	2.085658211515429	2.085658211515429
AZD0530	ENSG00000102362	2.0856422258744827	2.0856422258744827	2.0856422258744827
AZD0530	STL	2.084616974586115	2.084616974586115	2.084616974586115
AZD0530	ENSG00000040608	2.083823085037804	2.083823085037804	2.083823085037804
AZD0530	ENSG00000143815	2.0836698846075286	2.0836698846075286	2.0836698846075286
AZD0530	ENSG00000196141	2.083631009399522	2.083631009399522	2.083631009399522
AZD0530	ENSG00000071564	2.082774236628109	2.082774236628109	2.082774236628109
AZD0530	KIAA1609	2.0825489864104756	2.0825489864104756	2.0825489864104756
AZD0530	ENSG00000125637	2.081997236643828	2.081997236643828	2.081997236643828
AZD0530	ENSG00000122432	2.0819657025185667	2.0819657025185667	2.0819657025185667
AZD0530	ENSG00000115687	2.0819626164664573	2.0819626164664573	2.0819626164664573
AZD0530	ENSG00000127241	2.0817694636641138	2.0817694636641138	2.0817694636641138
AZD0530	ENSG00000197969	2.0812428079909853	2.0812428079909853	2.0812428079909853
AZD0530	ENSG00000196396	2.0806286556122964	2.0806286556122964	2.0806286556122964
AZD0530	ENSG00000142149	2.080007725301284	2.080007725301284	2.080007725301284
AZD0530	ENSG00000103544	2.0798139587267386	2.0798139587267386	2.0798139587267386
AZD0530	ENSG00000118412	2.079601321080991	2.079601321080991	2.079601321080991
AZD0530	ENSG00000099864	2.079500877130857	2.079500877130857	2.079500877130857
AZD0530	ENSG00000100209	2.0792147998122963	2.0792147998122963	2.0792147998122963
AZD0530	ENSG00000174446	2.0782360878381727	2.0782360878381727	2.0782360878381727
AZD0530	ENSG00000163516	2.077661353275888	2.077661353275888	2.077661353275888
AZD0530	ENSG00000122121	2.0775826045111163	2.0775826045111163	2.0775826045111163
AZD0530	LOC100507568	2.0775810472445086	2.0775810472445086	2.0775810472445086
AZD0530	ENSG00000139187	2.0765870484880598	2.0765870484880598	2.0765870484880598
AZD0530	ENSG00000100968	2.0759836462567045	2.0759836462567045	2.0759836462567045
AZD0530	ENSG00000114742	2.075230932812528	2.075230932812528	2.075230932812528
AZD0530	ENSG00000092345	2.07396766161892	2.07396766161892	2.07396766161892
AZD0530	ENSG00000141506	2.073651327052502	2.073651327052502	2.073651327052502
AZD0530	ENSG00000149150	2.0734626961745706	2.0734626961745706	2.0734626961745706
AZD0530	C14orf166B	2.072782416223696	2.072782416223696	2.072782416223696
AZD0530	ENSG00000137878	2.0727670967411274	2.0727670967411274	2.0727670967411274
AZD0530	ENSG00000197951	2.0723917640352534	2.0723917640352534	2.0723917640352534
AZD0530	LRG_62	2.072157717209283	2.072157717209283	2.072157717209283
AZD0530	ENSG00000197563	2.0715041393892295	2.0715041393892295	2.0715041393892295
AZD0530	ENSG00000162040	2.0712668170014785	2.0712668170014785	2.0712668170014785
AZD0530	ENSG00000062282	2.071042198761376	2.071042198761376	2.071042198761376
AZD0530	ENSG00000155093	2.0702556271876835	2.0702556271876835	2.0702556271876835
AZD0530	ENSG00000171217	2.069871345539271	2.069871345539271	2.069871345539271
AZD0530	ENSG00000140451	2.0695997388490204	2.0695997388490204	2.0695997388490204
AZD0530	ENSG00000135999	2.069556095329872	2.069556095329872	2.069556095329872
AZD0530	ENSG00000061273	2.0677214215815822	2.0677214215815822	2.0677214215815822
AZD0530	ENSG00000132746	2.0677194847342264	2.0677194847342264	2.0677194847342264
AZD0530	ENSG00000112167	2.067468470277649	2.067468470277649	2.067468470277649
AZD0530	ENSG00000102265	2.0665860141257757	2.0665860141257757	2.0665860141257757
AZD0530	ENSG00000267534	2.0661841908266467	2.0661841908266467	2.0661841908266467
AZD0530	ENSG00000223865	2.064990704178061	2.064990704178061	2.064990704178061
AZD0530	ENSG00000278272	2.0649664365420963	2.0649664365420963	2.0649664365420963
AZD0530	ENSG00000165338	2.0641731824655083	2.0641731824655083	2.0641731824655083
AZD0530	LOC221122	2.0640507430438952	2.0640507430438952	2.0640507430438952
AZD0530	ENSG00000112782	2.0636162386315666	2.0636162386315666	2.0636162386315666
AZD0530	ENSG00000185753	2.0635294301585465	2.0635294301585465	2.0635294301585465
AZD0530	ENSG00000185043	2.0634113733653043	2.0634113733653043	2.0634113733653043
AZD0530	ENSG00000138964	2.063219507989013	2.063219507989013	2.063219507989013
AZD0530	ENSG00000182931	2.062148586453236	2.062148586453236	2.062148586453236
AZD0530	ENSG00000281614	2.0610954360639693	2.0610954360639693	2.0610954360639693
AZD0530	ENSG00000173210	2.0609052267170744	2.0609052267170744	2.0609052267170744
AZD0530	ENSG00000124104	2.060693701102618	2.060693701102618	2.060693701102618
AZD0530	ENSG00000179046	2.060491246719754	2.060491246719754	2.060491246719754
AZD0530	ENSG00000129467	2.0601897775198212	2.0601897775198212	2.0601897775198212
AZD0530	ENSG00000129353	2.0590741497888776	2.0590741497888776	2.0590741497888776
AZD0530	ENSG00000171453	2.0588861417852806	2.0588861417852806	2.0588861417852806
AZD0530	ENSG00000100577	2.0588572738161637	2.0588572738161637	2.0588572738161637
AZD0530	ENSG00000281919	2.0582095433278416	2.0582095433278416	2.0582095433278416
AZD0530	ENSG00000139292	2.058068499559045	2.058068499559045	2.058068499559045
AZD0530	C16orf11	2.0580228821116298	2.0580228821116298	2.0580228821116298
AZD0530	ENSG00000008300	2.0576324110995072	2.0576324110995072	2.0576324110995072
AZD0530	ENSG00000128262	2.0570685814001055	2.0570685814001055	2.0570685814001055
AZD0530	ENSG00000159082	2.055979300052878	2.055979300052878	2.055979300052878
AZD0530	ENSG00000178307	2.05589550425937	2.05589550425937	2.05589550425937
AZD0530	ENSG00000116147	2.055769106271822	2.055769106271822	2.055769106271822
AZD0530	ENSG00000187051	2.055442367494059	2.055442367494059	2.055442367494059
AZD0530	ENSG00000160182	2.055313305069267	2.055313305069267	2.055313305069267
AZD0530	ENSG00000136631	2.0551189239127465	2.0551189239127465	2.0551189239127465
AZD0530	ENSG00000183566	2.0549707713047236	2.0549707713047236	2.0549707713047236
AZD0530	FAM82B	2.0548046871671186	2.0548046871671186	2.0548046871671186
AZD0530	ENSG00000153923	2.054653107319303	2.054653107319303	2.054653107319303
AZD0530	ENSG00000230461	2.0542870010500365	2.0542870010500365	2.0542870010500365
AZD0530	ENSG00000172466	2.0541589603215056	2.0541589603215056	2.0541589603215056
AZD0530	ENSG00000165494	2.0540784886401697	2.0540784886401697	2.0540784886401697
AZD0530	ENSG00000124160	2.054010134722386	2.054010134722386	2.054010134722386
AZD0530	ENSG00000072818	2.0533357273098467	2.0533357273098467	2.0533357273098467
AZD0530	ENSG00000280529	2.053186502490931	2.053186502490931	2.053186502490931
AZD0530	ENSG00000182968	2.0530292798366916	2.0530292798366916	2.0530292798366916
AZD0530	ENSG00000185513	2.052873324248941	2.052873324248941	2.052873324248941
AZD0530	ENSG00000083750	2.0523181370782586	2.0523181370782586	2.0523181370782586
AZD0530	ENSG00000135404	2.0520633683928233	2.0520633683928233	2.0520633683928233
AZD0530	ENSG00000230876	2.0518996788346398	2.0518996788346398	2.0518996788346398
AZD0530	ENSG00000138606	2.051672031687868	2.051672031687868	2.051672031687868
AZD0530	ENSG00000182566	2.051612950328493	2.051612950328493	2.051612950328493
AZD0530	ENSG00000101856	2.050932018180962	2.050932018180962	2.050932018180962
AZD0530	ENSG00000159753	2.0508005303325683	2.0508005303325683	2.0508005303325683
AZD0530	ENSG00000092009	2.0506632892837313	2.0506632892837313	2.0506632892837313
AZD0530	ENSG00000148219	2.0505351078597807	2.0505351078597807	2.0505351078597807
AZD0530	ENSG00000165119	2.0503379644114914	2.0503379644114914	2.0503379644114914
AZD0530	ENSG00000005810	2.0492517090321165	2.0492517090321165	2.0492517090321165
AZD0530	ENSG00000164933	2.0489609207369055	2.0489609207369055	2.0489609207369055
AZD0530	ENSG00000203581	2.0486137236290096	2.0486137236290096	2.0486137236290096
AZD0530	ENSG00000165379	2.0484838107762497	2.0484838107762497	2.0484838107762497
AZD0530	ENSG00000269821	2.047350687771459	2.047350687771459	2.047350687771459
AZD0530	ENSG00000162722	2.0471595900823543	2.0471595900823543	2.0471595900823543
AZD0530	ENSG00000154143	2.0468492047599343	2.0468492047599343	2.0468492047599343
AZD0530	ENSG00000111913	2.0466963514571828	2.0466963514571828	2.0466963514571828
AZD0530	ENSG00000170004	2.0466210365148725	2.0466210365148725	2.0466210365148725
AZD0530	ENSG00000066455	2.045472003564618	2.045472003564618	2.045472003564618
AZD0530	ENSG00000174206	2.045200454746146	2.045200454746146	2.045200454746146
AZD0530	ENSG00000107242	2.044633063570398	2.044633063570398	2.044633063570398
AZD0530	ENSG00000080298	2.044529308305287	2.044529308305287	2.044529308305287
AZD0530	ENSG00000198046	2.0441470772165626	2.0441470772165626	2.0441470772165626
AZD0530	ENSG00000247315	2.043642378198301	2.043642378198301	2.043642378198301
AZD0530	ENSG00000125650	2.0436153864149746	2.0436153864149746	2.0436153864149746
AZD0530	ENSG00000112214	2.043438472700082	2.043438472700082	2.043438472700082
AZD0530	ENSG00000101204	2.042204568453058	2.042204568453058	2.042204568453058
AZD0530	SLC9A11	2.041962336108357	2.041962336108357	2.041962336108357
AZD0530	ENSG00000155111	2.0412394828074514	2.0412394828074514	2.0412394828074514
AZD0530	ENSG00000197471	2.04100786020493	2.04100786020493	2.04100786020493
AZD0530	ENSG00000185022	2.040800550748344	2.040800550748344	2.040800550748344
AZD0530	ENSG00000132671	2.040276710549083	2.040276710549083	2.040276710549083
AZD0530	LOC100505481	2.040159395052586	2.040159395052586	2.040159395052586
AZD0530	ENSG00000144909	2.0400807118017483	2.0400807118017483	2.0400807118017483
AZD0530	ENSG00000121270	2.040057539854998	2.040057539854998	2.040057539854998
AZD0530	ENSG00000146083	2.039971978750889	2.039971978750889	2.039971978750889
AZD0530	KIAA1274	2.039149177878665	2.039149177878665	2.039149177878665
AZD0530	ENSG00000153147	2.03880366208154	2.03880366208154	2.03880366208154
AZD0530	ENSG00000153495	2.038437365783145	2.038437365783145	2.038437365783145
AZD0530	ENSG00000179097	2.0377811002527726	2.0377811002527726	2.0377811002527726
AZD0530	ENSG00000007171	2.0374283880057584	2.0374283880057584	2.0374283880057584
AZD0530	ENSG00000078061	2.036499932656399	2.036499932656399	2.036499932656399
AZD0530	ENSG00000262655	2.035518869367808	2.035518869367808	2.035518869367808
AZD0530	ENSG00000007402	2.035424910292582	2.035424910292582	2.035424910292582
AZD0530	ENSG00000101639	2.0352430070821463	2.0352430070821463	2.0352430070821463
AZD0530	ENSG00000186665	2.034275155354325	2.034275155354325	2.034275155354325
AZD0530	ENSG00000155849	2.0342751260719023	2.0342751260719023	2.0342751260719023
AZD0530	C8orf83	2.0339255440883868	2.0339255440883868	2.0339255440883868
AZD0530	ENSG00000171703	2.033693914284439	2.033693914284439	2.033693914284439
AZD0530	ENSG00000039139	2.0331116610425215	2.0331116610425215	2.0331116610425215
AZD0530	ENSG00000124103	2.0323583451080784	2.0323583451080784	2.0323583451080784
AZD0530	ENSG00000180336	2.0320942555110397	2.0320942555110397	2.0320942555110397
AZD0530	ENSG00000100368	2.0310838135665104	2.0310838135665104	2.0310838135665104
AZD0530	ENSG00000163081	2.030875633139556	2.030875633139556	2.030875633139556
AZD0530	ENSG00000120278	2.0305911467111684	2.0305911467111684	2.0305911467111684
AZD0530	ENSG00000112282	2.029164488460857	2.029164488460857	2.029164488460857
AZD0530	LOC200261	2.028915889953183	2.028915889953183	2.028915889953183
AZD0530	ENSG00000134287	2.028240903040778	2.028240903040778	2.028240903040778
AZD0530	ENSG00000197345	2.028089092642108	2.028089092642108	2.028089092642108
AZD0530	ENSG00000118855	2.027738017360189	2.027738017360189	2.027738017360189
AZD0530	ENSG00000176182	2.027550901738486	2.027550901738486	2.027550901738486
AZD0530	LOC157381	2.026975198466598	2.026975198466598	2.026975198466598
AZD0530	ENSG00000167766	2.0268383858854895	2.0268383858854895	2.0268383858854895
AZD0530	ENSG00000186716	2.0259953115728013	2.0259953115728013	2.0259953115728013
AZD0530	ENSG00000204673	2.0256877634461663	2.0256877634461663	2.0256877634461663
AZD0530	ENSG00000090565	2.0253937732542933	2.0253937732542933	2.0253937732542933
AZD0530	ENSG00000095209	2.024858907214045	2.024858907214045	2.024858907214045
AZD0530	ENSG00000143119	2.024773393579222	2.024773393579222	2.024773393579222
AZD0530	ENSG00000262896	2.0244218034762747	2.0244218034762747	2.0244218034762747
AZD0530	ENSG00000139168	2.022455144510359	2.022455144510359	2.022455144510359
AZD0530	ENSG00000160563	2.0223702955981464	2.0223702955981464	2.0223702955981464
AZD0530	ENSG00000119787	2.022278997412959	2.022278997412959	2.022278997412959
AZD0530	LOC201651	2.022151186456663	2.022151186456663	2.022151186456663
AZD0530	ENSG00000099953	2.0209482445464992	2.0209482445464992	2.0209482445464992
AZD0530	ENSG00000185608	2.0206846136873406	2.0206846136873406	2.0206846136873406
AZD0530	ENSG00000196547	2.0197703921168193	2.0197703921168193	2.0197703921168193
AZD0530	ENSG00000162695	2.0194813471256037	2.0194813471256037	2.0194813471256037
AZD0530	ENSG00000111962	2.0192439116200926	2.0192439116200926	2.0192439116200926
AZD0530	ENSG00000113758	2.0188022522645626	2.0188022522645626	2.0188022522645626
AZD0530	ENSG00000138834	2.0187756234945975	2.0187756234945975	2.0187756234945975
AZD0530	ENSG00000156427	2.018627426044175	2.018627426044175	2.018627426044175
AZD0530	C14orf149	2.0182186214187268	2.0182186214187268	2.0182186214187268
AZD0530	ENSG00000126952	2.0180033947022906	2.0180033947022906	2.0180033947022906
AZD0530	ENSG00000106113	2.017122318714521	2.017122318714521	2.017122318714521
AZD0530	LOC100130987	2.016305101042521	2.016305101042521	2.016305101042521
AZD0530	ENSG00000188385	2.0162696102740085	2.0162696102740085	2.0162696102740085
AZD0530	ENSG00000163421	2.0160889436298124	2.0160889436298124	2.0160889436298124
AZD0530	ENSG00000130779	2.0157616067781547	2.0157616067781547	2.0157616067781547
AZD0530	ENSG00000104714	2.015718906740339	2.015718906740339	2.015718906740339
AZD0530	ENSG00000180424	2.0148126781465043	2.0148126781465043	2.0148126781465043
AZD0530	ENSG00000221994	2.0146802110860667	2.0146802110860667	2.0146802110860667
AZD0530	ENSG00000265107	2.0144157028762155	2.0144157028762155	2.0144157028762155
AZD0530	ENSG00000111321	2.014388467148932	2.014388467148932	2.014388467148932
AZD0530	ENSG00000095917	2.0141804275865485	2.0141804275865485	2.0141804275865485
AZD0530	LOC100506459	2.014161056593729	2.014161056593729	2.014161056593729
AZD0530	ENSG00000254087	2.0127543235509893	2.0127543235509893	2.0127543235509893
AZD0530	ENSG00000156162	2.012549938616793	2.012549938616793	2.012549938616793
AZD0530	ENSG00000158748	2.0121419084016763	2.0121419084016763	2.0121419084016763
AZD0530	ENSG00000161847	2.0109960975383507	2.0109960975383507	2.0109960975383507
AZD0530	ENSG00000234965	2.0108888640003117	2.0108888640003117	2.0108888640003117
AZD0530	ENSG00000177084	2.01075713335962	2.01075713335962	2.01075713335962
AZD0530	ENSG00000113657	2.0103422990418083	2.0103422990418083	2.0103422990418083
AZD0530	ENSG00000122194	2.0100787202123653	2.0100787202123653	2.0100787202123653
AZD0530	ENSG00000117013	2.0098998595252366	2.0098998595252366	2.0098998595252366
AZD0530	ENSG00000176692	2.0086474076773078	2.0086474076773078	2.0086474076773078
AZD0530	LOC285577	2.008181119105327	2.008181119105327	2.008181119105327
AZD0530	LRG_80	2.007933693901822	2.007933693901822	2.007933693901822
AZD0530	ENSG00000165288	2.007694503135767	2.007694503135767	2.007694503135767
AZD0530	ENSG00000196367	2.007365483660163	2.007365483660163	2.007365483660163
AZD0530	ENSG00000172007	2.0072563205630676	2.0072563205630676	2.0072563205630676
AZD0530	ENSG00000188643	2.0069269638928118	2.0069269638928118	2.0069269638928118
AZD0530	ENSG00000168016	2.0068582708387246	2.0068582708387246	2.0068582708387246
AZD0530	ENSG00000178685	2.006487326951175	2.006487326951175	2.006487326951175
AZD0530	ENSG00000120725	2.0053697650518267	2.0053697650518267	2.0053697650518267
AZD0530	ENSG00000133739	2.004895590169646	2.004895590169646	2.004895590169646
AZD0530	ENSG00000153814	2.0046446315344078	2.0046446315344078	2.0046446315344078
AZD0530	CCDC19	2.004094663361165	2.004094663361165	2.004094663361165
AZD0530	ENSG00000158526	2.0036244712769453	2.0036244712769453	2.0036244712769453
AZD0530	ENSG00000161328	2.0022284138795947	2.0022284138795947	2.0022284138795947
AZD0530	ENSG00000179855	2.0017726922749466	2.0017726922749466	2.0017726922749466
AZD0530	ENSG00000143570	2.0013815378175983	2.0013815378175983	2.0013815378175983
AZD0530	ENSG00000007306	2.0008721142714014	2.0008721142714014	2.0008721142714014
AZD0530	ENSG00000123329	1.9998236932546833	1.9998236932546833	1.9998236932546833
AZD0530	ENSG00000213523	1.999357840900061	1.999357840900061	1.999357840900061
AZD0530	ENSG00000064607	1.9990211198136836	1.9990211198136836	1.9990211198136836
AZD0530	ENSG00000143493	1.998450477634239	1.998450477634239	1.998450477634239
AZD0530	ENSG00000196683	1.998437115994194	1.998437115994194	1.998437115994194
AZD0530	ENSG00000143476	1.998013731436554	1.998013731436554	1.998013731436554
AZD0530	ENSG00000197632	1.99795624849824	1.99795624849824	1.99795624849824
AZD0530	ENSG00000171163	1.9979518470151478	1.9979518470151478	1.9979518470151478
AZD0530	ENSG00000163285	1.9971329974482128	1.9971329974482128	1.9971329974482128
AZD0530	ENSG00000030419	1.9969036634167148	1.9969036634167148	1.9969036634167148
AZD0530	ENSG00000278693	1.9967979254794266	1.9967979254794266	1.9967979254794266
AZD0530	ENSG00000197125	1.9964951303916518	1.9964951303916518	1.9964951303916518
AZD0530	ENSG00000138764	1.9957639609307714	1.9957639609307714	1.9957639609307714
AZD0530	ENSG00000179542	1.9956608696787432	1.9956608696787432	1.9956608696787432
AZD0530	ENSG00000185946	1.9954231035413985	1.9954231035413985	1.9954231035413985
AZD0530	ENSG00000162300	1.9946734060450164	1.9946734060450164	1.9946734060450164
AZD0530	ENSG00000123415	1.9945495982761976	1.9945495982761976	1.9945495982761976
AZD0530	ENSG00000141664	1.9942767162972206	1.9942767162972206	1.9942767162972206
AZD0530	ENSG00000197497	1.9942238824719647	1.9942238824719647	1.9942238824719647
AZD0530	ENSG00000124813	1.9933770712764591	1.9933770712764591	1.9933770712764591
AZD0530	ENSG00000110583	1.9929369907442314	1.9929369907442314	1.9929369907442314
AZD0530	ENSG00000141867	1.992887893504439	1.992887893504439	1.992887893504439
AZD0530	ENSG00000174348	1.992697475506057	1.992697475506057	1.992697475506057
AZD0530	ENSG00000171425	1.9923266984838675	1.9923266984838675	1.9923266984838675
AZD0530	ENSG00000157578	1.9922618039062896	1.9922618039062896	1.9922618039062896
AZD0530	ENSG00000162878	1.991559153121287	1.991559153121287	1.991559153121287
AZD0530	ENSG00000157224	1.991347834126869	1.991347834126869	1.991347834126869
AZD0530	ENSG00000196743	1.991107109213724	1.991107109213724	1.991107109213724
AZD0530	ENSG00000144130	1.9908618797938273	1.9908618797938273	1.9908618797938273
AZD0530	WHSC2	1.990806510286346	1.990806510286346	1.990806510286346
AZD0530	ENSG00000118308	1.9907633511076377	1.9907633511076377	1.9907633511076377
AZD0530	ENSG00000112759	1.9904782420409217	1.9904782420409217	1.9904782420409217
AZD0530	SRG7	1.9904148190715647	1.9904148190715647	1.9904148190715647
AZD0530	ENSG00000129744	1.9902170390853333	1.9902170390853333	1.9902170390853333
AZD0530	ENSG00000111605	1.989823466624323	1.989823466624323	1.989823466624323
AZD0530	ENSG00000146247	1.9897628225541728	1.9897628225541728	1.9897628225541728
AZD0530	ENSG00000116014	1.9893829539775043	1.9893829539775043	1.9893829539775043
AZD0530	ENSG00000147123	1.9893168732763982	1.9893168732763982	1.9893168732763982
AZD0530	ENSG00000120162	1.9890360371903764	1.9890360371903764	1.9890360371903764
AZD0530	ENSG00000198569	1.9888640485058604	1.9888640485058604	1.9888640485058604
AZD0530	ENSG00000164283	1.9885813261903453	1.9885813261903453	1.9885813261903453
AZD0530	ENSG00000196449	1.9884527563024084	1.9884527563024084	1.9884527563024084
AZD0530	ENSG00000161298	1.9883609822505428	1.9883609822505428	1.9883609822505428
AZD0530	ENSG00000186409	1.988337603125947	1.988337603125947	1.988337603125947
AZD0530	ENSG00000183067	1.9882776841883187	1.9882776841883187	1.9882776841883187
AZD0530	ENSG00000188996	1.9881446966697296	1.9881446966697296	1.9881446966697296
AZD0530	ENSG00000183864	1.9880398769659071	1.9880398769659071	1.9880398769659071
AZD0530	ENSG00000129028	1.987994156526705	1.987994156526705	1.987994156526705
AZD0530	ENSG00000089472	1.9867259397005799	1.9867259397005799	1.9867259397005799
AZD0530	ENSG00000065491	1.986545980818672	1.986545980818672	1.986545980818672
AZD0530	ENSG00000175213	1.9863603153624991	1.9863603153624991	1.9863603153624991
AZD0530	ENSG00000175857	1.9860940539421181	1.9860940539421181	1.9860940539421181
AZD0530	LOC284798	1.9860790054787762	1.9860790054787762	1.9860790054787762
AZD0530	ENSG00000184344	1.9857732743705803	1.9857732743705803	1.9857732743705803
AZD0530	ENSG00000119771	1.9857281866628078	1.9857281866628078	1.9857281866628078
AZD0530	ENSG00000146038	1.9856686953295464	1.9856686953295464	1.9856686953295464
AZD0530	ENSG00000186867	1.9852627986410054	1.9852627986410054	1.9852627986410054
AZD0530	ENSG00000129351	1.9839053742805646	1.9839053742805646	1.9839053742805646
AZD0530	ENSG00000104881	1.9828050885813442	1.9828050885813442	1.9828050885813442
AZD0530	ENSG00000174945	1.9827565117350183	1.9827565117350183	1.9827565117350183
AZD0530	ENSG00000178974	1.9825819425099724	1.9825819425099724	1.9825819425099724
AZD0530	ENSG00000243496	1.982461282986088	1.982461282986088	1.982461282986088
AZD0530	ENSG00000165370	1.9818466423556365	1.9818466423556365	1.9818466423556365
AZD0530	ENSG00000174579	1.9817463904234263	1.9817463904234263	1.9817463904234263
AZD0530	ENSG00000096717	1.9815338423728877	1.9815338423728877	1.9815338423728877
AZD0530	ENSG00000171843	1.9813997495839069	1.9813997495839069	1.9813997495839069
AZD0530	C20orf7	1.981200765562968	1.981200765562968	1.981200765562968
AZD0530	ENSG00000211937	1.9809983267299953	1.9809983267299953	1.9809983267299953
AZD0530	ENSG00000227908	1.9808477019265789	1.9808477019265789	1.9808477019265789
AZD0530	ENSG00000144395	1.9807294924334762	1.9807294924334762	1.9807294924334762
AZD0530	ENSG00000125823	1.9806292029775725	1.9806292029775725	1.9806292029775725
AZD0530	ENSG00000009954	1.9798597621174299	1.9798597621174299	1.9798597621174299
AZD0530	ENSG00000123360	1.9795717625153324	1.9795717625153324	1.9795717625153324
AZD0530	ENSG00000123689	1.97893660196878	1.97893660196878	1.97893660196878
AZD0530	ENSG00000167378	1.9788754297457447	1.9788754297457447	1.9788754297457447
AZD0530	ENSG00000156273	1.9787689948340532	1.9787689948340532	1.9787689948340532
AZD0530	ENSG00000119285	1.9786623378915618	1.9786623378915618	1.9786623378915618
AZD0530	ENSG00000106367	1.97844571918738	1.97844571918738	1.97844571918738
AZD0530	ENSG00000066294	1.9783889893620212	1.9783889893620212	1.9783889893620212
AZD0530	ENSG00000101955	1.9780974736627033	1.9780974736627033	1.9780974736627033
AZD0530	ENSG00000147586	1.9779648788651012	1.9779648788651012	1.9779648788651012
AZD0530	ENSG00000153574	1.9771634950733552	1.9771634950733552	1.9771634950733552
AZD0530	ENSG00000163297	1.9768564277417333	1.9768564277417333	1.9768564277417333
AZD0530	ENSG00000151490	1.976673360128751	1.976673360128751	1.976673360128751
AZD0530	ENSG00000196757	1.976416542111741	1.976416542111741	1.976416542111741
AZD0530	ENSG00000157106	1.9762498852233843	1.9762498852233843	1.9762498852233843
AZD0530	ENSG00000054654	1.9759792281778057	1.9759792281778057	1.9759792281778057
AZD0530	ENSG00000076108	1.9759696640740394	1.9759696640740394	1.9759696640740394
AZD0530	ENSG00000152242	1.9759101094211442	1.9759101094211442	1.9759101094211442
AZD0530	ENSG00000255302	1.9752564330920472	1.9752564330920472	1.9752564330920472
AZD0530	ENSG00000179766	1.9748861702319964	1.9748861702319964	1.9748861702319964
AZD0530	ENSG00000183160	1.9748040435855976	1.9748040435855976	1.9748040435855976
AZD0530	ENSG00000096092	1.9747743994243931	1.9747743994243931	1.9747743994243931
AZD0530	ENSG00000128313	1.974409753295317	1.974409753295317	1.974409753295317
AZD0530	ENSG00000007392	1.9741561019836142	1.9741561019836142	1.9741561019836142
AZD0530	ENSG00000176371	1.9741400090332575	1.9741400090332575	1.9741400090332575
AZD0530	ENSG00000143643	1.9740224088326792	1.9740224088326792	1.9740224088326792
AZD0530	ENSG00000171346	1.9735601396233875	1.9735601396233875	1.9735601396233875
AZD0530	ENSG00000188010	1.9733331282744975	1.9733331282744975	1.9733331282744975
AZD0530	ENSG00000172209	1.9732748166883585	1.9732748166883585	1.9732748166883585
AZD0530	LOC100507423	1.972605194258989	1.972605194258989	1.972605194258989
AZD0530	ENSG00000100100	1.9715424714327436	1.9715424714327436	1.9715424714327436
AZD0530	ENSG00000135253	1.971502038691232	1.971502038691232	1.971502038691232
AZD0530	ENSG00000203950	1.9708171677006652	1.9708171677006652	1.9708171677006652
AZD0530	ENSG00000143256	1.9706399753660224	1.9706399753660224	1.9706399753660224
AZD0530	ENSG00000181826	1.9705144344957595	1.9705144344957595	1.9705144344957595
AZD0530	ENSG00000019582	1.9704608340245051	1.9704608340245051	1.9704608340245051
AZD0530	ENSG00000236901	1.9701319135546562	1.9701319135546562	1.9701319135546562
AZD0530	ENSG00000129173	1.9698992288170583	1.9698992288170583	1.9698992288170583
AZD0530	ENSG00000152443	1.9698238505470191	1.9698238505470191	1.9698238505470191
AZD0530	ENSG00000126768	1.9697389141264083	1.9697389141264083	1.9697389141264083
AZD0530	ENSG00000105767	1.9693699007362115	1.9693699007362115	1.9693699007362115
AZD0530	ENSG00000103375	1.96891799271474	1.96891799271474	1.96891799271474
AZD0530	ENSG00000102974	1.96888522056693	1.96888522056693	1.96888522056693
AZD0530	ENSG00000167371	1.9687117133106535	1.9687117133106535	1.9687117133106535
AZD0530	ENSG00000164530	1.968005502429237	1.968005502429237	1.968005502429237
AZD0530	ENSG00000155313	1.967589713840247	1.967589713840247	1.967589713840247
AZD0530	ENSG00000130783	1.966858405868221	1.966858405868221	1.966858405868221
AZD0530	ENSG00000138675	1.9666344793204342	1.9666344793204342	1.9666344793204342
AZD0530	ENSG00000164946	1.9664277188091386	1.9664277188091386	1.9664277188091386
AZD0530	ENSG00000095321	1.966421593263464	1.966421593263464	1.966421593263464
AZD0530	ENSG00000068831	1.9658602917126868	1.9658602917126868	1.9658602917126868
AZD0530	ENSG00000224939	1.9657509776107684	1.9657509776107684	1.9657509776107684
AZD0530	ENSG00000128512	1.9656522192522647	1.9656522192522647	1.9656522192522647
AZD0530	ENSG00000164465	1.9655584398000667	1.9655584398000667	1.9655584398000667
AZD0530	LOC100506289	1.9654189937113973	1.9654189937113973	1.9654189937113973
AZD0530	C1orf182	1.965174993433612	1.965174993433612	1.965174993433612
AZD0530	LOC730184	1.965070601818435	1.965070601818435	1.965070601818435
AZD0530	ENSG00000090924	1.9646755052609766	1.9646755052609766	1.9646755052609766
AZD0530	ENSG00000196227	1.9646040007024008	1.9646040007024008	1.9646040007024008
AZD0530	ENSG00000100351	1.9640724044131348	1.9640724044131348	1.9640724044131348
AZD0530	LOC100653004	1.9640448407526774	1.9640448407526774	1.9640448407526774
AZD0530	ENSG00000154832	1.9639979998085613	1.9639979998085613	1.9639979998085613
AZD0530	ENSG00000112599	1.96397263517521	1.96397263517521	1.96397263517521
AZD0530	ENSG00000188176	1.962773954573453	1.962773954573453	1.962773954573453
AZD0530	ENSG00000012174	1.9621665998675843	1.9621665998675843	1.9621665998675843
AZD0530	C2orf84	1.9619389820062492	1.9619389820062492	1.9619389820062492
AZD0530	ENSG00000149380	1.9614634106116458	1.9614634106116458	1.9614634106116458
AZD0530	ENSG00000103064	1.9613607655789562	1.9613607655789562	1.9613607655789562
AZD0530	ENSG00000107560	1.9610951052496401	1.9610951052496401	1.9610951052496401
AZD0530	ENSG00000140939	1.96057220378054	1.96057220378054	1.96057220378054
AZD0530	LOC285401	1.9602480830653675	1.9602480830653675	1.9602480830653675
AZD0530	ENSG00000141956	1.960078256308397	1.960078256308397	1.960078256308397
AZD0530	ENSG00000171433	1.9584858840016905	1.9584858840016905	1.9584858840016905
AZD0530	ENSG00000136930	1.957957829172576	1.957957829172576	1.957957829172576
AZD0530	MGC11082	1.9572993893741264	1.9572993893741264	1.9572993893741264
AZD0530	ENSG00000155926	1.9570800137862998	1.9570800137862998	1.9570800137862998
AZD0530	ENSG00000204548	1.9569987759292313	1.9569987759292313	1.9569987759292313
AZD0530	C4orf49	1.9562729289604526	1.9562729289604526	1.9562729289604526
AZD0530	LRG_35	1.95622782075408	1.95622782075408	1.95622782075408
AZD0530	ENSG00000180998	1.9559493638057697	1.9559493638057697	1.9559493638057697
AZD0530	ENSG00000119397	1.955892993699489	1.955892993699489	1.955892993699489
AZD0530	ENSG00000129295	1.9551175899230957	1.9551175899230957	1.9551175899230957
AZD0530	ENSG00000130147	1.9543628864584053	1.9543628864584053	1.9543628864584053
AZD0530	ENSG00000280837	1.9543291709765056	1.9543291709765056	1.9543291709765056
AZD0530	ENSG00000018236	1.9543014620394008	1.9543014620394008	1.9543014620394008
AZD0530	ENSG00000139899	1.9542154960867673	1.9542154960867673	1.9542154960867673
AZD0530	ENSG00000206281	1.9538232192250131	1.9538232192250131	1.9538232192250131
AZD0530	GPR77	1.9538094938954236	1.9538094938954236	1.9538094938954236
AZD0530	ENSG00000102225	1.9536823769005367	1.9536823769005367	1.9536823769005367
AZD0530	ENSG00000110318	1.953599541190629	1.953599541190629	1.953599541190629
AZD0530	ENSG00000105835	1.953527887052639	1.953527887052639	1.953527887052639
AZD0530	ENSG00000087152	1.9533871057114343	1.9533871057114343	1.9533871057114343
AZD0530	ENSG00000116903	1.9531113386708738	1.9531113386708738	1.9531113386708738
AZD0530	ENSG00000124795	1.9523734614471735	1.9523734614471735	1.9523734614471735
AZD0530	ENSG00000157778	1.9518670707614627	1.9518670707614627	1.9518670707614627
AZD0530	C1orf201	1.9514509104588476	1.9514509104588476	1.9514509104588476
AZD0530	LOC415056	1.951402484091341	1.951402484091341	1.951402484091341
AZD0530	ENSG00000107968	1.9513513881948308	1.9513513881948308	1.9513513881948308
AZD0530	LOC284080	1.951257971701082	1.951257971701082	1.951257971701082
AZD0530	ENSG00000132321	1.9512217214896295	1.9512217214896295	1.9512217214896295
AZD0530	ENSG00000143156	1.9509559381893582	1.9509559381893582	1.9509559381893582
AZD0530	ENSG00000130338	1.9508034002426375	1.9508034002426375	1.9508034002426375
AZD0530	LOC100506733	1.950772314221799	1.950772314221799	1.950772314221799
AZD0530	ENSG00000180817	1.9507489694740596	1.9507489694740596	1.9507489694740596
AZD0530	ENSG00000070190	1.9502283342598998	1.9502283342598998	1.9502283342598998
AZD0530	ENSG00000146054	1.949515793459488	1.949515793459488	1.949515793459488
AZD0530	ENSG00000105889	1.9495014360202978	1.9495014360202978	1.9495014360202978
AZD0530	ENSG00000099308	1.9490665374775247	1.9490665374775247	1.9490665374775247
AZD0530	ENSG00000134321	1.9488374684308891	1.9488374684308891	1.9488374684308891
AZD0530	ENSG00000091409	1.948509410358522	1.948509410358522	1.948509410358522
AZD0530	ENSG00000156968	1.9483064536537802	1.9483064536537802	1.9483064536537802
AZD0530	ENSG00000167779	1.9473977757820569	1.9473977757820569	1.9473977757820569
AZD0530	ENSG00000179902	1.947178541264825	1.947178541264825	1.947178541264825
AZD0530	ENSG00000061656	1.9463137622643807	1.9463137622643807	1.9463137622643807
AZD0530	ENSG00000083457	1.9463111245865334	1.9463111245865334	1.9463111245865334
AZD0530	ENSG00000177363	1.9455449565146732	1.9455449565146732	1.9455449565146732
AZD0530	ENSG00000125931	1.9452552215360954	1.9452552215360954	1.9452552215360954
AZD0530	ENSG00000135924	1.9451518107187473	1.9451518107187473	1.9451518107187473
AZD0530	ENSG00000197444	1.9450648188053057	1.9450648188053057	1.9450648188053057
AZD0530	ENSG00000120256	1.944802774735569	1.944802774735569	1.944802774735569
AZD0530	ENSG00000114854	1.944643971839924	1.944643971839924	1.944643971839924
AZD0530	ENSG00000107897	1.944169743096803	1.944169743096803	1.944169743096803
AZD0530	ENSG00000242950	1.943692700937403	1.943692700937403	1.943692700937403
AZD0530	ENSG00000204366	1.943445044764937	1.943445044764937	1.943445044764937
AZD0530	ENSG00000124571	1.9421934839852755	1.9421934839852755	1.9421934839852755
AZD0530	ENSG00000160767	1.94217706270853	1.94217706270853	1.94217706270853
AZD0530	ENSG00000104894	1.941370271846032	1.941370271846032	1.941370271846032
AZD0530	ENSG00000198768	1.9409734125811233	1.9409734125811233	1.9409734125811233
AZD0530	FXC1	1.9402239348662498	1.9402239348662498	1.9402239348662498
AZD0530	ENSG00000183304	1.9401683400747514	1.9401683400747514	1.9401683400747514
AZD0530	ENSG00000005844	1.9400836716906373	1.9400836716906373	1.9400836716906373
AZD0530	KIAA0748	1.9387543886712835	1.9387543886712835	1.9387543886712835
AZD0530	ENSG00000078687	1.938338084706144	1.938338084706144	1.938338084706144
AZD0530	ENSG00000168421	1.9381796964010873	1.9381796964010873	1.9381796964010873
AZD0530	ENSG00000100441	1.9376869270392791	1.9376869270392791	1.9376869270392791
AZD0530	ENSG00000197757	1.9375009887706751	1.9375009887706751	1.9375009887706751
AZD0530	ENSG00000172031	1.9373080730075356	1.9373080730075356	1.9373080730075356
AZD0530	ENSG00000164938	1.9370689890334645	1.9370689890334645	1.9370689890334645
AZD0530	ENSG00000115649	1.9369663175066143	1.9369663175066143	1.9369663175066143
AZD0530	ENSG00000111726	1.936915428262659	1.936915428262659	1.936915428262659
AZD0530	ENSG00000105732	1.9363270326123934	1.9363270326123934	1.9363270326123934
AZD0530	ENSG00000160062	1.9358781767290951	1.9358781767290951	1.9358781767290951
AZD0530	ENSG00000116001	1.935844892907469	1.935844892907469	1.935844892907469
AZD0530	ENSG00000165029	1.934878149135469	1.934878149135469	1.934878149135469
AZD0530	LOC100506288	1.934757195511297	1.934757195511297	1.934757195511297
AZD0530	ENSG00000102543	1.9347548431708057	1.9347548431708057	1.9347548431708057
AZD0530	ENSG00000113739	1.934425274144016	1.934425274144016	1.934425274144016
AZD0530	ENSG00000165091	1.9344170031694279	1.9344170031694279	1.9344170031694279
AZD0530	FLJ21369	1.934235250152724	1.934235250152724	1.934235250152724
AZD0530	ENSG00000155508	1.9340762880584996	1.9340762880584996	1.9340762880584996
AZD0530	ENSG00000231672	1.933845203160678	1.933845203160678	1.933845203160678
AZD0530	ENSG00000171421	1.9336346365923758	1.9336346365923758	1.9336346365923758
AZD0530	ENSG00000279566	1.933201963906691	1.933201963906691	1.933201963906691
AZD0530	LRG_665	1.9330539705370755	1.9330539705370755	1.9330539705370755
AZD0530	ENSG00000087088	1.9329130717091954	1.9329130717091954	1.9329130717091954
AZD0530	ENSG00000104897	1.932758678424047	1.932758678424047	1.932758678424047
AZD0530	LOC284751	1.93261962709044	1.93261962709044	1.93261962709044
AZD0530	ENSG00000186889	1.9325626145075212	1.9325626145075212	1.9325626145075212
AZD0530	CSDA	1.931869313958575	1.931869313958575	1.931869313958575
AZD0530	ENSG00000221978	1.9309283259885197	1.9309283259885197	1.9309283259885197
AZD0530	ENSG00000266524	1.9306982991677784	1.9306982991677784	1.9306982991677784
AZD0530	ENSG00000174460	1.9302777640766289	1.9302777640766289	1.9302777640766289
AZD0530	ENSG00000136238	1.9296986255806612	1.9296986255806612	1.9296986255806612
AZD0530	ENSG00000177548	1.929644174431627	1.929644174431627	1.929644174431627
AZD0530	ENSG00000236279	1.9292922430277675	1.9292922430277675	1.9292922430277675
AZD0530	ENSG00000012124	1.9288893630962543	1.9288893630962543	1.9288893630962543
AZD0530	ENSG00000124588	1.9287442426211783	1.9287442426211783	1.9287442426211783
AZD0530	ENSG00000112394	1.9282777421104789	1.9282777421104789	1.9282777421104789
AZD0530	ENSG00000243927	1.9278596178073826	1.9278596178073826	1.9278596178073826
AZD0530	ENSG00000119541	1.927765040780916	1.927765040780916	1.927765040780916
AZD0530	ENSG00000120289	1.927702614211415	1.927702614211415	1.927702614211415
AZD0530	ENSG00000170776	1.9269176369027756	1.9269176369027756	1.9269176369027756
AZD0530	ENSG00000081870	1.9268568440493337	1.9268568440493337	1.9268568440493337
AZD0530	ENSG00000165794	1.9266729277561268	1.9266729277561268	1.9266729277561268
AZD0530	ENSG00000118564	1.9264639357201416	1.9264639357201416	1.9264639357201416
AZD0530	ENSG00000163687	1.926014174017576	1.926014174017576	1.926014174017576
AZD0530	ENSG00000117461	1.9259713317685003	1.9259713317685003	1.9259713317685003
AZD0530	ENSG00000100266	1.9259176541411327	1.9259176541411327	1.9259176541411327
AZD0530	ENSG00000175573	1.9256019469901537	1.9256019469901537	1.9256019469901537
AZD0530	ENSG00000112964	1.9255609440349537	1.9255609440349537	1.9255609440349537
AZD0530	ENSG00000229558	1.9250791747534879	1.9250791747534879	1.9250791747534879
AZD0530	C16orf5	1.9250429885032505	1.9250429885032505	1.9250429885032505
AZD0530	ENSG00000158555	1.9249373165865502	1.9249373165865502	1.9249373165865502
AZD0530	ENSG00000214827	1.9239820293804868	1.9239820293804868	1.9239820293804868
AZD0530	ENSG00000156795	1.923714028072173	1.923714028072173	1.923714028072173
AZD0530	ENSG00000134588	1.9237027910842677	1.9237027910842677	1.9237027910842677
AZD0530	ENSG00000072501	1.922897490359821	1.922897490359821	1.922897490359821
AZD0530	ENSG00000171067	1.9224626109794065	1.9224626109794065	1.9224626109794065
AZD0530	ENSG00000197646	1.9218448717039098	1.9218448717039098	1.9218448717039098
AZD0530	ENSG00000276644	1.9214875729260856	1.9214875729260856	1.9214875729260856
AZD0530	ENSG00000007062	1.920551473031591	1.920551473031591	1.920551473031591
AZD0530	ENSG00000152284	1.920464414003333	1.920464414003333	1.920464414003333
AZD0530	ENSG00000178607	1.9194146504688754	1.9194146504688754	1.9194146504688754
AZD0530	ENSG00000175166	1.9186679152429982	1.9186679152429982	1.9186679152429982
AZD0530	LOC100507630	1.9184937399239703	1.9184937399239703	1.9184937399239703
AZD0530	ENSG00000185000	1.9184495215889124	1.9184495215889124	1.9184495215889124
AZD0530	ENSG00000135776	1.9184163200055275	1.9184163200055275	1.9184163200055275
AZD0530	ENSG00000154553	1.9183665101307952	1.9183665101307952	1.9183665101307952
AZD0530	ENSG00000168615	1.9182425914207055	1.9182425914207055	1.9182425914207055
AZD0530	ENSG00000167674	1.917842334603202	1.917842334603202	1.917842334603202
AZD0530	ENSG00000132824	1.9175334089170724	1.9175334089170724	1.9175334089170724
AZD0530	ENSG00000086061	1.9172383600095448	1.9172383600095448	1.9172383600095448
AZD0530	ENSG00000048649	1.9163418350288126	1.9163418350288126	1.9163418350288126
AZD0530	ENSG00000197021	1.9161664918597108	1.9161664918597108	1.9161664918597108
AZD0530	ENSG00000141568	1.9161175945436884	1.9161175945436884	1.9161175945436884
AZD0530	LOC100506231	1.916005078095343	1.916005078095343	1.916005078095343
AZD0530	ENSG00000176731	1.9159976077446088	1.9159976077446088	1.9159976077446088
AZD0530	ENSG00000138722	1.9159258562259542	1.9159258562259542	1.9159258562259542
AZD0530	ENSG00000101746	1.9157482369788668	1.9157482369788668	1.9157482369788668
AZD0530	ENSG00000143595	1.9155225873205937	1.9155225873205937	1.9155225873205937
AZD0530	ENSG00000277603	1.915514139707463	1.915514139707463	1.915514139707463
AZD0530	ENSG00000073614	1.9151316966813914	1.9151316966813914	1.9151316966813914
AZD0530	ENSG00000227855	1.9148421574602525	1.9148421574602525	1.9148421574602525
AZD0530	ENSG00000130332	1.914534097737837	1.914534097737837	1.914534097737837
AZD0530	LOC100133039	1.9144520075886866	1.9144520075886866	1.9144520075886866
AZD0530	ENSG00000102445	1.913986237629556	1.913986237629556	1.913986237629556
AZD0530	LOC158696	1.913777442418409	1.913777442418409	1.913777442418409
AZD0530	ENSG00000135052	1.9132588106373067	1.9132588106373067	1.9132588106373067
AZD0530	ENSG00000101150	1.9129350960622922	1.9129350960622922	1.9129350960622922
AZD0530	ENSG00000156738	1.9128893017118083	1.9128893017118083	1.9128893017118083
AZD0530	MGC34800	1.912719407256185	1.912719407256185	1.912719407256185
AZD0530	ENSG00000211779	1.9120711671595467	1.9120711671595467	1.9120711671595467
AZD0530	FLJ40852	1.9120261382127093	1.9120261382127093	1.9120261382127093
AZD0530	ENSG00000108878	1.9115051101394807	1.9115051101394807	1.9115051101394807
AZD0530	ENSG00000106991	1.9115011559009025	1.9115011559009025	1.9115011559009025
AZD0530	ENSG00000145545	1.9114556698622074	1.9114556698622074	1.9114556698622074
AZD0530	ENSG00000276913	1.9109019103383635	1.9109019103383635	1.9109019103383635
AZD0530	ENSG00000166387	1.910565864459148	1.910565864459148	1.910565864459148
AZD0530	ENSG00000115159	1.9103458373544013	1.9103458373544013	1.9103458373544013
AZD0530	ENSG00000138035	1.9102926652830436	1.9102926652830436	1.9102926652830436
AZD0530	ENSG00000141480	1.9098313744532296	1.9098313744532296	1.9098313744532296
AZD0530	ENSG00000089159	1.9091784888774188	1.9091784888774188	1.9091784888774188
AZD0530	ENSG00000119421	1.90815922617696	1.90815922617696	1.90815922617696
AZD0530	ENSG00000182195	1.9080799964451105	1.9080799964451105	1.9080799964451105
AZD0530	ENSG00000110713	1.9078693899263692	1.9078693899263692	1.9078693899263692
AZD0530	ENSG00000100983	1.9074496904381386	1.9074496904381386	1.9074496904381386
AZD0530	ENSG00000065054	1.9065506004449346	1.9065506004449346	1.9065506004449346
AZD0530	ENSG00000155629	1.9064906245989832	1.9064906245989832	1.9064906245989832
AZD0530	ENSG00000154764	1.9063391047955742	1.9063391047955742	1.9063391047955742
AZD0530	LOC100507267	1.9060254809151227	1.9060254809151227	1.9060254809151227
AZD0530	ENSG00000265544	1.9057579638809867	1.9057579638809867	1.9057579638809867
AZD0530	ENSG00000249709	1.9057262379214484	1.9057262379214484	1.9057262379214484
AZD0530	ENSG00000162739	1.9056923638479983	1.9056923638479983	1.9056923638479983
AZD0530	ENSG00000164024	1.9056659583173163	1.9056659583173163	1.9056659583173163
AZD0530	ENSG00000136810	1.9054408131612297	1.9054408131612297	1.9054408131612297
AZD0530	ENSG00000175182	1.9053286256921533	1.9053286256921533	1.9053286256921533
AZD0530	ENSG00000135298	1.9046031047106629	1.9046031047106629	1.9046031047106629
AZD0530	ENSG00000110987	1.9044110903366707	1.9044110903366707	1.9044110903366707
AZD0530	ENSG00000186230	1.9043360154509001	1.9043360154509001	1.9043360154509001
AZD0530	ENSG00000009413	1.9042996677353048	1.9042996677353048	1.9042996677353048
AZD0530	LOC100507506	1.9036826787855945	1.9036826787855945	1.9036826787855945
AZD0530	ENSG00000188277	1.903568821213466	1.903568821213466	1.903568821213466
AZD0530	ENSG00000259956	1.9031929469216375	1.9031929469216375	1.9031929469216375
AZD0530	ENSG00000148362	1.9031223427634727	1.9031223427634727	1.9031223427634727
AZD0530	ENSG00000204195	1.9028686823150924	1.9028686823150924	1.9028686823150924
AZD0530	ENSG00000268629	1.9027544543597656	1.9027544543597656	1.9027544543597656
AZD0530	ENSG00000155366	1.90241235989849	1.90241235989849	1.90241235989849
AZD0530	ENSG00000211812	1.9023991093379204	1.9023991093379204	1.9023991093379204
AZD0530	ENSG00000142634	1.902361244358438	1.902361244358438	1.902361244358438
AZD0530	ENSG00000187699	1.9021476851226644	1.9021476851226644	1.9021476851226644
AZD0530	ENSG00000171722	1.9020901035425077	1.9020901035425077	1.9020901035425077
AZD0530	ENSG00000134324	1.901652747295594	1.901652747295594	1.901652747295594
AZD0530	ENSG00000066336	1.9007499179424998	1.9007499179424998	1.9007499179424998
AZD0530	ENSG00000196767	1.9007151866467418	1.9007151866467418	1.9007151866467418
AZD0530	ENSG00000171236	1.8998375154877991	1.8998375154877991	1.8998375154877991
AZD0530	ProSAPiP1	1.8990523850760146	1.8990523850760146	1.8990523850760146
AZD0530	ENSG00000178531	1.8988350203522661	1.8988350203522661	1.8988350203522661
AZD0530	ENSG00000166183	1.8986052321270628	1.8986052321270628	1.8986052321270628
AZD0530	ENSG00000185798	1.898338174212761	1.898338174212761	1.898338174212761
AZD0530	ENSG00000184601	1.897779866210284	1.897779866210284	1.897779866210284
AZD0530	ENSG00000163635	1.8977229103894806	1.8977229103894806	1.8977229103894806
AZD0530	ENSG00000089351	1.8977100025071925	1.8977100025071925	1.8977100025071925
AZD0530	ENSG00000167434	1.8973323200723309	1.8973323200723309	1.8973323200723309
AZD0530	ENSG00000099381	1.8973200672457655	1.8973200672457655	1.8973200672457655
AZD0530	ENSG00000197579	1.8968879828263543	1.8968879828263543	1.8968879828263543
AZD0530	LOC100506691	1.896424945036463	1.896424945036463	1.896424945036463
AZD0530	ENSG00000197566	1.8955043740699609	1.8955043740699609	1.8955043740699609
AZD0530	ENSG00000250490	1.8953618270767036	1.8953618270767036	1.8953618270767036
AZD0530	ENSG00000106692	1.895197406385701	1.895197406385701	1.895197406385701
AZD0530	ENSG00000175040	1.8950553193833448	1.8950553193833448	1.8950553193833448
AZD0530	ENSG00000117133	1.8949979230844336	1.8949979230844336	1.8949979230844336
AZD0530	ENSG00000108417	1.894812973796665	1.894812973796665	1.894812973796665
AZD0530	ENSG00000078699	1.894720131014329	1.894720131014329	1.894720131014329
AZD0530	ENSG00000166548	1.8946749989863805	1.8946749989863805	1.8946749989863805
AZD0530	ENSG00000185880	1.893650560024094	1.893650560024094	1.893650560024094
AZD0530	ENSG00000054219	1.8934501340774303	1.8934501340774303	1.8934501340774303
AZD0530	ENSG00000162889	1.893295689889945	1.893295689889945	1.893295689889945
AZD0530	C11orf20	1.8932096344713185	1.8932096344713185	1.8932096344713185
AZD0530	ENSG00000141905	1.893179675872922	1.893179675872922	1.893179675872922
AZD0530	ENSG00000133030	1.892375673566049	1.892375673566049	1.892375673566049
AZD0530	ENSG00000164458	1.8922697830535462	1.8922697830535462	1.8922697830535462
AZD0530	FAM211A	1.892145338171915	1.892145338171915	1.892145338171915
AZD0530	ENSG00000180257	1.8921108088438612	1.8921108088438612	1.8921108088438612
AZD0530	ENSG00000174032	1.89198812390271	1.89198812390271	1.89198812390271
AZD0530	ENSG00000123700	1.891773210161234	1.891773210161234	1.891773210161234
AZD0530	ENSG00000258655	1.89172403185282	1.89172403185282	1.89172403185282
AZD0530	LOC100506965	1.891720347816145	1.891720347816145	1.891720347816145
AZD0530	ENSG00000121691	1.8913577198087181	1.8913577198087181	1.8913577198087181
AZD0530	IGHV3-9	1.891176734444458	1.891176734444458	1.891176734444458
AZD0530	ENSG00000006534	1.891161383507559	1.891161383507559	1.891161383507559
AZD0530	ENSG00000169946	1.8911123865618302	1.8911123865618302	1.8911123865618302
AZD0530	ENSG00000006576	1.8910812654747398	1.8910812654747398	1.8910812654747398
AZD0530	ENSG00000159692	1.8910517628480854	1.8910517628480854	1.8910517628480854
AZD0530	LOC100506941	1.8908688664287863	1.8908688664287863	1.8908688664287863
AZD0530	LOC100505786	1.890746976490865	1.890746976490865	1.890746976490865
AZD0530	ENSG00000105974	1.8906596866568	1.8906596866568	1.8906596866568
AZD0530	ENSG00000235132	1.890075133358164	1.890075133358164	1.890075133358164
AZD0530	ENSG00000148450	1.8900679239607763	1.8900679239607763	1.8900679239607763
AZD0530	ENSG00000008277	1.8898970330701244	1.8898970330701244	1.8898970330701244
AZD0530	ENSG00000184182	1.8898015081800617	1.8898015081800617	1.8898015081800617
AZD0530	LOC100288122	1.8893501277205034	1.8893501277205034	1.8893501277205034
AZD0530	ENSG00000105696	1.8892177553780576	1.8892177553780576	1.8892177553780576
AZD0530	ENSG00000148835	1.8891931213644548	1.8891931213644548	1.8891931213644548
AZD0530	ENSG00000170260	1.888825476003858	1.888825476003858	1.888825476003858
AZD0530	ENSG00000166634	1.888576123994779	1.888576123994779	1.888576123994779
AZD0530	ENSG00000100027	1.8884343998256508	1.8884343998256508	1.8884343998256508
AZD0530	ENSG00000115423	1.8883117017830953	1.8883117017830953	1.8883117017830953
AZD0530	ENSG00000139433	1.8879842589157116	1.8879842589157116	1.8879842589157116
AZD0530	ENSG00000163734	1.887572966334917	1.887572966334917	1.887572966334917
AZD0530	ENSG00000127252	1.8875489863176895	1.8875489863176895	1.8875489863176895
AZD0530	ENSG00000167291	1.8875213643827005	1.8875213643827005	1.8875213643827005
AZD0530	ENSG00000180098	1.8871749631414603	1.8871749631414603	1.8871749631414603
AZD0530	ENSG00000166173	1.8871388981197306	1.8871388981197306	1.8871388981197306
AZD0530	ENSG00000163485	1.8869629651996274	1.8869629651996274	1.8869629651996274
AZD0530	ENSG00000099957	1.8868654295037504	1.8868654295037504	1.8868654295037504
AZD0530	LOC100130548	1.8866325279396918	1.8866325279396918	1.8866325279396918
AZD0530	ENSG00000167751	1.8865336965013664	1.8865336965013664	1.8865336965013664
AZD0530	ENSG00000128165	1.8858409077120974	1.8858409077120974	1.8858409077120974
AZD0530	ENSG00000137392	1.8855028298055105	1.8855028298055105	1.8855028298055105
AZD0530	ENSG00000198959	1.8851984732281803	1.8851984732281803	1.8851984732281803
AZD0530	ENSG00000203872	1.8848236305547417	1.8848236305547417	1.8848236305547417
AZD0530	ENSG00000152556	1.8846922418212906	1.8846922418212906	1.8846922418212906
AZD0530	ENSG00000161634	1.8840757024918908	1.8840757024918908	1.8840757024918908
AZD0530	ENSG00000274473	1.8839216290426386	1.8839216290426386	1.8839216290426386
AZD0530	ENSG00000101000	1.8837150525333326	1.8837150525333326	1.8837150525333326
AZD0530	C9orf128	1.883311639807545	1.883311639807545	1.883311639807545
AZD0530	ENSG00000123106	1.8827660889999331	1.8827660889999331	1.8827660889999331
AZD0530	ENSG00000157017	1.8827046411994754	1.8827046411994754	1.8827046411994754
AZD0530	ENSG00000008394	1.882704057903431	1.882704057903431	1.882704057903431
AZD0530	ENSG00000147649	1.8826690886267041	1.8826690886267041	1.8826690886267041
AZD0530	ENSG00000237172	1.882310654272036	1.882310654272036	1.882310654272036
AZD0530	ENSG00000129315	1.8822478240031737	1.8822478240031737	1.8822478240031737
AZD0530	ENSG00000185340	1.8822243887340977	1.8822243887340977	1.8822243887340977
AZD0530	ENSG00000090013	1.8821232637175778	1.8821232637175778	1.8821232637175778
AZD0530	ENSG00000033327	1.8818743574474999	1.8818743574474999	1.8818743574474999
AZD0530	ENSG00000068394	1.8817849362646935	1.8817849362646935	1.8817849362646935
AZD0530	ENSG00000107758	1.8809771256905397	1.8809771256905397	1.8809771256905397
AZD0530	ENSG00000167280	1.8809390733054405	1.8809390733054405	1.8809390733054405
AZD0530	ENSG00000197362	1.8806759006629985	1.8806759006629985	1.8806759006629985
AZD0530	ENSG00000035664	1.880636172091845	1.880636172091845	1.880636172091845
AZD0530	ENSG00000075420	1.8800427415535628	1.8800427415535628	1.8800427415535628
AZD0530	ENSG00000144061	1.879617003362409	1.879617003362409	1.879617003362409
AZD0530	ENSG00000102226	1.87960219159799	1.87960219159799	1.87960219159799
AZD0530	LOC283761	1.879382587473308	1.879382587473308	1.879382587473308
AZD0530	ENSG00000165410	1.8792355776109773	1.8792355776109773	1.8792355776109773
AZD0530	ENSG00000131242	1.8790280913043012	1.8790280913043012	1.8790280913043012
AZD0530	ENSG00000134884	1.8787760238845859	1.8787760238845859	1.8787760238845859
AZD0530	ENSG00000196155	1.878740683591819	1.878740683591819	1.878740683591819
AZD0530	ENSG00000146094	1.8786279815352644	1.8786279815352644	1.8786279815352644
AZD0530	ENSG00000278570	1.8783911848614194	1.8783911848614194	1.8783911848614194
AZD0530	ENSG00000100012	1.877833938588664	1.877833938588664	1.877833938588664
AZD0530	ENSG00000101445	1.877728816849037	1.877728816849037	1.877728816849037
AZD0530	ENSG00000086589	1.8776999699662553	1.8776999699662553	1.8776999699662553
AZD0530	ENSG00000204482	1.8774425819819913	1.8774425819819913	1.8774425819819913
AZD0530	LOC253573	1.8767544476849796	1.8767544476849796	1.8767544476849796
AZD0530	ENSG00000170946	1.8763775070084499	1.8763775070084499	1.8763775070084499
AZD0530	ENSG00000142507	1.8759277421831135	1.8759277421831135	1.8759277421831135
AZD0530	ENSG00000169093	1.8755496085947847	1.8755496085947847	1.8755496085947847
AZD0530	ENSG00000277401	1.8754634577193883	1.8754634577193883	1.8754634577193883
AZD0530	ENSG00000107341	1.8753796920281303	1.8753796920281303	1.8753796920281303
AZD0530	ENSG00000102901	1.8753456323680295	1.8753456323680295	1.8753456323680295
AZD0530	ENSG00000132004	1.8752168749501035	1.8752168749501035	1.8752168749501035
AZD0530	ENSG00000196684	1.8751865871707922	1.8751865871707922	1.8751865871707922
AZD0530	ENSG00000278259	1.874948582744718	1.874948582744718	1.874948582744718
AZD0530	ENSG00000159496	1.8747816688278	1.8747816688278	1.8747816688278
AZD0530	ENSG00000185069	1.874712675142334	1.874712675142334	1.874712675142334
AZD0530	LOC100505761	1.8732462625836768	1.8732462625836768	1.8732462625836768
AZD0530	ENSG00000133962	1.8725829672886483	1.8725829672886483	1.8725829672886483
AZD0530	LOC100506817	1.87247526875062	1.87247526875062	1.87247526875062
AZD0530	ENSG00000136842	1.8720424849442912	1.8720424849442912	1.8720424849442912
AZD0530	ENSG00000138074	1.8717254253863158	1.8717254253863158	1.8717254253863158
AZD0530	ENSG00000088340	1.8715277925504623	1.8715277925504623	1.8715277925504623
AZD0530	LOC100506779	1.8710781551414106	1.8710781551414106	1.8710781551414106
AZD0530	ENSG00000021300	1.8707555613634481	1.8707555613634481	1.8707555613634481
AZD0530	ENSG00000115760	1.8705804959468175	1.8705804959468175	1.8705804959468175
AZD0530	ENSG00000104081	1.870500955403917	1.870500955403917	1.870500955403917
AZD0530	ENSG00000083828	1.869374363410467	1.869374363410467	1.869374363410467
AZD0530	ENSG00000143196	1.8692136501482999	1.8692136501482999	1.8692136501482999
AZD0530	ENSG00000275723	1.8688668159370925	1.8688668159370925	1.8688668159370925
AZD0530	ENSG00000110934	1.8688190833454768	1.8688190833454768	1.8688190833454768
AZD0530	ENSG00000184708	1.8686222245542314	1.8686222245542314	1.8686222245542314
AZD0530	ENSG00000103241	1.8686173341000702	1.8686173341000702	1.8686173341000702
AZD0530	ENSG00000197134	1.8683951798497562	1.8683951798497562	1.8683951798497562
AZD0530	ENSG00000182397	1.868111987386175	1.868111987386175	1.868111987386175
AZD0530	ENSG00000109083	1.8671045653586158	1.8671045653586158	1.8671045653586158
AZD0530	AGXT2L1	1.8669766006206043	1.8669766006206043	1.8669766006206043
AZD0530	ENSG00000184368	1.8668837455999319	1.8668837455999319	1.8668837455999319
AZD0530	ENSG00000104375	1.8661450404233837	1.8661450404233837	1.8661450404233837
AZD0530	ENSG00000164048	1.865809795733858	1.865809795733858	1.865809795733858
AZD0530	ENSG00000106772	1.8655527093948887	1.8655527093948887	1.8655527093948887
AZD0530	LOC284632	1.8653876606206015	1.8653876606206015	1.8653876606206015
AZD0530	ENSG00000148357	1.8650193378787405	1.8650193378787405	1.8650193378787405
AZD0530	ENSG00000147588	1.8646678022598118	1.8646678022598118	1.8646678022598118
AZD0530	LOC100506999	1.864656007471688	1.864656007471688	1.864656007471688
AZD0530	LOC100507297	1.8646045315367095	1.8646045315367095	1.8646045315367095
AZD0530	ENSG00000171612	1.8645977667908042	1.8645977667908042	1.8645977667908042
AZD0530	ENSG00000106536	1.8642875280645645	1.8642875280645645	1.8642875280645645
AZD0530	ENSG00000069966	1.8639974954589178	1.8639974954589178	1.8639974954589178
AZD0530	ENSG00000106665	1.8636264541154937	1.8636264541154937	1.8636264541154937
AZD0530	ENSG00000185942	1.8629951704636127	1.8629951704636127	1.8629951704636127
AZD0530	ENSG00000067191	1.8626055136059099	1.8626055136059099	1.8626055136059099
AZD0530	LRG_288	1.862192244824672	1.862192244824672	1.862192244824672
AZD0530	ENSG00000134627	1.8620576482539626	1.8620576482539626	1.8620576482539626
AZD0530	ENSG00000139112	1.862011471375032	1.862011471375032	1.862011471375032
AZD0530	C17orf72	1.8620006549702848	1.8620006549702848	1.8620006549702848
AZD0530	ENSG00000119328	1.8613368548061529	1.8613368548061529	1.8613368548061529
AZD0530	ENSG00000170956	1.861218410971346	1.861218410971346	1.861218410971346
AZD0530	ENSG00000251595	1.8601514095073102	1.8601514095073102	1.8601514095073102
AZD0530	ENSG00000184677	1.8598516815030128	1.8598516815030128	1.8598516815030128
AZD0530	ENSG00000139193	1.8594672461104627	1.8594672461104627	1.8594672461104627
AZD0530	C10orf96	1.8591621429333227	1.8591621429333227	1.8591621429333227
AZD0530	ENSG00000119866	1.8589344932279988	1.8589344932279988	1.8589344932279988
AZD0530	ENSG00000177324	1.8581783995158696	1.8581783995158696	1.8581783995158696
AZD0530	ENSG00000198398	1.8578858118692274	1.8578858118692274	1.8578858118692274
AZD0530	ENSG00000258791	1.8571724876459315	1.8571724876459315	1.8571724876459315
AZD0530	ENSG00000211829	1.8568529437046537	1.8568529437046537	1.8568529437046537
AZD0530	ENSG00000147162	1.8567834227741429	1.8567834227741429	1.8567834227741429
AZD0530	ENSG00000077616	1.8567256191391375	1.8567256191391375	1.8567256191391375
AZD0530	ENSG00000242715	1.8566987326219122	1.8566987326219122	1.8566987326219122
AZD0530	LOC100292680	1.8564147390990797	1.8564147390990797	1.8564147390990797
AZD0530	ENSG00000132972	1.856372963840201	1.856372963840201	1.856372963840201
AZD0530	ENSG00000159618	1.8552627802374728	1.8552627802374728	1.8552627802374728
AZD0530	ENSG00000241058	1.8549123742681468	1.8549123742681468	1.8549123742681468
AZD0530	ENSG00000175105	1.8548496417795712	1.8548496417795712	1.8548496417795712
AZD0530	ENSG00000114113	1.8547787379813498	1.8547787379813498	1.8547787379813498
AZD0530	ENSG00000221838	1.8546455611423711	1.8546455611423711	1.8546455611423711
AZD0530	ENSG00000150773	1.8540451467230576	1.8540451467230576	1.8540451467230576
AZD0530	ENSG00000138311	1.8535394195657913	1.8535394195657913	1.8535394195657913
AZD0530	ENSG00000122585	1.8532909323914442	1.8532909323914442	1.8532909323914442
AZD0530	ENSG00000147650	1.8522958221366956	1.8522958221366956	1.8522958221366956
AZD0530	ENSG00000173193	1.8522783009397428	1.8522783009397428	1.8522783009397428
AZD0530	ENSG00000175497	1.8521444505213605	1.8521444505213605	1.8521444505213605
AZD0530	ENSG00000184986	1.8521207210780146	1.8521207210780146	1.8521207210780146
AZD0530	TMEM93	1.8513894317072892	1.8513894317072892	1.8513894317072892
AZD0530	ENSG00000215182	1.8511555008849592	1.8511555008849592	1.8511555008849592
AZD0530	ENSG00000116745	1.8509201442031702	1.8509201442031702	1.8509201442031702
AZD0530	ENSG00000257923	1.8508272993036023	1.8508272993036023	1.8508272993036023
AZD0530	ENSG00000141456	1.850301648345929	1.850301648345929	1.850301648345929
AZD0530	ENSG00000172867	1.8500056357049741	1.8500056357049741	1.8500056357049741
AZD0530	ENSG00000188026	1.8499728035539031	1.8499728035539031	1.8499728035539031
AZD0530	LOC100506559	1.8495585054207309	1.8495585054207309	1.8495585054207309
AZD0530	ENSG00000134744	1.8489627071658425	1.8489627071658425	1.8489627071658425
AZD0530	ENSG00000108590	1.8486013616762342	1.8486013616762342	1.8486013616762342
AZD0530	ENSG00000224975	1.8483379902182386	1.8483379902182386	1.8483379902182386
AZD0530	ENSG00000165716	1.8480835192575769	1.8480835192575769	1.8480835192575769
AZD0530	ENSG00000186803	1.8479691972801326	1.8479691972801326	1.8479691972801326
AZD0530	ENSG00000055950	1.8478906032757965	1.8478906032757965	1.8478906032757965
AZD0530	ENSG00000181991	1.8477588950611656	1.8477588950611656	1.8477588950611656
AZD0530	ENSG00000186951	1.8475359445582913	1.8475359445582913	1.8475359445582913
AZD0530	ENSG00000006652	1.847354893203745	1.847354893203745	1.847354893203745
AZD0530	ENSG00000198792	1.8472186450446957	1.8472186450446957	1.8472186450446957
AZD0530	ENSG00000184226	1.8469773385255386	1.8469773385255386	1.8469773385255386
AZD0530	ENSG00000101782	1.846528513417559	1.846528513417559	1.846528513417559
AZD0530	ENSG00000180205	1.8464978780108623	1.8464978780108623	1.8464978780108623
AZD0530	ENSG00000189403	1.846107308904078	1.846107308904078	1.846107308904078
AZD0530	ENSG00000072210	1.8460125148270503	1.8460125148270503	1.8460125148270503
AZD0530	ENSG00000130234	1.8459347272049398	1.8459347272049398	1.8459347272049398
AZD0530	ENSG00000065717	1.8457769060968008	1.8457769060968008	1.8457769060968008
AZD0530	ENSG00000146360	1.8455512605073174	1.8455512605073174	1.8455512605073174
AZD0530	ENSG00000108641	1.8454989907837152	1.8454989907837152	1.8454989907837152
AZD0530	ENSG00000133027	1.84538788960033	1.84538788960033	1.84538788960033
AZD0530	ENSG00000148700	1.845246179875924	1.845246179875924	1.845246179875924
AZD0530	ENSG00000156345	1.8450397599749209	1.8450397599749209	1.8450397599749209
AZD0530	ENSG00000198556	1.8450090014614435	1.8450090014614435	1.8450090014614435
AZD0530	ENSG00000132300	1.844015339895122	1.844015339895122	1.844015339895122
AZD0530	LRG_465	1.8436120401364156	1.8436120401364156	1.8436120401364156
AZD0530	ENSG00000167110	1.843171625499468	1.843171625499468	1.843171625499468
AZD0530	ENSG00000175267	1.842817314503434	1.842817314503434	1.842817314503434
AZD0530	ENSG00000164167	1.842332598456764	1.842332598456764	1.842332598456764
AZD0530	ENSG00000162551	1.8418065009038054	1.8418065009038054	1.8418065009038054
AZD0530	ENSG00000105516	1.8410500138855246	1.8410500138855246	1.8410500138855246
AZD0530	ENSG00000069399	1.8404560235608134	1.8404560235608134	1.8404560235608134
AZD0530	ENSG00000173511	1.8401624092422038	1.8401624092422038	1.8401624092422038
AZD0530	ENSG00000187079	1.8400812436687677	1.8400812436687677	1.8400812436687677
AZD0530	ENSG00000174450	1.839870698868395	1.839870698868395	1.839870698868395
AZD0530	ENSG00000214063	1.8397086306482693	1.8397086306482693	1.8397086306482693
AZD0530	ENSG00000132793	1.8397020109588287	1.8397020109588287	1.8397020109588287
AZD0530	ENSG00000126259	1.8396769206709116	1.8396769206709116	1.8396769206709116
AZD0530	ENSG00000075624	1.8394864371191169	1.8394864371191169	1.8394864371191169
AZD0530	ENSG00000258730	1.8394328303975056	1.8394328303975056	1.8394328303975056
AZD0530	ENSG00000100987	1.8393434824773167	1.8393434824773167	1.8393434824773167
AZD0530	ENSG00000204843	1.8389068188689717	1.8389068188689717	1.8389068188689717
AZD0530	ENSG00000168152	1.8388328176718076	1.8388328176718076	1.8388328176718076
AZD0530	ENSG00000164104	1.8386170176016927	1.8386170176016927	1.8386170176016927
AZD0530	ENSG00000100612	1.838595103641882	1.838595103641882	1.838595103641882
AZD0530	LOC100505634	1.8384026812756338	1.8384026812756338	1.8384026812756338
AZD0530	ENSG00000106803	1.8383870278278795	1.8383870278278795	1.8383870278278795
AZD0530	ENSG00000137504	1.8378543174798587	1.8378543174798587	1.8378543174798587
AZD0530	ENSG00000239827	1.8378485108313787	1.8378485108313787	1.8378485108313787
AZD0530	ENSG00000107338	1.836973321264995	1.836973321264995	1.836973321264995
AZD0530	ENSG00000183011	1.8366568019764267	1.8366568019764267	1.8366568019764267
AZD0530	ENSG00000156970	1.8363250688648127	1.8363250688648127	1.8363250688648127
AZD0530	LRG_322	1.8362776459076169	1.8362776459076169	1.8362776459076169
AZD0530	ENSG00000169902	1.8361692624870236	1.8361692624870236	1.8361692624870236
AZD0530	LOC152225	1.8358024631134389	1.8358024631134389	1.8358024631134389
AZD0530	ENSG00000224165	1.8355332354157057	1.8355332354157057	1.8355332354157057
AZD0530	ENSG00000070610	1.8354502816144889	1.8354502816144889	1.8354502816144889
AZD0530	ENSG00000164237	1.83520874095942	1.83520874095942	1.83520874095942
AZD0530	ENSG00000068650	1.8347766789255466	1.8347766789255466	1.8347766789255466
AZD0530	LOC647589	1.8346941480026184	1.8346941480026184	1.8346941480026184
AZD0530	ENSG00000115602	1.8345712084485937	1.8345712084485937	1.8345712084485937
AZD0530	ENSG00000169297	1.8344734238377043	1.8344734238377043	1.8344734238377043
AZD0530	ENSG00000102837	1.8342746801389567	1.8342746801389567	1.8342746801389567
AZD0530	ENSG00000177606	1.8340360944220724	1.8340360944220724	1.8340360944220724
AZD0530	ENSG00000150347	1.8338871718889505	1.8338871718889505	1.8338871718889505
AZD0530	ENSG00000078043	1.8336310604870427	1.8336310604870427	1.8336310604870427
AZD0530	ENSG00000176903	1.8332157017511306	1.8332157017511306	1.8332157017511306
AZD0530	ENSG00000198771	1.8331589700984727	1.8331589700984727	1.8331589700984727
AZD0530	ENSG00000109906	1.833055809592965	1.833055809592965	1.833055809592965
AZD0530	ENSG00000105136	1.8328171173474848	1.8328171173474848	1.8328171173474848
AZD0530	ENSG00000141448	1.8323914021806356	1.8323914021806356	1.8323914021806356
AZD0530	C1orf9	1.832275399900392	1.832275399900392	1.832275399900392
AZD0530	ENSG00000174915	1.832121628252915	1.832121628252915	1.832121628252915
AZD0530	ENSG00000091592	1.8311983797862932	1.8311983797862932	1.8311983797862932
AZD0530	ENSG00000170484	1.8311802828151773	1.8311802828151773	1.8311802828151773
AZD0530	ENSG00000214711	1.8310320397838669	1.8310320397838669	1.8310320397838669
AZD0530	ENSG00000123191	1.8307135807622044	1.8307135807622044	1.8307135807622044
AZD0530	ENSG00000188690	1.8306876415689397	1.8306876415689397	1.8306876415689397
AZD0530	ENSG00000063660	1.83039303925273	1.83039303925273	1.83039303925273
AZD0530	ENSG00000156885	1.8302351886454966	1.8302351886454966	1.8302351886454966
AZD0530	ENSG00000184557	1.8299674769177177	1.8299674769177177	1.8299674769177177
AZD0530	ENSG00000147113	1.8298810756508461	1.8298810756508461	1.8298810756508461
AZD0530	LRG_45	1.8297039189670157	1.8297039189670157	1.8297039189670157
AZD0530	LOC285740	1.8296923545696024	1.8296923545696024	1.8296923545696024
AZD0530	ENSG00000116157	1.8295727933303327	1.8295727933303327	1.8295727933303327
AZD0530	ENSG00000174652	1.828697984697337	1.828697984697337	1.828697984697337
AZD0530	ENSG00000180116	1.8284233843175037	1.8284233843175037	1.8284233843175037
AZD0530	ENSG00000108984	1.8283293765212705	1.8283293765212705	1.8283293765212705
AZD0530	ENSG00000171307	1.8281625341434482	1.8281625341434482	1.8281625341434482
AZD0530	ENSG00000049245	1.8276821765110673	1.8276821765110673	1.8276821765110673
AZD0530	ENSG00000211650	1.8275585320566874	1.8275585320566874	1.8275585320566874
AZD0530	ENSG00000115446	1.8268405890928676	1.8268405890928676	1.8268405890928676
AZD0530	ENSG00000103485	1.8265194037864652	1.8265194037864652	1.8265194037864652
AZD0530	ENSG00000183495	1.8264412338881038	1.8264412338881038	1.8264412338881038
AZD0530	ENSG00000046651	1.8262607147756635	1.8262607147756635	1.8262607147756635
AZD0530	LOC100128496	1.8261181785922833	1.8261181785922833	1.8261181785922833
AZD0530	C9orf102	1.825247432183138	1.825247432183138	1.825247432183138
AZD0530	ENSG00000105398	1.8247861806869836	1.8247861806869836	1.8247861806869836
AZD0530	ENSG00000123612	1.8241811209340515	1.8241811209340515	1.8241811209340515
AZD0530	ENSG00000140365	1.8239409671428304	1.8239409671428304	1.8239409671428304
AZD0530	ENSG00000135318	1.823715121998276	1.823715121998276	1.823715121998276
AZD0530	ENSG00000173662	1.8236036003965466	1.8236036003965466	1.8236036003965466
AZD0530	ENSG00000262121	1.823242487353272	1.823242487353272	1.823242487353272
AZD0530	ENSG00000136167	1.823086309445175	1.823086309445175	1.823086309445175
AZD0530	ENSG00000049249	1.8222957750720272	1.8222957750720272	1.8222957750720272
AZD0530	ENSG00000158079	1.8218681083058659	1.8218681083058659	1.8218681083058659
AZD0530	ENSG00000160753	1.8217493738193737	1.8217493738193737	1.8217493738193737
AZD0530	ENSG00000254550	1.8216228182073997	1.8216228182073997	1.8216228182073997
AZD0530	ENSG00000078177	1.8214079323356507	1.8214079323356507	1.8214079323356507
AZD0530	ENSG00000160255	1.8208765863580874	1.8208765863580874	1.8208765863580874
AZD0530	ENSG00000135111	1.820853051947056	1.820853051947056	1.820853051947056
AZD0530	ENSG00000075539	1.8207718945402454	1.8207718945402454	1.8207718945402454
AZD0530	ENSG00000111670	1.8205381566152008	1.8205381566152008	1.8205381566152008
AZD0530	ENSG00000136522	1.820237371423217	1.820237371423217	1.820237371423217
AZD0530	ENSG00000089116	1.8202357664141229	1.8202357664141229	1.8202357664141229
AZD0530	SELS	1.8201211911662363	1.8201211911662363	1.8201211911662363
AZD0530	ENSG00000099991	1.8200676086338687	1.8200676086338687	1.8200676086338687
AZD0530	ENSG00000116299	1.8200155359721737	1.8200155359721737	1.8200155359721737
AZD0530	ENSG00000116698	1.8198194867225699	1.8198194867225699	1.8198194867225699
AZD0530	ENSG00000142875	1.8196488252996585	1.8196488252996585	1.8196488252996585
AZD0530	ENSG00000137076	1.819442722229963	1.819442722229963	1.819442722229963
AZD0530	ENSG00000174015	1.8193409500103128	1.8193409500103128	1.8193409500103128
AZD0530	ENSG00000126746	1.8189886879147061	1.8189886879147061	1.8189886879147061
AZD0530	ENSG00000152467	1.8187132252368101	1.8187132252368101	1.8187132252368101
AZD0530	ENSG00000102181	1.8186266121926034	1.8186266121926034	1.8186266121926034
AZD0530	ENSG00000136490	1.8184533778222651	1.8184533778222651	1.8184533778222651
AZD0530	LOC100505946	1.8182244526690188	1.8182244526690188	1.8182244526690188
AZD0530	ENSG00000079337	1.8177672691721907	1.8177672691721907	1.8177672691721907
AZD0530	ENSG00000276547	1.817487820394999	1.817487820394999	1.817487820394999
AZD0530	LOC100288123	1.8174370843169956	1.8174370843169956	1.8174370843169956
AZD0530	ENSG00000183185	1.8173365310326477	1.8173365310326477	1.8173365310326477
AZD0530	ENSG00000196214	1.8173108052941662	1.8173108052941662	1.8173108052941662
AZD0530	ENSG00000112559	1.817096393143361	1.817096393143361	1.817096393143361
AZD0530	ENSG00000173451	1.8170614204921922	1.8170614204921922	1.8170614204921922
AZD0530	ENSG00000168090	1.8169725062790074	1.8169725062790074	1.8169725062790074
AZD0530	ENSG00000112561	1.8166295980932061	1.8166295980932061	1.8166295980932061
AZD0530	ENSG00000096401	1.8162160651605554	1.8162160651605554	1.8162160651605554
AZD0530	ENSG00000104228	1.8157440547226584	1.8157440547226584	1.8157440547226584
AZD0530	C20orf201	1.8153602963504594	1.8153602963504594	1.8153602963504594
AZD0530	ENSG00000188820	1.8152610004881875	1.8152610004881875	1.8152610004881875
AZD0530	C8orf75	1.815174866527916	1.815174866527916	1.815174866527916
AZD0530	ENSG00000048540	1.8151661088563418	1.8151661088563418	1.8151661088563418
AZD0530	FAM55A	1.815142628956707	1.815142628956707	1.815142628956707
AZD0530	ENSG00000179583	1.8145810692925015	1.8145810692925015	1.8145810692925015
AZD0530	ENSG00000153157	1.8142147789411478	1.8142147789411478	1.8142147789411478
AZD0530	ENSG00000161203	1.8140742627337834	1.8140742627337834	1.8140742627337834
AZD0530	ENSG00000154813	1.813868162530514	1.813868162530514	1.813868162530514
AZD0530	ENSG00000170322	1.8134230098548019	1.8134230098548019	1.8134230098548019
AZD0530	ENSG00000172594	1.8133794406931487	1.8133794406931487	1.8133794406931487
AZD0530	ENSG00000080493	1.812907377209051	1.812907377209051	1.812907377209051
AZD0530	ENSG00000196268	1.8124654897931116	1.8124654897931116	1.8124654897931116
AZD0530	ENSG00000221888	1.812324656625456	1.812324656625456	1.812324656625456
AZD0530	ENSG00000231999	1.812221656726868	1.812221656726868	1.812221656726868
AZD0530	ENSG00000141542	1.8119631906406537	1.8119631906406537	1.8119631906406537
AZD0530	ENSG00000258169	1.8119045677034362	1.8119045677034362	1.8119045677034362
AZD0530	ENSG00000134684	1.8117516268124005	1.8117516268124005	1.8117516268124005
AZD0530	ENSG00000148730	1.8117038760855135	1.8117038760855135	1.8117038760855135
AZD0530	C1orf124	1.8112045417272653	1.8112045417272653	1.8112045417272653
AZD0530	ENSG00000174891	1.8110543598903739	1.8110543598903739	1.8110543598903739
AZD0530	ENSG00000100532	1.8107980939959334	1.8107980939959334	1.8107980939959334
AZD0530	ENSG00000169062	1.8106894715634398	1.8106894715634398	1.8106894715634398
AZD0530	ENSG00000188937	1.8106559597523528	1.8106559597523528	1.8106559597523528
AZD0530	ENSG00000114473	1.8106458954002287	1.8106458954002287	1.8106458954002287
AZD0530	ENSG00000104814	1.8106256992672392	1.8106256992672392	1.8106256992672392
AZD0530	ENSG00000185614	1.8100637839819782	1.8100637839819782	1.8100637839819782
AZD0530	ENSG00000163382	1.8100264072363108	1.8100264072363108	1.8100264072363108
AZD0530	ENSG00000178913	1.8097778571988064	1.8097778571988064	1.8097778571988064
AZD0530	ENSG00000117143	1.8097542074715516	1.8097542074715516	1.8097542074715516
AZD0530	ENSG00000163412	1.8092589470927223	1.8092589470927223	1.8092589470927223
AZD0530	ENSG00000169330	1.8087873653948656	1.8087873653948656	1.8087873653948656
AZD0530	ENSG00000140320	1.8085671013178872	1.8085671013178872	1.8085671013178872
AZD0530	LOC100505657	1.8084775331681773	1.8084775331681773	1.8084775331681773
AZD0530	ENSG00000217128	1.808124204149329	1.808124204149329	1.808124204149329
AZD0530	ENSG00000213265	1.8079936482020227	1.8079936482020227	1.8079936482020227
AZD0530	ENSG00000134376	1.8079846454441137	1.8079846454441137	1.8079846454441137
AZD0530	ENSG00000197584	1.8074428709529118	1.8074428709529118	1.8074428709529118
AZD0530	C17orf76-AS1	1.8067878844935492	1.8067878844935492	1.8067878844935492
AZD0530	LOC100506834	1.8061906566061954	1.8061906566061954	1.8061906566061954
AZD0530	LOC285768	1.8056172331999127	1.8056172331999127	1.8056172331999127
AZD0530	ENSG00000110801	1.8055084780714827	1.8055084780714827	1.8055084780714827
AZD0530	ENSG00000134516	1.8049995005380117	1.8049995005380117	1.8049995005380117
AZD0530	ENSG00000114771	1.8048671614999314	1.8048671614999314	1.8048671614999314
AZD0530	ENSG00000124370	1.8042355878600211	1.8042355878600211	1.8042355878600211
AZD0530	ENSG00000125618	1.803862597201516	1.803862597201516	1.803862597201516
AZD0530	ENSG00000147874	1.8038350736562077	1.8038350736562077	1.8038350736562077
AZD0530	ENSG00000108465	1.803662692653299	1.803662692653299	1.803662692653299
AZD0530	ENSG00000124766	1.8031478065058335	1.8031478065058335	1.8031478065058335
AZD0530	ENSG00000155974	1.802600189114111	1.802600189114111	1.802600189114111
AZD0530	ENSG00000108702	1.8023677662516842	1.8023677662516842	1.8023677662516842
AZD0530	ENSG00000185885	1.8022161669808812	1.8022161669808812	1.8022161669808812
AZD0530	ENSG00000132429	1.8019879636897356	1.8019879636897356	1.8019879636897356
AZD0530	ENSG00000048991	1.8018538124272263	1.8018538124272263	1.8018538124272263
AZD0530	ENSG00000134759	1.8014687936766836	1.8014687936766836	1.8014687936766836
AZD0530	ENSG00000176597	1.801227486498186	1.801227486498186	1.801227486498186
AZD0530	ENSG00000166526	1.800990875921563	1.800990875921563	1.800990875921563
AZD0530	ENSG00000124237	1.8008477869065325	1.8008477869065325	1.8008477869065325
AZD0530	ENSG00000181472	1.800800297689358	1.800800297689358	1.800800297689358
AZD0530	ENSG00000064393	1.8007192580915048	1.8007192580915048	1.8007192580915048
AZD0530	ENSG00000213413	1.800446819636463	1.800446819636463	1.800446819636463
AZD0530	ENSG00000182768	1.7998663909842538	1.7998663909842538	1.7998663909842538
AZD0530	ENSG00000151413	1.7997414286982927	1.7997414286982927	1.7997414286982927
AZD0530	ENSG00000196632	1.799501973321988	1.799501973321988	1.799501973321988
AZD0530	LOC100507194	1.7994653732944363	1.7994653732944363	1.7994653732944363
AZD0530	ENSG00000276561	1.799013835540686	1.799013835540686	1.799013835540686
AZD0530	ENSG00000078142	1.798820441627605	1.798820441627605	1.798820441627605
AZD0530	FLJ35424	1.7985377313393303	1.7985377313393303	1.7985377313393303
AZD0530	ENSG00000151376	1.7983397111873558	1.7983397111873558	1.7983397111873558
AZD0530	MGC4473	1.7982880704240267	1.7982880704240267	1.7982880704240267
AZD0530	ENSG00000267041	1.7975913636445966	1.7975913636445966	1.7975913636445966
AZD0530	ENSG00000236678	1.7972859576790126	1.7972859576790126	1.7972859576790126
AZD0530	ENSG00000172817	1.7959752883504563	1.7959752883504563	1.7959752883504563
AZD0530	ENSG00000124772	1.795919343026507	1.795919343026507	1.795919343026507
AZD0530	ENSG00000185475	1.7957700038097553	1.7957700038097553	1.7957700038097553
AZD0530	ENSG00000164266	1.7957613540178956	1.7957613540178956	1.7957613540178956
AZD0530	ENSG00000197712	1.79561614570656	1.79561614570656	1.79561614570656
AZD0530	ENSG00000161677	1.7955766944402423	1.7955766944402423	1.7955766944402423
AZD0530	ENSG00000171970	1.7952748124516167	1.7952748124516167	1.7952748124516167
AZD0530	ENSG00000123870	1.7951157455300422	1.7951157455300422	1.7951157455300422
AZD0530	ENSG00000176177	1.7948916484684792	1.7948916484684792	1.7948916484684792
AZD0530	ENSG00000213889	1.7947329806728527	1.7947329806728527	1.7947329806728527
AZD0530	ENSG00000166450	1.7943046954312447	1.7943046954312447	1.7943046954312447
AZD0530	ENSG00000114737	1.7940575338458342	1.7940575338458342	1.7940575338458342
AZD0530	ENSG00000170049	1.7939697501504313	1.7939697501504313	1.7939697501504313
AZD0530	ENSG00000174123	1.7937266384293755	1.7937266384293755	1.7937266384293755
AZD0530	C11orf48	1.7936813639849807	1.7936813639849807	1.7936813639849807
AZD0530	PPP2R3B-AS1	1.7933286953227885	1.7933286953227885	1.7933286953227885
AZD0530	ENSG00000107295	1.7931874954160905	1.7931874954160905	1.7931874954160905
AZD0530	ENSG00000118482	1.7927323893577773	1.7927323893577773	1.7927323893577773
AZD0530	ENSG00000187239	1.792633151168976	1.792633151168976	1.792633151168976
AZD0530	ENSG00000100865	1.7924739167839174	1.7924739167839174	1.7924739167839174
AZD0530	ENSG00000090776	1.7920304452760651	1.7920304452760651	1.7920304452760651
AZD0530	ENSG00000074201	1.7920160401296148	1.7920160401296148	1.7920160401296148
AZD0530	C21orf37	1.7916957519946834	1.7916957519946834	1.7916957519946834
AZD0530	ENSG00000120899	1.7916866450778592	1.7916866450778592	1.7916866450778592
AZD0530	ENSG00000181555	1.7912426906814096	1.7912426906814096	1.7912426906814096
AZD0530	ENSG00000164934	1.7912329070200161	1.7912329070200161	1.7912329070200161
AZD0530	ENSG00000114054	1.7911275285178243	1.7911275285178243	1.7911275285178243
AZD0530	ENSG00000124279	1.7909643669558468	1.7909643669558468	1.7909643669558468
AZD0530	ENSG00000104381	1.7903029812392357	1.7903029812392357	1.7903029812392357
AZD0530	LOC152586	1.7899486293827749	1.7899486293827749	1.7899486293827749
AZD0530	ENSG00000105053	1.789871331581018	1.789871331581018	1.789871331581018
AZD0530	ENSG00000108389	1.7896733782528444	1.7896733782528444	1.7896733782528444
AZD0530	ENSG00000170425	1.7896659552429086	1.7896659552429086	1.7896659552429086
AZD0530	ENSG00000142528	1.789295212621657	1.789295212621657	1.789295212621657
AZD0530	ENSG00000161835	1.7891930190201686	1.7891930190201686	1.7891930190201686
AZD0530	ENSG00000013293	1.7883195792038908	1.7883195792038908	1.7883195792038908
AZD0530	LOC100507261	1.7876275841883185	1.7876275841883185	1.7876275841883185
AZD0530	ENSG00000005007	1.7875272489525615	1.7875272489525615	1.7875272489525615
AZD0530	ENSG00000104231	1.787133405908761	1.787133405908761	1.787133405908761
AZD0530	ENSG00000030304	1.78710724761761	1.78710724761761	1.78710724761761
AZD0530	ENSG00000116560	1.7869911806182026	1.7869911806182026	1.7869911806182026
AZD0530	ENSG00000198382	1.7867398806289114	1.7867398806289114	1.7867398806289114
AZD0530	ENSG00000136518	1.7866073572644505	1.7866073572644505	1.7866073572644505
AZD0530	ENSG00000278548	1.7861099237271316	1.7861099237271316	1.7861099237271316
AZD0530	ENSG00000147724	1.785870153744325	1.785870153744325	1.785870153744325
AZD0530	ENSG00000174576	1.7854823941578055	1.7854823941578055	1.7854823941578055
AZD0530	C1orf38	1.785028160174893	1.785028160174893	1.785028160174893
AZD0530	ENSG00000165097	1.7847398932329428	1.7847398932329428	1.7847398932329428
AZD0530	ENSG00000108799	1.7842132828885453	1.7842132828885453	1.7842132828885453
AZD0530	ENSG00000144136	1.7831325544153918	1.7831325544153918	1.7831325544153918
AZD0530	ENSG00000213071	1.7831163715406275	1.7831163715406275	1.7831163715406275
AZD0530	ZAK	1.7827177139437884	1.7827177139437884	1.7827177139437884
AZD0530	ENSG00000048828	1.782435715131875	1.782435715131875	1.782435715131875
AZD0530	ENSG00000172006	1.782347812422605	1.782347812422605	1.782347812422605
AZD0530	ENSG00000151532	1.7819816115485727	1.7819816115485727	1.7819816115485727
AZD0530	ENSG00000167962	1.7818064745129658	1.7818064745129658	1.7818064745129658
AZD0530	ENSG00000105499	1.7817198484968986	1.7817198484968986	1.7817198484968986
AZD0530	LOC149134	1.7816244192780744	1.7816244192780744	1.7816244192780744
AZD0530	ENSG00000277071	1.7815998418332897	1.7815998418332897	1.7815998418332897
AZD0530	ENSG00000111679	1.7815477844961052	1.7815477844961052	1.7815477844961052
AZD0530	ENSG00000137154	1.781475972154231	1.781475972154231	1.781475972154231
AZD0530	ENSG00000152382	1.7814221420508842	1.7814221420508842	1.7814221420508842
AZD0530	ENSG00000164961	1.781413896791939	1.781413896791939	1.781413896791939
AZD0530	ENSG00000110367	1.7811882339962113	1.7811882339962113	1.7811882339962113
AZD0530	ENSG00000125848	1.780904519955119	1.780904519955119	1.780904519955119
AZD0530	ENSG00000101844	1.7807591416052295	1.7807591416052295	1.7807591416052295
AZD0530	LOC100507006	1.7805460684390764	1.7805460684390764	1.7805460684390764
AZD0530	ENSG00000106384	1.7802001801184733	1.7802001801184733	1.7802001801184733
AZD0530	ENSG00000105865	1.7798228206877005	1.7798228206877005	1.7798228206877005
AZD0530	HEATR7B2	1.7789022043825895	1.7789022043825895	1.7789022043825895
AZD0530	ENSG00000168056	1.7787848766434895	1.7787848766434895	1.7787848766434895
AZD0530	ENSG00000236699	1.7787427722901508	1.7787427722901508	1.7787427722901508
AZD0530	ENSG00000244187	1.7784975588912855	1.7784975588912855	1.7784975588912855
AZD0530	ENSG00000122257	1.778392300872002	1.778392300872002	1.778392300872002
AZD0530	ENSG00000164951	1.7783291680074083	1.7783291680074083	1.7783291680074083
AZD0530	ENSG00000090661	1.7779664072855619	1.7779664072855619	1.7779664072855619
AZD0530	ENSG00000112659	1.7777515092143792	1.7777515092143792	1.7777515092143792
AZD0530	LRG_81	1.7777077367585297	1.7777077367585297	1.7777077367585297
AZD0530	ENSG00000226174	1.7772841186046278	1.7772841186046278	1.7772841186046278
AZD0530	ENSG00000142235	1.7771112851226991	1.7771112851226991	1.7771112851226991
AZD0530	ENSG00000129003	1.776951470126703	1.776951470126703	1.776951470126703
AZD0530	ENSG00000102962	1.776718934321069	1.776718934321069	1.776718934321069
AZD0530	ENSG00000035403	1.7766480502839	1.7766480502839	1.7766480502839
AZD0530	LOC100132891	1.7763893751965274	1.7763893751965274	1.7763893751965274
AZD0530	ENSG00000184349	1.776246801223397	1.776246801223397	1.776246801223397
AZD0530	ENSG00000169758	1.7760938902151109	1.7760938902151109	1.7760938902151109
AZD0530	ENSG00000095564	1.7754392843717213	1.7754392843717213	1.7754392843717213
AZD0530	ENSG00000141084	1.7753169322511282	1.7753169322511282	1.7753169322511282
AZD0530	ENSG00000066117	1.774797762605465	1.774797762605465	1.774797762605465
AZD0530	ENSG00000156804	1.7746799419858972	1.7746799419858972	1.7746799419858972
AZD0530	ENSG00000009709	1.7746124660523868	1.7746124660523868	1.7746124660523868
AZD0530	ENSG00000197106	1.7742371855284136	1.7742371855284136	1.7742371855284136
AZD0530	ENSG00000143633	1.774131366332828	1.774131366332828	1.774131366332828
AZD0530	ENSG00000153714	1.7741227537593178	1.7741227537593178	1.7741227537593178
AZD0530	ENSG00000198682	1.774103921952741	1.774103921952741	1.774103921952741
AZD0530	LOC100128071	1.7740994535356125	1.7740994535356125	1.7740994535356125
AZD0530	RACGAP1P	1.7739251378920229	1.7739251378920229	1.7739251378920229
AZD0530	ENSG00000011132	1.7736725970657068	1.7736725970657068	1.7736725970657068
AZD0530	ENSG00000008513	1.7736202472730884	1.7736202472730884	1.7736202472730884
AZD0530	ENSG00000142156	1.7735411807398047	1.7735411807398047	1.7735411807398047
AZD0530	ENSG00000099968	1.773404795978899	1.773404795978899	1.773404795978899
AZD0530	ENSG00000083290	1.7728454368212556	1.7728454368212556	1.7728454368212556
AZD0530	ENSG00000165325	1.7719812835812396	1.7719812835812396	1.7719812835812396
AZD0530	KIAA0317	1.7714256184626198	1.7714256184626198	1.7714256184626198
AZD0530	ENSG00000274957	1.771315268195192	1.771315268195192	1.771315268195192
AZD0530	ENSG00000115461	1.7707230305089174	1.7707230305089174	1.7707230305089174
AZD0530	LRG_2	1.7707165557470521	1.7707165557470521	1.7707165557470521
AZD0530	ENSG00000198586	1.7706686131727232	1.7706686131727232	1.7706686131727232
AZD0530	ENSG00000125520	1.7702405280874782	1.7702405280874782	1.7702405280874782
AZD0530	LOC152024	1.769337762547711	1.769337762547711	1.769337762547711
AZD0530	ENSG00000166441	1.7690570088517537	1.7690570088517537	1.7690570088517537
AZD0530	LOC400680	1.7690166629820265	1.7690166629820265	1.7690166629820265
AZD0530	LRG_78	1.7684297615511793	1.7684297615511793	1.7684297615511793
AZD0530	ENSG00000262334	1.7674522127936687	1.7674522127936687	1.7674522127936687
AZD0530	ENSG00000162951	1.7672743137744638	1.7672743137744638	1.7672743137744638
AZD0530	ENSG00000179218	1.767149005308275	1.767149005308275	1.767149005308275
AZD0530	LOC654780	1.7665090832258348	1.7665090832258348	1.7665090832258348
AZD0530	LOC100505820	1.7661949944666238	1.7661949944666238	1.7661949944666238
AZD0530	ENSG00000148600	1.7659662374998157	1.7659662374998157	1.7659662374998157
AZD0530	ENSG00000127325	1.7656269078983127	1.7656269078983127	1.7656269078983127
AZD0530	ENSG00000158571	1.7653506608809977	1.7653506608809977	1.7653506608809977
AZD0530	ENSG00000113161	1.765263861878401	1.765263861878401	1.765263861878401
AZD0530	ENSG00000158406	1.7648708831983033	1.7648708831983033	1.7648708831983033
AZD0530	FAM108B1	1.7648493197109119	1.7648493197109119	1.7648493197109119
AZD0530	ENSG00000136908	1.7648082618508667	1.7648082618508667	1.7648082618508667
AZD0530	LOC100130111	1.764571859913313	1.764571859913313	1.764571859913313
AZD0530	ENSG00000167778	1.7643207171263653	1.7643207171263653	1.7643207171263653
AZD0530	LOC100507110	1.7641876343075291	1.7641876343075291	1.7641876343075291
AZD0530	ENSG00000166821	1.7641848794564947	1.7641848794564947	1.7641848794564947
AZD0530	ENSG00000099204	1.7632514424341221	1.7632514424341221	1.7632514424341221
AZD0530	ENSG00000162496	1.7632432882047986	1.7632432882047986	1.7632432882047986
AZD0530	ENSG00000196453	1.763180425121137	1.763180425121137	1.763180425121137
AZD0530	ENSG00000163754	1.7630176280193286	1.7630176280193286	1.7630176280193286
AZD0530	ENSG00000003436	1.762490357428795	1.762490357428795	1.762490357428795
AZD0530	ENSG00000151025	1.7624162797385006	1.7624162797385006	1.7624162797385006
AZD0530	ENSG00000111834	1.7622768258991426	1.7622768258991426	1.7622768258991426
AZD0530	PIDD	1.7621471719083184	1.7621471719083184	1.7621471719083184
AZD0530	C18orf1	1.7621076954884007	1.7621076954884007	1.7621076954884007
AZD0530	ENSG00000213865	1.7619739985524052	1.7619739985524052	1.7619739985524052
AZD0530	ENSG00000168246	1.7617003592792513	1.7617003592792513	1.7617003592792513
AZD0530	ENSG00000075234	1.7606318154426512	1.7606318154426512	1.7606318154426512
AZD0530	ENSG00000111305	1.7605989486153037	1.7605989486153037	1.7605989486153037
AZD0530	ENSG00000166411	1.7605777516797505	1.7605777516797505	1.7605777516797505
AZD0530	ENSG00000139626	1.760070579182872	1.760070579182872	1.760070579182872
AZD0530	KIAA0284	1.759650689019406	1.759650689019406	1.759650689019406
AZD0530	ENSG00000150681	1.7594993049885408	1.7594993049885408	1.7594993049885408
AZD0530	KDM5B-AS1	1.7593873171359773	1.7593873171359773	1.7593873171359773
AZD0530	ENSG00000130294	1.7593747815417577	1.7593747815417577	1.7593747815417577
AZD0530	ENSG00000197372	1.7593392593001005	1.7593392593001005	1.7593392593001005
AZD0530	ENSG00000132016	1.7590875898112828	1.7590875898112828	1.7590875898112828
AZD0530	ENSG00000185811	1.7589475570101307	1.7589475570101307	1.7589475570101307
AZD0530	ENSG00000198049	1.757876388395286	1.757876388395286	1.757876388395286
AZD0530	ENSG00000157514	1.7577652317279608	1.7577652317279608	1.7577652317279608
AZD0530	ENSG00000176473	1.7577116440461897	1.7577116440461897	1.7577116440461897
AZD0530	ENSG00000149131	1.7576556994702826	1.7576556994702826	1.7576556994702826
AZD0530	ENSG00000116095	1.757621501718331	1.757621501718331	1.757621501718331
AZD0530	ENSG00000279078	1.7575532571291348	1.7575532571291348	1.7575532571291348
AZD0530	FLJ22184	1.7575051335050487	1.7575051335050487	1.7575051335050487
AZD0530	ENSG00000108262	1.7570954540948829	1.7570954540948829	1.7570954540948829
AZD0530	ENSG00000215301	1.75654366013837	1.75654366013837	1.75654366013837
AZD0530	ENSG00000184293	1.7555912085652743	1.7555912085652743	1.7555912085652743
AZD0530	ENSG00000240280	1.7555739576328944	1.7555739576328944	1.7555739576328944
AZD0530	LOC255411	1.7551167461647859	1.7551167461647859	1.7551167461647859
AZD0530	ENSG00000118702	1.7546152220797255	1.7546152220797255	1.7546152220797255
AZD0530	ENSG00000185634	1.7545910826903588	1.7545910826903588	1.7545910826903588
AZD0530	ENSG00000169696	1.7544620770298605	1.7544620770298605	1.7544620770298605
AZD0530	ENSG00000136868	1.7544606117892698	1.7544606117892698	1.7544606117892698
AZD0530	ENSG00000077274	1.7534856056799342	1.7534856056799342	1.7534856056799342
AZD0530	ENSG00000172367	1.7534193358247259	1.7534193358247259	1.7534193358247259
AZD0530	ENSG00000196381	1.753356356282126	1.753356356282126	1.753356356282126
AZD0530	ENSG00000148680	1.753310787265092	1.753310787265092	1.753310787265092
AZD0530	ENSG00000105967	1.753188924481987	1.753188924481987	1.753188924481987
AZD0530	ENSG00000115828	1.7526946484165757	1.7526946484165757	1.7526946484165757
AZD0530	ENSG00000231939	1.7518320447997753	1.7518320447997753	1.7518320447997753
AZD0530	ENSG00000142102	1.751532650559878	1.751532650559878	1.751532650559878
AZD0530	ENSG00000179954	1.751160265657647	1.751160265657647	1.751160265657647
AZD0530	ENSG00000163053	1.7501859802138013	1.7501859802138013	1.7501859802138013
AZD0530	ENSG00000127362	1.7498489857015687	1.7498489857015687	1.7498489857015687
AZD0530	ENSG00000159596	1.749800555885378	1.749800555885378	1.749800555885378
AZD0530	ENSG00000133107	1.749406887110427	1.749406887110427	1.749406887110427
AZD0530	ENSG00000173473	1.7490846886597495	1.7490846886597495	1.7490846886597495
AZD0530	ENSG00000184434	1.7490674227559273	1.7490674227559273	1.7490674227559273
AZD0530	LRRC33	1.7487155906765517	1.7487155906765517	1.7487155906765517
AZD0530	ENSG00000109016	1.7485717120008486	1.7485717120008486	1.7485717120008486
AZD0530	ENSG00000140945	1.7482150283899336	1.7482150283899336	1.7482150283899336
AZD0530	ENSG00000180035	1.7474010952267198	1.7474010952267198	1.7474010952267198
AZD0530	ENSG00000164398	1.7473356870606422	1.7473356870606422	1.7473356870606422
AZD0530	ENSG00000259905	1.7472197193215795	1.7472197193215795	1.7472197193215795
AZD0530	ENSG00000168079	1.7467162423933682	1.7467162423933682	1.7467162423933682
AZD0530	ENSG00000122299	1.7465940829941005	1.7465940829941005	1.7465940829941005
AZD0530	ENSG00000146232	1.746396844128679	1.746396844128679	1.746396844128679
AZD0530	ENSG00000173335	1.7462294781578809	1.7462294781578809	1.7462294781578809
AZD0530	ENSG00000185100	1.7458835990737018	1.7458835990737018	1.7458835990737018
AZD0530	ENSG00000078328	1.7457709655657032	1.7457709655657032	1.7457709655657032
AZD0530	ENSG00000226347	1.745732891649154	1.745732891649154	1.745732891649154
AZD0530	ENSG00000157680	1.7452066474061834	1.7452066474061834	1.7452066474061834
AZD0530	PHF17	1.7449541615219546	1.7449541615219546	1.7449541615219546
AZD0530	ENSG00000101977	1.7447762901371833	1.7447762901371833	1.7447762901371833
AZD0530	ENSG00000170954	1.7447684784280648	1.7447684784280648	1.7447684784280648
AZD0530	ENSG00000128045	1.7445975698317502	1.7445975698317502	1.7445975698317502
AZD0530	LOC284837	1.7445400155298108	1.7445400155298108	1.7445400155298108
AZD0530	ENSG00000165309	1.7445357193026776	1.7445357193026776	1.7445357193026776
AZD0530	ENSG00000160791	1.7445353995519925	1.7445353995519925	1.7445353995519925
AZD0530	LRG_316	1.744318719446249	1.744318719446249	1.744318719446249
AZD0530	ENSG00000172845	1.7442016686750823	1.7442016686750823	1.7442016686750823
AZD0530	ENSG00000139278	1.744078284440206	1.744078284440206	1.744078284440206
AZD0530	ENSG00000177842	1.7440433917189144	1.7440433917189144	1.7440433917189144
AZD0530	ENSG00000142515	1.743651359463124	1.743651359463124	1.743651359463124
AZD0530	ENSG00000100336	1.7434523363141998	1.7434523363141998	1.7434523363141998
AZD0530	ENSG00000102580	1.7428745431143022	1.7428745431143022	1.7428745431143022
AZD0530	ENSG00000105443	1.742831513133937	1.742831513133937	1.742831513133937
AZD0530	ENSG00000018280	1.7423167099438295	1.7423167099438295	1.7423167099438295
AZD0530	ENSG00000135838	1.742181562010718	1.742181562010718	1.742181562010718
AZD0530	ENSG00000151502	1.7419112768560703	1.7419112768560703	1.7419112768560703
AZD0530	ENSG00000197415	1.7416018780581979	1.7416018780581979	1.7416018780581979
AZD0530	ENSG00000156502	1.7415797783558535	1.7415797783558535	1.7415797783558535
AZD0530	ENSG00000004534	1.7409329354864957	1.7409329354864957	1.7409329354864957
AZD0530	ENSG00000118579	1.74074808312876	1.74074808312876	1.74074808312876
AZD0530	LOC100130155	1.7403970327616463	1.7403970327616463	1.7403970327616463
AZD0530	ENSG00000023734	1.7401564068405777	1.7401564068405777	1.7401564068405777
AZD0530	ENSG00000163888	1.739891867163199	1.739891867163199	1.739891867163199
AZD0530	ENSG00000100226	1.7398570567543854	1.7398570567543854	1.7398570567543854
AZD0530	ENSG00000189337	1.7398446236522946	1.7398446236522946	1.7398446236522946
AZD0530	ENSG00000187908	1.7398306239917087	1.7398306239917087	1.7398306239917087
AZD0530	LRG_493	1.7397423140153538	1.7397423140153538	1.7397423140153538
AZD0530	ENSG00000112293	1.73943859203758	1.73943859203758	1.73943859203758
AZD0530	ENSG00000115520	1.7393389104130266	1.7393389104130266	1.7393389104130266
AZD0530	ENSG00000075407	1.7392373890095227	1.7392373890095227	1.7392373890095227
AZD0530	LRG_42	1.7391083567355006	1.7391083567355006	1.7391083567355006
AZD0530	ENSG00000178381	1.7389818707355396	1.7389818707355396	1.7389818707355396
AZD0530	ENSG00000101417	1.7385617869205312	1.7385617869205312	1.7385617869205312
AZD0530	ENSG00000235621	1.7383020506312352	1.7383020506312352	1.7383020506312352
AZD0530	ENSG00000081248	1.7379607474406318	1.7379607474406318	1.7379607474406318
AZD0530	LOC100506088	1.737829812611085	1.737829812611085	1.737829812611085
AZD0530	ENSG00000112562	1.7375819553330152	1.7375819553330152	1.7375819553330152
AZD0530	LOC728095	1.737452291583389	1.737452291583389	1.737452291583389
AZD0530	ENSG00000113282	1.737204025029102	1.737204025029102	1.737204025029102
AZD0530	ENSG00000104888	1.737188141349128	1.737188141349128	1.737188141349128
AZD0530	ENSG00000135736	1.7371027466831135	1.7371027466831135	1.7371027466831135
AZD0530	LOC100506238	1.7370836574043633	1.7370836574043633	1.7370836574043633
AZD0530	ENSG00000166446	1.7369768396670862	1.7369768396670862	1.7369768396670862
AZD0530	ENSG00000136840	1.7368129533330805	1.7368129533330805	1.7368129533330805
AZD0530	ENSG00000124098	1.7366409139261754	1.7366409139261754	1.7366409139261754
AZD0530	ENSG00000235631	1.7366005444613872	1.7366005444613872	1.7366005444613872
AZD0530	ENSG00000176714	1.7362511682067774	1.7362511682067774	1.7362511682067774
AZD0530	ENSG00000136521	1.7352113674545688	1.7352113674545688	1.7352113674545688
AZD0530	ENSG00000076662	1.7347273082166583	1.7347273082166583	1.7347273082166583
AZD0530	ENSG00000175155	1.733777959440917	1.733777959440917	1.733777959440917
AZD0530	ENSG00000102349	1.733168593181487	1.733168593181487	1.733168593181487
AZD0530	ENSG00000089091	1.7329709957700303	1.7329709957700303	1.7329709957700303
AZD0530	ENSG00000164849	1.7327738947264149	1.7327738947264149	1.7327738947264149
AZD0530	ENSG00000168131	1.732518820666779	1.732518820666779	1.732518820666779
AZD0530	ENSG00000109814	1.7322324946028012	1.7322324946028012	1.7322324946028012
AZD0530	ENSG00000176170	1.73199208127585	1.73199208127585	1.73199208127585
AZD0530	TMEM111	1.7319755103570493	1.7319755103570493	1.7319755103570493
AZD0530	ENSG00000123836	1.7319660366199026	1.7319660366199026	1.7319660366199026
AZD0530	ENSG00000187918	1.7317705238497023	1.7317705238497023	1.7317705238497023
AZD0530	ENSG00000069712	1.7316299930845789	1.7316299930845789	1.7316299930845789
AZD0530	ENSG00000129473	1.7315224668645604	1.7315224668645604	1.7315224668645604
AZD0530	ENSG00000145996	1.7314252495207443	1.7314252495207443	1.7314252495207443
AZD0530	ENSG00000145555	1.7313259345216399	1.7313259345216399	1.7313259345216399
AZD0530	ENSG00000112799	1.7313004991616394	1.7313004991616394	1.7313004991616394
AZD0530	ENSG00000006016	1.7309539876879898	1.7309539876879898	1.7309539876879898
AZD0530	ENSG00000104321	1.7308572338960782	1.7308572338960782	1.7308572338960782
AZD0530	ENSG00000187889	1.7303664224866278	1.7303664224866278	1.7303664224866278
AZD0530	ENSG00000037042	1.7303267228655819	1.7303267228655819	1.7303267228655819
AZD0530	ENSG00000185615	1.7300784242484528	1.7300784242484528	1.7300784242484528
AZD0530	ENSG00000122390	1.7297466804250445	1.7297466804250445	1.7297466804250445
AZD0530	ENSG00000138032	1.7295454775691836	1.7295454775691836	1.7295454775691836
AZD0530	ENSG00000142512	1.7294547272067848	1.7294547272067848	1.7294547272067848
AZD0530	ENSG00000277943	1.7291237356527938	1.7291237356527938	1.7291237356527938
AZD0530	ENSG00000163586	1.7282618253550754	1.7282618253550754	1.7282618253550754
AZD0530	ENSG00000269955	1.7280833865651757	1.7280833865651757	1.7280833865651757
AZD0530	ENSG00000165202	1.7280782303624138	1.7280782303624138	1.7280782303624138
AZD0530	ENSG00000179941	1.7273801977978624	1.7273801977978624	1.7273801977978624
AZD0530	ENSG00000152583	1.7272028008483176	1.7272028008483176	1.7272028008483176
AZD0530	ENSG00000070915	1.7270009959703974	1.7270009959703974	1.7270009959703974
AZD0530	ENSG00000213390	1.7267398945918784	1.7267398945918784	1.7267398945918784
AZD0530	ENSG00000181408	1.7264089278091548	1.7264089278091548	1.7264089278091548
AZD0530	ENSG00000125409	1.726393284511522	1.726393284511522	1.726393284511522
AZD0530	ENSG00000148985	1.7263066386674824	1.7263066386674824	1.7263066386674824
AZD0530	ENSG00000128342	1.7259647230254616	1.7259647230254616	1.7259647230254616
AZD0530	LOC100506948	1.7259298116228556	1.7259298116228556	1.7259298116228556
AZD0530	ENSG00000063245	1.7258485260275762	1.7258485260275762	1.7258485260275762
AZD0530	ENSG00000142513	1.7258291185377077	1.7258291185377077	1.7258291185377077
AZD0530	ENSG00000185985	1.7255708245308743	1.7255708245308743	1.7255708245308743
AZD0530	ENSG00000103035	1.725075767178528	1.725075767178528	1.725075767178528
AZD0530	ENSG00000231941	1.724946957987755	1.724946957987755	1.724946957987755
AZD0530	ENSG00000184500	1.7245375919705146	1.7245375919705146	1.7245375919705146
AZD0530	ENSG00000139613	1.7244633546858648	1.7244633546858648	1.7244633546858648
AZD0530	ENSG00000071909	1.7244132112088661	1.7244132112088661	1.7244132112088661
AZD0530	ENSG00000115233	1.7241000882891735	1.7241000882891735	1.7241000882891735
AZD0530	ENSG00000197982	1.723022483743412	1.723022483743412	1.723022483743412
AZD0530	ENSG00000005206	1.722744197392532	1.722744197392532	1.722744197392532
AZD0530	ENSG00000180785	1.7226003681703739	1.7226003681703739	1.7226003681703739
AZD0530	ENSG00000173041	1.722448408834917	1.722448408834917	1.722448408834917
AZD0530	PPPDE2	1.7223500532887135	1.7223500532887135	1.7223500532887135
AZD0530	ENSG00000150593	1.7223441477704673	1.7223441477704673	1.7223441477704673
AZD0530	ENSG00000171603	1.7216492915284418	1.7216492915284418	1.7216492915284418
AZD0530	ENSG00000132846	1.7209860906733345	1.7209860906733345	1.7209860906733345
AZD0530	ENSG00000177556	1.720323858094516	1.720323858094516	1.720323858094516
AZD0530	ENSG00000196459	1.7200555032901645	1.7200555032901645	1.7200555032901645
AZD0530	ENSG00000166479	1.72003889399504	1.72003889399504	1.72003889399504
AZD0530	ENSG00000141027	1.7199502813118372	1.7199502813118372	1.7199502813118372
AZD0530	ENSG00000165182	1.719920823992302	1.719920823992302	1.719920823992302
AZD0530	ENSG00000166159	1.7199048471518994	1.7199048471518994	1.7199048471518994
AZD0530	ENSG00000105997	1.7198627056870395	1.7198627056870395	1.7198627056870395
AZD0530	ENSG00000165028	1.7196866611258874	1.7196866611258874	1.7196866611258874
AZD0530	ENSG00000153339	1.7193537713827771	1.7193537713827771	1.7193537713827771
AZD0530	ENSG00000100302	1.7192586558582559	1.7192586558582559	1.7192586558582559
AZD0530	ENSG00000205835	1.7182647507837547	1.7182647507837547	1.7182647507837547
AZD0530	ENSG00000138468	1.7174993937490979	1.7174993937490979	1.7174993937490979
AZD0530	IPW	1.7174682664144258	1.7174682664144258	1.7174682664144258
AZD0530	ENSG00000166925	1.7168563397713137	1.7168563397713137	1.7168563397713137
AZD0530	LOC100505639	1.7165261085129235	1.7165261085129235	1.7165261085129235
AZD0530	ENSG00000111783	1.7163856800085064	1.7163856800085064	1.7163856800085064
AZD0530	ENSG00000186265	1.7159033608462084	1.7159033608462084	1.7159033608462084
AZD0530	ENSG00000129347	1.7158741643108684	1.7158741643108684	1.7158741643108684
AZD0530	ENSG00000183814	1.7153867915883563	1.7153867915883563	1.7153867915883563
AZD0530	ENSG00000095981	1.715153232961027	1.715153232961027	1.715153232961027
AZD0530	ENSG00000233316	1.7144345428697207	1.7144345428697207	1.7144345428697207
AZD0530	ENSG00000176485	1.7144321344758486	1.7144321344758486	1.7144321344758486
AZD0530	ENSG00000154447	1.7141616523984413	1.7141616523984413	1.7141616523984413
AZD0530	ENSG00000137413	1.7140207767669104	1.7140207767669104	1.7140207767669104
AZD0530	ENSG00000275199	1.7139304612971955	1.7139304612971955	1.7139304612971955
AZD0530	ENSG00000102309	1.7137283381458985	1.7137283381458985	1.7137283381458985
AZD0530	ENSG00000189376	1.7136606959680665	1.7136606959680665	1.7136606959680665
AZD0530	ENSG00000148411	1.7133090741597559	1.7133090741597559	1.7133090741597559
AZD0530	ENSG00000177613	1.7126765448863417	1.7126765448863417	1.7126765448863417
AZD0530	ENSG00000066044	1.7126104880917965	1.7126104880917965	1.7126104880917965
AZD0530	ENSG00000151116	1.712325104074285	1.712325104074285	1.712325104074285
AZD0530	ENSG00000070388	1.712308611774345	1.712308611774345	1.712308611774345
AZD0530	ENSG00000135374	1.711903755467218	1.711903755467218	1.711903755467218
AZD0530	ENSG00000113595	1.711805896213941	1.711805896213941	1.711805896213941
AZD0530	ENSG00000116218	1.711058867066297	1.711058867066297	1.711058867066297
AZD0530	ENSG00000114857	1.7107892242548495	1.7107892242548495	1.7107892242548495
AZD0530	ENSG00000243978	1.7102737533989356	1.7102737533989356	1.7102737533989356
AZD0530	LOC389023	1.7100956578726287	1.7100956578726287	1.7100956578726287
AZD0530	ENSG00000154165	1.709503792041	1.709503792041	1.709503792041
AZD0530	ENSG00000131401	1.7094907354706104	1.7094907354706104	1.7094907354706104
AZD0530	ENSG00000165782	1.7094234244951503	1.7094234244951503	1.7094234244951503
AZD0530	ENSG00000164088	1.7093921803201455	1.7093921803201455	1.7093921803201455
AZD0530	ENSG00000182718	1.7087978625193763	1.7087978625193763	1.7087978625193763
AZD0530	ENSG00000134817	1.7082065792904286	1.7082065792904286	1.7082065792904286
AZD0530	ENSG00000084676	1.7078116024056962	1.7078116024056962	1.7078116024056962
AZD0530	ENSG00000108829	1.707608024124345	1.707608024124345	1.707608024124345
AZD0530	ENSG00000197329	1.7075414023233073	1.7075414023233073	1.7075414023233073
AZD0530	ENSG00000024422	1.707382692937814	1.707382692937814	1.707382692937814
AZD0530	ENSG00000143398	1.7072117100029764	1.7072117100029764	1.7072117100029764
AZD0530	ENSG00000128285	1.706607633084	1.706607633084	1.706607633084
AZD0530	ENSG00000106080	1.7065756680511361	1.7065756680511361	1.7065756680511361
AZD0530	ENSG00000187134	1.7061633058909718	1.7061633058909718	1.7061633058909718
AZD0530	ENSG00000117707	1.7061145405819795	1.7061145405819795	1.7061145405819795
AZD0530	ENSG00000167748	1.7060838988322158	1.7060838988322158	1.7060838988322158
AZD0530	ENSG00000122477	1.705925555673788	1.705925555673788	1.705925555673788
AZD0530	ENSG00000275618	1.705818543650595	1.705818543650595	1.705818543650595
AZD0530	LOC100507065	1.7057857562069174	1.7057857562069174	1.7057857562069174
AZD0530	ENSG00000256223	1.7055525951657606	1.7055525951657606	1.7055525951657606
AZD0530	ENSG00000113073	1.7054445719210858	1.7054445719210858	1.7054445719210858
AZD0530	ENSG00000182600	1.7050100970306181	1.7050100970306181	1.7050100970306181
AZD0530	ENSG00000078081	1.7046839496014838	1.7046839496014838	1.7046839496014838
AZD0530	ENSG00000021645	1.7045632739872	1.7045632739872	1.7045632739872
AZD0530	ENSG00000135362	1.7042671230815158	1.7042671230815158	1.7042671230815158
AZD0530	ENSG00000182890	1.7040074839679669	1.7040074839679669	1.7040074839679669
AZD0530	ENSG00000161011	1.7037441632349068	1.7037441632349068	1.7037441632349068
AZD0530	ENSG00000134590	1.7036059700631865	1.7036059700631865	1.7036059700631865
AZD0530	ENSG00000123353	1.703495600048845	1.703495600048845	1.703495600048845
AZD0530	ENSG00000088992	1.7033773652589845	1.7033773652589845	1.7033773652589845
AZD0530	ENSG00000170579	1.7027274785195823	1.7027274785195823	1.7027274785195823
AZD0530	ENSG00000236227	1.7025889166996073	1.7025889166996073	1.7025889166996073
AZD0530	ENSG00000272620	1.7025448594690205	1.7025448594690205	1.7025448594690205
AZD0530	ENSG00000102935	1.7025300553260838	1.7025300553260838	1.7025300553260838
AZD0530	COX4NB	1.7024147126151097	1.7024147126151097	1.7024147126151097
AZD0530	ENSG00000165175	1.7021555499402397	1.7021555499402397	1.7021555499402397
AZD0530	ENSG00000004776	1.7017978024019342	1.7017978024019342	1.7017978024019342
AZD0530	LOC100628307	1.701753815154195	1.701753815154195	1.701753815154195
AZD0530	ENSG00000230701	1.701526104152165	1.701526104152165	1.701526104152165
AZD0530	ENSG00000108960	1.7009717140660048	1.7009717140660048	1.7009717140660048
AZD0530	ENSG00000197142	1.7009240813536977	1.7009240813536977	1.7009240813536977
AZD0530	ENSG00000124789	1.7004255475156589	1.7004255475156589	1.7004255475156589
AZD0530	ENSG00000185338	1.7003547967013357	1.7003547967013357	1.7003547967013357
AZD0530	ENSG00000136931	1.700312494783422	1.700312494783422	1.700312494783422
AZD0530	ENSG00000144481	1.6999101142885504	1.6999101142885504	1.6999101142885504
AZD0530	ENSG00000175110	1.6998475466842213	1.6998475466842213	1.6998475466842213
AZD0530	WDR69	1.6994823992574997	1.6994823992574997	1.6994823992574997
AZD0530	ENSG00000105509	1.6994185918733524	1.6994185918733524	1.6994185918733524
AZD0530	ENSG00000248144	1.6993765582352256	1.6993765582352256	1.6993765582352256
AZD0530	ENSG00000188153	1.6992382181646237	1.6992382181646237	1.6992382181646237
AZD0530	ENSG00000128829	1.6988850915928697	1.6988850915928697	1.6988850915928697
AZD0530	ENSG00000118816	1.6987620405593509	1.6987620405593509	1.6987620405593509
AZD0530	LOC100506021	1.6986536872058904	1.6986536872058904	1.6986536872058904
AZD0530	ENSG00000155640	1.698271950525133	1.698271950525133	1.698271950525133
AZD0530	LOC100128252	1.6978001620436882	1.6978001620436882	1.6978001620436882
AZD0530	LOC100507314	1.6977653941621262	1.6977653941621262	1.6977653941621262
AZD0530	C9orf125	1.697732103326364	1.697732103326364	1.697732103326364
AZD0530	ENSG00000197780	1.6973537964148686	1.6973537964148686	1.6973537964148686
AZD0530	ENSG00000135205	1.6973498798838358	1.6973498798838358	1.6973498798838358
AZD0530	ENSG00000152104	1.697312189583507	1.697312189583507	1.697312189583507
AZD0530	ENSG00000161082	1.6971185740550185	1.6971185740550185	1.6971185740550185
AZD0530	ENSG00000138166	1.6969609232577354	1.6969609232577354	1.6969609232577354
AZD0530	ENSG00000102891	1.6967177286845485	1.6967177286845485	1.6967177286845485
AZD0530	ENSG00000119326	1.6962491590923752	1.6962491590923752	1.6962491590923752
AZD0530	LOC100631378	1.6958859821236507	1.6958859821236507	1.6958859821236507
AZD0530	ENSG00000178401	1.6958179874577066	1.6958179874577066	1.6958179874577066
AZD0530	ENSG00000229061	1.6958023690370017	1.6958023690370017	1.6958023690370017
AZD0530	ENSG00000105894	1.6957944552222615	1.6957944552222615	1.6957944552222615
AZD0530	ENSG00000249715	1.6957026069913301	1.6957026069913301	1.6957026069913301
AZD0530	ENSG00000131620	1.6956430047759559	1.6956430047759559	1.6956430047759559
AZD0530	ENSG00000166510	1.6952035666450378	1.6952035666450378	1.6952035666450378
AZD0530	ENSG00000172687	1.6950386317383417	1.6950386317383417	1.6950386317383417
AZD0530	ENSG00000276903	1.6948040748673414	1.6948040748673414	1.6948040748673414
AZD0530	LRG_88	1.6944965165032684	1.6944965165032684	1.6944965165032684
AZD0530	ENSG00000178295	1.6943488535610025	1.6943488535610025	1.6943488535610025
AZD0530	ENSG00000133606	1.6942626468382	1.6942626468382	1.6942626468382
AZD0530	ENSG00000155189	1.6942606874944277	1.6942606874944277	1.6942606874944277
AZD0530	ENSG00000091704	1.694208419682121	1.694208419682121	1.694208419682121
AZD0530	ENSG00000105278	1.6941927418212925	1.6941927418212925	1.6941927418212925
AZD0530	ENSG00000132109	1.6941898997331595	1.6941898997331595	1.6941898997331595
AZD0530	ENSG00000100376	1.6940243004749371	1.6940243004749371	1.6940243004749371
AZD0530	ENSG00000112319	1.6938088289538185	1.6938088289538185	1.6938088289538185
AZD0530	LRG_142	1.6935063042459593	1.6935063042459593	1.6935063042459593
AZD0530	LOC100286844	1.6934377628249806	1.6934377628249806	1.6934377628249806
AZD0530	ENSG00000106615	1.6929914455404125	1.6929914455404125	1.6929914455404125
AZD0530	LOC441461	1.6929389175021876	1.6929389175021876	1.6929389175021876
AZD0530	ENSG00000068654	1.6926881651202188	1.6926881651202188	1.6926881651202188
AZD0530	ENSG00000147081	1.691354198766485	1.691354198766485	1.691354198766485
AZD0530	C15orf37	1.6913362001612144	1.6913362001612144	1.6913362001612144
AZD0530	ENSG00000125458	1.691186514514819	1.691186514514819	1.691186514514819
AZD0530	ENSG00000166527	1.690976910822256	1.690976910822256	1.690976910822256
AZD0530	ENSG00000152214	1.6906062901383274	1.6906062901383274	1.6906062901383274
AZD0530	LOC645591	1.690551318531874	1.690551318531874	1.690551318531874
AZD0530	ENSG00000184574	1.6903197954965088	1.6903197954965088	1.6903197954965088
AZD0530	ENSG00000183470	1.6901545544123124	1.6901545544123124	1.6901545544123124
AZD0530	ENSG00000205978	1.6900850855114913	1.6900850855114913	1.6900850855114913
AZD0530	ENSG00000158022	1.6896180177913684	1.6896180177913684	1.6896180177913684
AZD0530	ENSG00000120328	1.6895855262634343	1.6895855262634343	1.6895855262634343
AZD0530	ENSG00000185361	1.689048383611337	1.689048383611337	1.689048383611337
AZD0530	ENSG00000174775	1.6889337826622295	1.6889337826622295	1.6889337826622295
AZD0530	ENSG00000182934	1.6888855775323668	1.6888855775323668	1.6888855775323668
AZD0530	ENSG00000141526	1.6886565902794148	1.6886565902794148	1.6886565902794148
AZD0530	ENSG00000274746	1.6885999398756761	1.6885999398756761	1.6885999398756761
AZD0530	ENSG00000203710	1.6881696301742501	1.6881696301742501	1.6881696301742501
AZD0530	ENSG00000147164	1.6881295996036976	1.6881295996036976	1.6881295996036976
AZD0530	ENSG00000137210	1.6875466642763237	1.6875466642763237	1.6875466642763237
AZD0530	ENSG00000170325	1.6873872839725796	1.6873872839725796	1.6873872839725796
AZD0530	ENSG00000144908	1.6873825471913484	1.6873825471913484	1.6873825471913484
AZD0530	ENSG00000153179	1.687322880956827	1.687322880956827	1.687322880956827
AZD0530	ENSG00000206579	1.6872618496361034	1.6872618496361034	1.6872618496361034
AZD0530	ENSG00000213096	1.6865979809680922	1.6865979809680922	1.6865979809680922
AZD0530	ENSG00000215018	1.6858862242461035	1.6858862242461035	1.6858862242461035
AZD0530	ENSG00000125449	1.6853517634268658	1.6853517634268658	1.6853517634268658
AZD0530	ENSG00000164953	1.6852157623864144	1.6852157623864144	1.6852157623864144
AZD0530	ENSG00000111052	1.6845437720061347	1.6845437720061347	1.6845437720061347
AZD0530	ENSG00000106089	1.684212831372352	1.684212831372352	1.684212831372352
AZD0530	ENSG00000137841	1.6836266910004758	1.6836266910004758	1.6836266910004758
AZD0530	ENSG00000087502	1.6833987113617153	1.6833987113617153	1.6833987113617153
AZD0530	ENSG00000135363	1.6832354269229843	1.6832354269229843	1.6832354269229843
AZD0530	LRG_31	1.6829522756837683	1.6829522756837683	1.6829522756837683
AZD0530	ENSG00000138684	1.6828552891846569	1.6828552891846569	1.6828552891846569
AZD0530	ENSG00000101280	1.682660184005829	1.682660184005829	1.682660184005829
AZD0530	LOC100507322	1.6822875849537613	1.6822875849537613	1.6822875849537613
AZD0530	ENSG00000105227	1.682072631299688	1.682072631299688	1.682072631299688
AZD0530	ENSG00000178878	1.6819981902239893	1.6819981902239893	1.6819981902239893
AZD0530	ENSG00000125900	1.6818065812538314	1.6818065812538314	1.6818065812538314
AZD0530	ENSG00000121057	1.6816193757812385	1.6816193757812385	1.6816193757812385
AZD0530	ENSG00000121871	1.6814703912904754	1.6814703912904754	1.6814703912904754
AZD0530	ENSG00000180279	1.6809520979247352	1.6809520979247352	1.6809520979247352
AZD0530	ENSG00000143384	1.6805340866084537	1.6805340866084537	1.6805340866084537
AZD0530	LOC400958	1.6805239387140845	1.6805239387140845	1.6805239387140845
AZD0530	ENSG00000130032	1.6799915837855732	1.6799915837855732	1.6799915837855732
AZD0530	ENSG00000187720	1.6799899872837447	1.6799899872837447	1.6799899872837447
AZD0530	ENSG00000108813	1.6799821221954834	1.6799821221954834	1.6799821221954834
AZD0530	ENSG00000111732	1.679975588379658	1.679975588379658	1.679975588379658
AZD0530	ENSG00000173480	1.6799248171779197	1.6799248171779197	1.6799248171779197
AZD0530	ENSG00000100106	1.6796683918978612	1.6796683918978612	1.6796683918978612
AZD0530	ENSG00000111046	1.6793309648556065	1.6793309648556065	1.6793309648556065
AZD0530	ENSG00000139990	1.6791923143790841	1.6791923143790841	1.6791923143790841
AZD0530	ENSG00000158711	1.6791248951125688	1.6791248951125688	1.6791248951125688
AZD0530	ENSG00000117153	1.6787362486833444	1.6787362486833444	1.6787362486833444
AZD0530	ENSG00000154548	1.6787179023508374	1.6787179023508374	1.6787179023508374
AZD0530	ENSG00000182670	1.678675092978873	1.678675092978873	1.678675092978873
AZD0530	ENSG00000011258	1.6780645017955715	1.6780645017955715	1.6780645017955715
AZD0530	ENSG00000105143	1.677929810923052	1.677929810923052	1.677929810923052
AZD0530	ENSG00000186350	1.6778427305719121	1.6778427305719121	1.6778427305719121
AZD0530	ENSG00000150712	1.6778254408351672	1.6778254408351672	1.6778254408351672
AZD0530	ENSG00000103742	1.6775491276973193	1.6775491276973193	1.6775491276973193
AZD0530	ENSG00000130475	1.6775221087760783	1.6775221087760783	1.6775221087760783
AZD0530	ENSG00000101935	1.6770110874726865	1.6770110874726865	1.6770110874726865
AZD0530	ENSG00000133104	1.6770011143032317	1.6770011143032317	1.6770011143032317
AZD0530	MYCL1	1.6765705185896267	1.6765705185896267	1.6765705185896267
AZD0530	ENSG00000140521	1.6763116748274332	1.6763116748274332	1.6763116748274332
AZD0530	ENSG00000147684	1.6762928385966784	1.6762928385966784	1.6762928385966784
AZD0530	ENSG00000162086	1.6760996274084692	1.6760996274084692	1.6760996274084692
AZD0530	ENSG00000241313	1.676070718903315	1.676070718903315	1.676070718903315
AZD0530	ENSG00000166415	1.6758961286055347	1.6758961286055347	1.6758961286055347
AZD0530	ENSG00000197565	1.6756566900524201	1.6756566900524201	1.6756566900524201
AZD0530	ENSG00000229547	1.675083329817835	1.675083329817835	1.675083329817835
AZD0530	LRG_169	1.6742319379382309	1.6742319379382309	1.6742319379382309
AZD0530	ENSG00000274527	1.6741312680373108	1.6741312680373108	1.6741312680373108
AZD0530	LOC645212	1.6740315751887087	1.6740315751887087	1.6740315751887087
AZD0530	ENSG00000153563	1.6736899924027673	1.6736899924027673	1.6736899924027673
AZD0530	PAR5	1.6730422101988593	1.6730422101988593	1.6730422101988593
AZD0530	LOC100506119	1.6730247120565582	1.6730247120565582	1.6730247120565582
AZD0530	ENSG00000166949	1.6726888234030775	1.6726888234030775	1.6726888234030775
AZD0530	ENSG00000198142	1.6726821719297522	1.6726821719297522	1.6726821719297522
AZD0530	ENSG00000169032	1.6726152748441439	1.6726152748441439	1.6726152748441439
AZD0530	ENSG00000128253	1.671706093337429	1.671706093337429	1.671706093337429
AZD0530	ENSG00000149600	1.6715232328661278	1.6715232328661278	1.6715232328661278
AZD0530	ENSG00000077458	1.6714683312890812	1.6714683312890812	1.6714683312890812
AZD0530	ENSG00000112486	1.6710072614086555	1.6710072614086555	1.6710072614086555
AZD0530	ENSG00000197818	1.670625533332385	1.670625533332385	1.670625533332385
AZD0530	ENSG00000196867	1.6703619908212894	1.6703619908212894	1.6703619908212894
AZD0530	LOC100507567	1.670302153077699	1.670302153077699	1.670302153077699
AZD0530	LRG_41	1.670154850993633	1.670154850993633	1.670154850993633
AZD0530	ENSG00000108671	1.670153561927315	1.670153561927315	1.670153561927315
AZD0530	ENSG00000182013	1.6700903524634942	1.6700903524634942	1.6700903524634942
AZD0530	ENSG00000175664	1.6700106459974842	1.6700106459974842	1.6700106459974842
AZD0530	ENSG00000173581	1.6699878960736636	1.6699878960736636	1.6699878960736636
AZD0530	ENSG00000134802	1.6691103280321755	1.6691103280321755	1.6691103280321755
AZD0530	ENSG00000185640	1.6690338090768464	1.6690338090768464	1.6690338090768464
AZD0530	ENSG00000172927	1.6689039283543579	1.6689039283543579	1.6689039283543579
AZD0530	ENSG00000080644	1.6684792703743097	1.6684792703743097	1.6684792703743097
AZD0530	ENSG00000050130	1.668385939965549	1.668385939965549	1.668385939965549
AZD0530	ENSG00000167680	1.6682435426707778	1.6682435426707778	1.6682435426707778
AZD0530	ENSG00000131669	1.6682002730856407	1.6682002730856407	1.6682002730856407
AZD0530	ENSG00000188051	1.66790897037901	1.66790897037901	1.66790897037901
AZD0530	ENSG00000186675	1.6678667035780315	1.6678667035780315	1.6678667035780315
AZD0530	ENSG00000182993	1.667792217021234	1.667792217021234	1.667792217021234
AZD0530	ENSG00000168137	1.6677780582108153	1.6677780582108153	1.6677780582108153
AZD0530	ENSG00000157796	1.6674652770000975	1.6674652770000975	1.6674652770000975
AZD0530	ENSG00000196611	1.6669862163186764	1.6669862163186764	1.6669862163186764
AZD0530	ENSG00000173261	1.6667910219955695	1.6667910219955695	1.6667910219955695
AZD0530	ENSG00000168769	1.6667213822933329	1.6667213822933329	1.6667213822933329
AZD0530	ENSG00000171659	1.6667109810747651	1.6667109810747651	1.6667109810747651
AZD0530	ENSG00000136950	1.6665120306405823	1.6665120306405823	1.6665120306405823
AZD0530	ENSG00000100065	1.6664887455787831	1.6664887455787831	1.6664887455787831
AZD0530	ENSG00000182489	1.6659780857270277	1.6659780857270277	1.6659780857270277
AZD0530	C19orf42	1.6659209901596783	1.6659209901596783	1.6659209901596783
AZD0530	ENSG00000168509	1.665582683102244	1.665582683102244	1.665582683102244
AZD0530	ENSG00000187164	1.6651937000442343	1.6651937000442343	1.6651937000442343
AZD0530	ENSG00000012660	1.6651695538187103	1.6651695538187103	1.6651695538187103
AZD0530	ENSG00000177938	1.6650947063003092	1.6650947063003092	1.6650947063003092
AZD0530	ENSG00000119707	1.6650898117593997	1.6650898117593997	1.6650898117593997
AZD0530	ENSG00000081026	1.6648798481512286	1.6648798481512286	1.6648798481512286
AZD0530	ENSG00000154957	1.6647440292751308	1.6647440292751308	1.6647440292751308
AZD0530	ENSG00000004487	1.664414753285152	1.664414753285152	1.664414753285152
AZD0530	ENSG00000242247	1.6641761701386628	1.6641761701386628	1.6641761701386628
AZD0530	ENSG00000158473	1.6640072709477374	1.6640072709477374	1.6640072709477374
AZD0530	ENSG00000215114	1.6637002874002558	1.6637002874002558	1.6637002874002558
AZD0530	ENSG00000153802	1.6634349199679204	1.6634349199679204	1.6634349199679204
AZD0530	LOC100507257	1.6633341499610481	1.6633341499610481	1.6633341499610481
AZD0530	ENSG00000119844	1.6632262132769782	1.6632262132769782	1.6632262132769782
AZD0530	ENSG00000219438	1.6630382345691748	1.6630382345691748	1.6630382345691748
AZD0530	ENSG00000157601	1.6628049442345876	1.6628049442345876	1.6628049442345876
AZD0530	ENSG00000051108	1.6627924262647558	1.6627924262647558	1.6627924262647558
AZD0530	ENSG00000274391	1.6625328906837484	1.6625328906837484	1.6625328906837484
AZD0530	ENSG00000143919	1.6624234638722348	1.6624234638722348	1.6624234638722348
AZD0530	ENSG00000203485	1.6618020229615191	1.6618020229615191	1.6618020229615191
AZD0530	ENSG00000075975	1.6617590328157086	1.6617590328157086	1.6617590328157086
AZD0530	ENSG00000159792	1.6617396016274295	1.6617396016274295	1.6617396016274295
AZD0530	ENSG00000145569	1.661722630671587	1.661722630671587	1.661722630671587
AZD0530	ENSG00000128641	1.661698977649174	1.661698977649174	1.661698977649174
AZD0530	ENSG00000137393	1.6611478836299851	1.6611478836299851	1.6611478836299851
AZD0530	ENSG00000151923	1.660769106102935	1.660769106102935	1.660769106102935
AZD0530	ENSG00000176624	1.660376323820341	1.660376323820341	1.660376323820341
AZD0530	ENSG00000102595	1.6601557566500864	1.6601557566500864	1.6601557566500864
AZD0530	ENSG00000165443	1.6600565090345056	1.6600565090345056	1.6600565090345056
AZD0530	ENSG00000116815	1.659830737055553	1.659830737055553	1.659830737055553
AZD0530	ENSG00000166507	1.65957461323903	1.65957461323903	1.65957461323903
AZD0530	ENSG00000171055	1.6586992572040908	1.6586992572040908	1.6586992572040908
AZD0530	ENSG00000121753	1.658560396936731	1.658560396936731	1.658560396936731
AZD0530	ENSG00000166035	1.6580910907933681	1.6580910907933681	1.6580910907933681
AZD0530	ENSG00000143162	1.6572720095953277	1.6572720095953277	1.6572720095953277
AZD0530	ENSG00000175130	1.6570348639902643	1.6570348639902643	1.6570348639902643
AZD0530	ENSG00000145536	1.6567463823009665	1.6567463823009665	1.6567463823009665
AZD0530	ENSG00000174417	1.6565058578102576	1.6565058578102576	1.6565058578102576
AZD0530	ENSG00000068137	1.6565011009920114	1.6565011009920114	1.6565011009920114
AZD0530	LOC653739	1.6559323358534186	1.6559323358534186	1.6559323358534186
AZD0530	ENSG00000182132	1.6552429954735957	1.6552429954735957	1.6552429954735957
AZD0530	ZFP106	1.655188673379122	1.655188673379122	1.655188673379122
AZD0530	ENSG00000214456	1.6548321903782672	1.6548321903782672	1.6548321903782672
AZD0530	ENSG00000084774	1.6546072755695838	1.6546072755695838	1.6546072755695838
AZD0530	ENSG00000008118	1.6545411891747976	1.6545411891747976	1.6545411891747976
AZD0530	GALNTL2	1.6543047641409454	1.6543047641409454	1.6543047641409454
AZD0530	ENSG00000163933	1.6542513019936849	1.6542513019936849	1.6542513019936849
AZD0530	ENSG00000132305	1.6541923962222393	1.6541923962222393	1.6541923962222393
AZD0530	ENSG00000142789	1.6540022835462056	1.6540022835462056	1.6540022835462056
AZD0530	ENSG00000167670	1.6539549739770998	1.6539549739770998	1.6539549739770998
AZD0530	ENSG00000239819	1.653579028071755	1.653579028071755	1.653579028071755
AZD0530	ENSG00000146216	1.6519601436449884	1.6519601436449884	1.6519601436449884
AZD0530	ENSG00000187867	1.6516767157833738	1.6516767157833738	1.6516767157833738
AZD0530	LRG_91	1.651466318859513	1.651466318859513	1.651466318859513
AZD0530	ENSG00000123933	1.6514615731393065	1.6514615731393065	1.6514615731393065
AZD0530	ENSG00000229937	1.6514259109430265	1.6514259109430265	1.6514259109430265
AZD0530	FAM40B	1.6514054404773104	1.6514054404773104	1.6514054404773104
AZD0530	ENSG00000081803	1.6513881967361295	1.6513881967361295	1.6513881967361295
AZD0530	LRG_390	1.6512517725829146	1.6512517725829146	1.6512517725829146
AZD0530	KCNE1L	1.6505553959790922	1.6505553959790922	1.6505553959790922
AZD0530	ENSG00000100596	1.6504135260553199	1.6504135260553199	1.6504135260553199
AZD0530	ENSG00000165792	1.6503252959238663	1.6503252959238663	1.6503252959238663
AZD0530	ENSG00000185716	1.6502389056208098	1.6502389056208098	1.6502389056208098
AZD0530	ENSG00000125266	1.6500473992717994	1.6500473992717994	1.6500473992717994
AZD0530	ENSG00000180287	1.649806946957851	1.649806946957851	1.649806946957851
AZD0530	ENSG00000125746	1.6493201444138288	1.6493201444138288	1.6493201444138288
AZD0530	ENSG00000019549	1.6491100617929517	1.6491100617929517	1.6491100617929517
AZD0530	ENSG00000082074	1.6487749798501223	1.6487749798501223	1.6487749798501223
AZD0530	ENSG00000108239	1.6485628536654187	1.6485628536654187	1.6485628536654187
AZD0530	ENSG00000067596	1.6485436379719776	1.6485436379719776	1.6485436379719776
AZD0530	LOC100499467	1.6482631870778481	1.6482631870778481	1.6482631870778481
AZD0530	HEATR7A	1.6482511718156003	1.6482511718156003	1.6482511718156003
AZD0530	ENSG00000165113	1.6481405100810995	1.6481405100810995	1.6481405100810995
AZD0530	ENSG00000276701	1.6479578530449588	1.6479578530449588	1.6479578530449588
AZD0530	ENSG00000103966	1.6477047627255628	1.6477047627255628	1.6477047627255628
AZD0530	ENSG00000170653	1.647702426437427	1.647702426437427	1.647702426437427
AZD0530	ENSG00000109846	1.6475775749618295	1.6475775749618295	1.6475775749618295
AZD0530	ENSG00000196431	1.6472720061997526	1.6472720061997526	1.6472720061997526
AZD0530	LOC283887	1.6472196830968295	1.6472196830968295	1.6472196830968295
AZD0530	ENSG00000172179	1.6471713714697656	1.6471713714697656	1.6471713714697656
AZD0530	BDNF-AS1	1.647016925007067	1.647016925007067	1.647016925007067
AZD0530	ENSG00000175387	1.6468204502880397	1.6468204502880397	1.6468204502880397
AZD0530	LOC100506660	1.6468105720433437	1.6468105720433437	1.6468105720433437
AZD0530	ENSG00000077063	1.6465788974241995	1.6465788974241995	1.6465788974241995
AZD0530	ENSG00000198626	1.6459818088722362	1.6459818088722362	1.6459818088722362
AZD0530	ENSG00000205279	1.6459717907733293	1.6459717907733293	1.6459717907733293
AZD0530	MGC23270	1.6458365790534069	1.6458365790534069	1.6458365790534069
AZD0530	ENSG00000168824	1.6458259767608876	1.6458259767608876	1.6458259767608876
AZD0530	ENSG00000122420	1.6457611920016835	1.6457611920016835	1.6457611920016835
AZD0530	ENSG00000148143	1.6457052472812148	1.6457052472812148	1.6457052472812148
AZD0530	ENSG00000273326	1.645392290044335	1.645392290044335	1.645392290044335
AZD0530	ENSG00000154133	1.6453003737830156	1.6453003737830156	1.6453003737830156
AZD0530	ENSG00000226312	1.6451616640372495	1.6451616640372495	1.6451616640372495
AZD0530	LRG_414	1.6441874355647057	1.6441874355647057	1.6441874355647057
AZD0530	ENSG00000243130	1.6436806916898872	1.6436806916898872	1.6436806916898872
AZD0530	ENSG00000198455	1.6434354931894468	1.6434354931894468	1.6434354931894468
AZD0530	CCDC11	1.6432948450268534	1.6432948450268534	1.6432948450268534
AZD0530	ENSG00000123104	1.6430649914478705	1.6430649914478705	1.6430649914478705
AZD0530	ENSG00000171766	1.6430258258022368	1.6430258258022368	1.6430258258022368
AZD0530	ENSG00000198910	1.643020677066788	1.643020677066788	1.643020677066788
AZD0530	ENSG00000122417	1.6424318576286714	1.6424318576286714	1.6424318576286714
AZD0530	ENSG00000213625	1.6424093066884873	1.6424093066884873	1.6424093066884873
AZD0530	ENSG00000188542	1.6422734002505803	1.6422734002505803	1.6422734002505803
AZD0530	ENSG00000198885	1.6420876052324724	1.6420876052324724	1.6420876052324724
AZD0530	ENSG00000167992	1.6420786554522802	1.6420786554522802	1.6420786554522802
AZD0530	ENSG00000108018	1.6416189617390893	1.6416189617390893	1.6416189617390893
AZD0530	ENSG00000105245	1.6415856064740109	1.6415856064740109	1.6415856064740109
AZD0530	LOC100130458	1.6413601045877473	1.6413601045877473	1.6413601045877473
AZD0530	ENSG00000135272	1.641296334091774	1.641296334091774	1.641296334091774
AZD0530	ENSG00000127995	1.6409715318049456	1.6409715318049456	1.6409715318049456
AZD0530	ENSG00000175809	1.6403554802711053	1.6403554802711053	1.6403554802711053
AZD0530	ENSG00000143622	1.640318534281336	1.640318534281336	1.640318534281336
AZD0530	ENSG00000119616	1.6402173969248888	1.6402173969248888	1.6402173969248888
AZD0530	ENSG00000280798	1.6401250564744414	1.6401250564744414	1.6401250564744414
AZD0530	ENSG00000172172	1.6400145679644993	1.6400145679644993	1.6400145679644993
AZD0530	ENSG00000015413	1.6398902422577777	1.6398902422577777	1.6398902422577777
AZD0530	ENSG00000142002	1.639887795526714	1.639887795526714	1.639887795526714
AZD0530	ENSG00000139637	1.6396809318369634	1.6396809318369634	1.6396809318369634
AZD0530	ENSG00000095777	1.6394592823509486	1.6394592823509486	1.6394592823509486
AZD0530	ENSG00000143127	1.6392721733903823	1.6392721733903823	1.6392721733903823
AZD0530	ENSG00000203724	1.6391242893671116	1.6391242893671116	1.6391242893671116
AZD0530	ENSG00000047634	1.6390917401846945	1.6390917401846945	1.6390917401846945
AZD0530	ENSG00000112118	1.6390044359906908	1.6390044359906908	1.6390044359906908
AZD0530	ENSG00000173039	1.6389731262704252	1.6389731262704252	1.6389731262704252
AZD0530	ENSG00000187257	1.6386538486776865	1.6386538486776865	1.6386538486776865
AZD0530	LOC285441	1.6385961676078502	1.6385961676078502	1.6385961676078502
AZD0530	LOC646214	1.6385266710302668	1.6385266710302668	1.6385266710302668
AZD0530	ENSG00000181666	1.6384564016455379	1.6384564016455379	1.6384564016455379
AZD0530	ENSG00000228211	1.638438231705845	1.638438231705845	1.638438231705845
AZD0530	ENSG00000135482	1.6383841039894047	1.6383841039894047	1.6383841039894047
AZD0530	ENSG00000175066	1.638292824415397	1.638292824415397	1.638292824415397
AZD0530	ENSG00000231889	1.6376522451329822	1.6376522451329822	1.6376522451329822
AZD0530	DKFZp686O1327	1.6376440461696844	1.6376440461696844	1.6376440461696844
AZD0530	ENSG00000111530	1.6375167358971026	1.6375167358971026	1.6375167358971026
AZD0530	ENSG00000267680	1.6374869581387774	1.6374869581387774	1.6374869581387774
AZD0530	ENSG00000149599	1.6373059099701024	1.6373059099701024	1.6373059099701024
AZD0530	ENSG00000136854	1.6372473652073272	1.6372473652073272	1.6372473652073272
AZD0530	ENSG00000169926	1.6366021300413636	1.6366021300413636	1.6366021300413636
AZD0530	LOC692247	1.636559633404882	1.636559633404882	1.636559633404882
AZD0530	ENSG00000177291	1.6364809000707727	1.6364809000707727	1.6364809000707727
AZD0530	ENSG00000106070	1.6363321898749612	1.6363321898749612	1.6363321898749612
AZD0530	ENSG00000173166	1.636228567703788	1.636228567703788	1.636228567703788
AZD0530	ENSG00000185056	1.6359150898632917	1.6359150898632917	1.6359150898632917
AZD0530	ENSG00000144891	1.6359014324439949	1.6359014324439949	1.6359014324439949
AZD0530	ENSG00000171681	1.6355267731005254	1.6355267731005254	1.6355267731005254
AZD0530	ENSG00000280777	1.6348207482728305	1.6348207482728305	1.6348207482728305
AZD0530	ENSG00000233838	1.6342854473280115	1.6342854473280115	1.6342854473280115
AZD0530	ENSG00000104299	1.634203908500353	1.634203908500353	1.634203908500353
AZD0530	ENSG00000196639	1.634100792598362	1.634100792598362	1.634100792598362
AZD0530	ENSG00000277161	1.6340989333579565	1.6340989333579565	1.6340989333579565
AZD0530	ENSG00000111877	1.6340887963235093	1.6340887963235093	1.6340887963235093
AZD0530	ENSG00000206476	1.6339681831384447	1.6339681831384447	1.6339681831384447
AZD0530	LOC339568	1.6339196289106823	1.6339196289106823	1.6339196289106823
AZD0530	ENSG00000177294	1.6337622770704903	1.6337622770704903	1.6337622770704903
AZD0530	ENSG00000183935	1.633715852901053	1.633715852901053	1.633715852901053
AZD0530	ENSG00000173253	1.633705643483719	1.633705643483719	1.633705643483719
AZD0530	ENSG00000171587	1.6336912090381164	1.6336912090381164	1.6336912090381164
AZD0530	ENSG00000116128	1.633596322948871	1.633596322948871	1.633596322948871
AZD0530	ENSG00000173442	1.6334160248051786	1.6334160248051786	1.6334160248051786
AZD0530	ENSG00000181552	1.6333172101437656	1.6333172101437656	1.6333172101437656
AZD0530	ENSG00000088205	1.6328353620015688	1.6328353620015688	1.6328353620015688
AZD0530	ENSG00000234880	1.6327709994973871	1.6327709994973871	1.6327709994973871
AZD0530	ENSG00000158220	1.6326350944112085	1.6326350944112085	1.6326350944112085
AZD0530	ENSG00000149548	1.6324409225306327	1.6324409225306327	1.6324409225306327
AZD0530	LOC503519	1.632224445953272	1.632224445953272	1.632224445953272
AZD0530	ENSG00000133313	1.6321090917093517	1.6321090917093517	1.6321090917093517
AZD0530	ENSG00000188559	1.6319189949104436	1.6319189949104436	1.6319189949104436
AZD0530	ENSG00000278461	1.6318351255179109	1.6318351255179109	1.6318351255179109
AZD0530	ENSG00000148344	1.6317533331033585	1.6317533331033585	1.6317533331033585
AZD0530	ENSG00000165219	1.6315901947475246	1.6315901947475246	1.6315901947475246
AZD0530	ENSG00000141985	1.6314067148015277	1.6314067148015277	1.6314067148015277
AZD0530	ENSG00000164209	1.6313135225480433	1.6313135225480433	1.6313135225480433
AZD0530	ENSG00000171209	1.6313126968115503	1.6313126968115503	1.6313126968115503
AZD0530	ENSG00000163463	1.6310366635631188	1.6310366635631188	1.6310366635631188
AZD0530	ENSG00000115616	1.6309086441437042	1.6309086441437042	1.6309086441437042
AZD0530	ENSG00000100399	1.630788835622525	1.630788835622525	1.630788835622525
AZD0530	ENSG00000115020	1.6304486340652136	1.6304486340652136	1.6304486340652136
AZD0530	ENSG00000100345	1.630092863800108	1.630092863800108	1.630092863800108
AZD0530	ENSG00000127616	1.629732321082676	1.629732321082676	1.629732321082676
AZD0530	C6orf170	1.6297241267351594	1.6297241267351594	1.6297241267351594
AZD0530	C10orf125	1.6297012078748705	1.6297012078748705	1.6297012078748705
AZD0530	ENSG00000176387	1.6295385155499809	1.6295385155499809	1.6295385155499809
AZD0530	ENSG00000052126	1.629525716649283	1.629525716649283	1.629525716649283
AZD0530	ENSG00000171316	1.6293412220939523	1.6293412220939523	1.6293412220939523
AZD0530	ENSG00000078967	1.6292502743798827	1.6292502743798827	1.6292502743798827
AZD0530	ENSG00000110446	1.6289055148171903	1.6289055148171903	1.6289055148171903
AZD0530	ENSG00000125144	1.6286706961309851	1.6286706961309851	1.6286706961309851
AZD0530	ENSG00000061676	1.6284040384737435	1.6284040384737435	1.6284040384737435
AZD0530	ENSG00000164736	1.6282284722817106	1.6282284722817106	1.6282284722817106
AZD0530	ENSG00000179709	1.6281500903769266	1.6281500903769266	1.6281500903769266
AZD0530	ENSG00000108510	1.6279905672017598	1.6279905672017598	1.6279905672017598
AZD0530	ENSG00000104903	1.6279381833093136	1.6279381833093136	1.6279381833093136
AZD0530	ENSG00000101457	1.6278541351358624	1.6278541351358624	1.6278541351358624
AZD0530	ENSG00000010404	1.6277553180609545	1.6277553180609545	1.6277553180609545
AZD0530	ENSG00000164400	1.6274156142892549	1.6274156142892549	1.6274156142892549
AZD0530	ENSG00000163219	1.6272433269179214	1.6272433269179214	1.6272433269179214
AZD0530	ENSG00000188130	1.6269900889620796	1.6269900889620796	1.6269900889620796
AZD0530	ENSG00000149968	1.6267496292845185	1.6267496292845185	1.6267496292845185
AZD0530	ENSG00000177225	1.6264895575351186	1.6264895575351186	1.6264895575351186
AZD0530	ENSG00000174705	1.6259906659325545	1.6259906659325545	1.6259906659325545
AZD0530	ENSG00000186001	1.625801834735475	1.625801834735475	1.625801834735475
AZD0530	FLJ43663	1.6257421245608483	1.6257421245608483	1.6257421245608483
AZD0530	ENSG00000144407	1.6257374731696979	1.6257374731696979	1.6257374731696979
AZD0530	ENSG00000185818	1.6248013310222809	1.6248013310222809	1.6248013310222809
AZD0530	ENSG00000162927	1.6247625520386078	1.6247625520386078	1.6247625520386078
AZD0530	LOC100505839	1.6247473605998304	1.6247473605998304	1.6247473605998304
AZD0530	ENSG00000158477	1.624469253962723	1.624469253962723	1.624469253962723
AZD0530	ENSG00000253314	1.6236924083265247	1.6236924083265247	1.6236924083265247
AZD0530	ENSG00000141934	1.6236860794289183	1.6236860794289183	1.6236860794289183
AZD0530	ENSG00000167769	1.6232282583854194	1.6232282583854194	1.6232282583854194
AZD0530	KIAA1432	1.6230746494083377	1.6230746494083377	1.6230746494083377
AZD0530	ENSG00000171487	1.6228912999852845	1.6228912999852845	1.6228912999852845
AZD0530	ENSG00000105229	1.6223835077781836	1.6223835077781836	1.6223835077781836
AZD0530	ASB3	1.6223570249237986	1.6223570249237986	1.6223570249237986
AZD0530	ENSG00000137331	1.6222414943798182	1.6222414943798182	1.6222414943798182
AZD0530	ENSG00000241127	1.6221261480745228	1.6221261480745228	1.6221261480745228
AZD0530	ENSG00000162654	1.622023046881957	1.622023046881957	1.622023046881957
AZD0530	ENSG00000116983	1.6219232160003247	1.6219232160003247	1.6219232160003247
AZD0530	ENSG00000242419	1.6217685473691608	1.6217685473691608	1.6217685473691608
AZD0530	ENSG00000012817	1.6217235308150788	1.6217235308150788	1.6217235308150788
AZD0530	ENSG00000197323	1.6215482816734306	1.6215482816734306	1.6215482816734306
AZD0530	ENSG00000126653	1.6212046886970701	1.6212046886970701	1.6212046886970701
AZD0530	FAM59B	1.6210701202190607	1.6210701202190607	1.6210701202190607
AZD0530	ENSG00000180720	1.6209231207125265	1.6209231207125265	1.6209231207125265
AZD0530	ENSG00000174059	1.6208990874722298	1.6208990874722298	1.6208990874722298
AZD0530	ENSG00000167113	1.6206413309301502	1.6206413309301502	1.6206413309301502
AZD0530	C9orf86	1.6206243363750314	1.6206243363750314	1.6206243363750314
AZD0530	ENSG00000181817	1.620584473219283	1.620584473219283	1.620584473219283
AZD0530	ENSG00000131845	1.6204633954184837	1.6204633954184837	1.6204633954184837
AZD0530	ENSG00000123338	1.6200041947111654	1.6200041947111654	1.6200041947111654
AZD0530	ENSG00000170633	1.6197887203965167	1.6197887203965167	1.6197887203965167
AZD0530	ENSG00000154316	1.6189845424021918	1.6189845424021918	1.6189845424021918
AZD0530	ENSG00000114757	1.618832356679691	1.618832356679691	1.618832356679691
AZD0530	ENSG00000281783	1.6187643480629679	1.6187643480629679	1.6187643480629679
AZD0530	ENSG00000034152	1.618290345058428	1.618290345058428	1.618290345058428
AZD0530	ENSG00000206308	1.6182588033683674	1.6182588033683674	1.6182588033683674
AZD0530	ENSG00000151651	1.6179272290566098	1.6179272290566098	1.6179272290566098
AZD0530	C3orf64	1.6178410476693634	1.6178410476693634	1.6178410476693634
AZD0530	LOC100652965	1.617827063676563	1.617827063676563	1.617827063676563
AZD0530	ENSG00000115827	1.6169511888905006	1.6169511888905006	1.6169511888905006
AZD0530	LOC100505676	1.6168796381426873	1.6168796381426873	1.6168796381426873
AZD0530	ENSG00000144028	1.6168043605830638	1.6168043605830638	1.6168043605830638
AZD0530	ENSG00000163875	1.6166301909579268	1.6166301909579268	1.6166301909579268
AZD0530	ENSG00000136404	1.6165344573268265	1.6165344573268265	1.6165344573268265
AZD0530	ENSG00000140522	1.6161730726815582	1.6161730726815582	1.6161730726815582
AZD0530	ENSG00000220008	1.6161326179993825	1.6161326179993825	1.6161326179993825
AZD0530	ENSG00000106524	1.6160527767233355	1.6160527767233355	1.6160527767233355
AZD0530	ENSG00000155100	1.6157957276093184	1.6157957276093184	1.6157957276093184
AZD0530	ENSG00000184465	1.6155825390364658	1.6155825390364658	1.6155825390364658
AZD0530	ENSG00000100410	1.6154869112705428	1.6154869112705428	1.6154869112705428
AZD0530	ENSG00000162419	1.6154719219692062	1.6154719219692062	1.6154719219692062
AZD0530	ENSG00000096070	1.615016701902301	1.615016701902301	1.615016701902301
AZD0530	ENSG00000213927	1.614962179007792	1.614962179007792	1.614962179007792
AZD0530	ENSG00000151023	1.6147291378890114	1.6147291378890114	1.6147291378890114
AZD0530	ENSG00000170265	1.6146171559304452	1.6146171559304452	1.6146171559304452
AZD0530	ENSG00000162971	1.6144028506041042	1.6144028506041042	1.6144028506041042
AZD0530	ENSG00000167981	1.614285502012348	1.614285502012348	1.614285502012348
AZD0530	ENSG00000101191	1.614148556031041	1.614148556031041	1.614148556031041
AZD0530	ENSG00000096395	1.6136439097859283	1.6136439097859283	1.6136439097859283
AZD0530	ENSG00000242685	1.6135589993506556	1.6135589993506556	1.6135589993506556
AZD0530	ENSG00000151632	1.6134729436372166	1.6134729436372166	1.6134729436372166
AZD0530	ENSG00000106853	1.6130773834733687	1.6130773834733687	1.6130773834733687
AZD0530	ENSG00000197016	1.6125610553960217	1.6125610553960217	1.6125610553960217
AZD0530	ENSG00000018625	1.6124293425886098	1.6124293425886098	1.6124293425886098
AZD0530	ENSG00000142599	1.6123956251416185	1.6123956251416185	1.6123956251416185
AZD0530	ENSG00000134326	1.6121879462953852	1.6121879462953852	1.6121879462953852
AZD0530	ENSG00000106327	1.612131138782567	1.612131138782567	1.612131138782567
AZD0530	ENSG00000158639	1.6120256819127998	1.6120256819127998	1.6120256819127998
AZD0530	ENSG00000014914	1.6119323773882976	1.6119323773882976	1.6119323773882976
AZD0530	ENSG00000173376	1.610841218431551	1.610841218431551	1.610841218431551
AZD0530	ENSG00000084110	1.6106836696477063	1.6106836696477063	1.6106836696477063
AZD0530	ENSG00000203772	1.6104824161480988	1.6104824161480988	1.6104824161480988
AZD0530	ENSG00000230685	1.610135727477913	1.610135727477913	1.610135727477913
AZD0530	ENSG00000196917	1.6101350602250826	1.6101350602250826	1.6101350602250826
AZD0530	ENSG00000126368	1.609990378555242	1.609990378555242	1.609990378555242
AZD0530	ENSG00000157765	1.6099142074905257	1.6099142074905257	1.6099142074905257
AZD0530	ENSG00000173212	1.6098917656969538	1.6098917656969538	1.6098917656969538
AZD0530	ENSG00000179817	1.609812106453212	1.609812106453212	1.609812106453212
AZD0530	ENSG00000110324	1.6096946458673866	1.6096946458673866	1.6096946458673866
AZD0530	ENSG00000132164	1.6095191933395119	1.6095191933395119	1.6095191933395119
AZD0530	ENSG00000137726	1.6094876961845332	1.6094876961845332	1.6094876961845332
AZD0530	LOC100507619	1.6093352800715301	1.6093352800715301	1.6093352800715301
AZD0530	ENSG00000180964	1.6091212340367393	1.6091212340367393	1.6091212340367393
AZD0530	ENSG00000178789	1.6086241163354773	1.6086241163354773	1.6086241163354773
AZD0530	ENSG00000204165	1.6084259241180536	1.6084259241180536	1.6084259241180536
AZD0530	ENSG00000123999	1.6082348678702327	1.6082348678702327	1.6082348678702327
AZD0530	ENSG00000198730	1.6075706446152231	1.6075706446152231	1.6075706446152231
AZD0530	ENSG00000173599	1.6075154421024518	1.6075154421024518	1.6075154421024518
AZD0530	ENSG00000146856	1.6072231985150065	1.6072231985150065	1.6072231985150065
AZD0530	LOC100505838	1.6071786691781698	1.6071786691781698	1.6071786691781698
AZD0530	ENSG00000065526	1.6067955623863939	1.6067955623863939	1.6067955623863939
AZD0530	ENSG00000103978	1.6060946665178901	1.6060946665178901	1.6060946665178901
AZD0530	ENSG00000140497	1.6058900042102202	1.6058900042102202	1.6058900042102202
AZD0530	ENSG00000178764	1.6057253524999715	1.6057253524999715	1.6057253524999715
AZD0530	ENSG00000134531	1.6056312465191676	1.6056312465191676	1.6056312465191676
AZD0530	ENSG00000214922	1.605247442532621	1.605247442532621	1.605247442532621
AZD0530	ENSG00000111241	1.6052011429120394	1.6052011429120394	1.6052011429120394
AZD0530	C9orf95	1.6048280704593023	1.6048280704593023	1.6048280704593023
AZD0530	ENSG00000069011	1.604761734979993	1.604761734979993	1.604761734979993
AZD0530	ENSG00000204694	1.6040145078541652	1.6040145078541652	1.6040145078541652
AZD0530	ENSG00000215595	1.6039749622242003	1.6039749622242003	1.6039749622242003
AZD0530	ENSG00000198429	1.6039356446086692	1.6039356446086692	1.6039356446086692
AZD0530	ENSG00000104427	1.6035745001882253	1.6035745001882253	1.6035745001882253
AZD0530	ENSG00000168096	1.6035696557926826	1.6035696557926826	1.6035696557926826
AZD0530	ENSG00000112200	1.6035513307497078	1.6035513307497078	1.6035513307497078
AZD0530	ENSG00000070814	1.603032085414822	1.603032085414822	1.603032085414822
AZD0530	ENSG00000175931	1.6030019757228102	1.6030019757228102	1.6030019757228102
AZD0530	ENSG00000112041	1.6029710879182357	1.6029710879182357	1.6029710879182357
AZD0530	ENSG00000065029	1.6028626674088213	1.6028626674088213	1.6028626674088213
AZD0530	ENSG00000166855	1.6026865338886531	1.6026865338886531	1.6026865338886531
AZD0530	ENSG00000038274	1.60263960928787	1.60263960928787	1.60263960928787
AZD0530	ENSG00000166557	1.6021639085273032	1.6021639085273032	1.6021639085273032
AZD0530	ENSG00000135624	1.6021447291180975	1.6021447291180975	1.6021447291180975
AZD0530	ENSG00000153944	1.6020740187932123	1.6020740187932123	1.6020740187932123
AZD0530	ENSG00000188269	1.6020735693859858	1.6020735693859858	1.6020735693859858
AZD0530	ENSG00000122188	1.601932243010117	1.601932243010117	1.601932243010117
AZD0530	ENSG00000107960	1.6018102953964442	1.6018102953964442	1.6018102953964442
AZD0530	ENSG00000094963	1.6017627265584513	1.6017627265584513	1.6017627265584513
AZD0530	ENSG00000140612	1.6017366487637954	1.6017366487637954	1.6017366487637954
AZD0530	ENSG00000153048	1.6016875232165553	1.6016875232165553	1.6016875232165553
AZD0530	ENSG00000168938	1.601609866681293	1.601609866681293	1.601609866681293
AZD0530	ENSG00000142173	1.6014381966723061	1.6014381966723061	1.6014381966723061
AZD0530	ENSG00000083093	1.6012619999176925	1.6012619999176925	1.6012619999176925
AZD0530	ENSG00000223802	1.601246466972391	1.601246466972391	1.601246466972391
AZD0530	ENSG00000198574	1.6010106138580564	1.6010106138580564	1.6010106138580564
AZD0530	LOC100506838	1.6008519399654617	1.6008519399654617	1.6008519399654617
AZD0530	ENSG00000131398	1.600591040743246	1.600591040743246	1.600591040743246
AZD0530	ENSG00000169599	1.600261524503326	1.600261524503326	1.600261524503326
AZD0530	ENSG00000086730	1.6000318564953582	1.6000318564953582	1.6000318564953582
AZD0530	ENSG00000178033	1.6000177981013293	1.6000177981013293	1.6000177981013293
AZD0530	ENSG00000125651	1.5999861707744272	1.5999861707744272	1.5999861707744272
AZD0530	C11orf82	1.599913609064625	1.599913609064625	1.599913609064625
AZD0530	ENSG00000139263	1.599793708018572	1.599793708018572	1.599793708018572
AZD0530	ENSG00000126216	1.5996001785751146	1.5996001785751146	1.5996001785751146
AZD0530	ENSG00000078814	1.5995423278184584	1.5995423278184584	1.5995423278184584
AZD0530	ENSG00000168564	1.5990011241514157	1.5990011241514157	1.5990011241514157
AZD0530	ENSG00000280568	1.598949123604369	1.598949123604369	1.598949123604369
AZD0530	ENSG00000144730	1.598752180127362	1.598752180127362	1.598752180127362
AZD0530	ENSG00000168159	1.5986818783680572	1.5986818783680572	1.5986818783680572
AZD0530	ENSG00000170961	1.5983612094155268	1.5983612094155268	1.5983612094155268
AZD0530	ENSG00000118849	1.5978684585229435	1.5978684585229435	1.5978684585229435
AZD0530	ENSG00000143494	1.5976075915805406	1.5976075915805406	1.5976075915805406
AZD0530	ENSG00000166930	1.5976013751499845	1.5976013751499845	1.5976013751499845
AZD0530	ENSG00000237190	1.5971760334973344	1.5971760334973344	1.5971760334973344
AZD0530	ENSG00000105373	1.5971317060334724	1.5971317060334724	1.5971317060334724
AZD0530	ENSG00000113749	1.597014320982586	1.597014320982586	1.597014320982586
AZD0530	C9orf71	1.596934564472566	1.596934564472566	1.596934564472566
AZD0530	ENSG00000075043	1.5968092480645366	1.5968092480645366	1.5968092480645366
AZD0530	ENSG00000196405	1.5963788258033773	1.5963788258033773	1.5963788258033773
AZD0530	ENSG00000231281	1.5963258458752012	1.5963258458752012	1.5963258458752012
AZD0530	LOC253044	1.5962775404012304	1.5962775404012304	1.5962775404012304
AZD0530	ENSG00000146250	1.5962504271374973	1.5962504271374973	1.5962504271374973
AZD0530	ENSG00000159248	1.5960490308600461	1.5960490308600461	1.5960490308600461
AZD0530	ENSG00000259803	1.5959104952809682	1.5959104952809682	1.5959104952809682
AZD0530	ENSG00000135637	1.5957952819297057	1.5957952819297057	1.5957952819297057
AZD0530	LRG_733	1.595724691070195	1.595724691070195	1.595724691070195
AZD0530	ENSG00000031698	1.595594834762255	1.595594834762255	1.595594834762255
AZD0530	ENSG00000204683	1.5951918448409743	1.5951918448409743	1.5951918448409743
AZD0530	ENSG00000168393	1.595105799783283	1.595105799783283	1.595105799783283
AZD0530	LRG_276	1.5949127984115108	1.5949127984115108	1.5949127984115108
AZD0530	ENSG00000149136	1.5945158537324637	1.5945158537324637	1.5945158537324637
AZD0530	ENSG00000149761	1.5944782318892519	1.5944782318892519	1.5944782318892519
AZD0530	ENSG00000141384	1.5944195459491428	1.5944195459491428	1.5944195459491428
AZD0530	ENSG00000171960	1.5942318567854035	1.5942318567854035	1.5942318567854035
AZD0530	ENSG00000115596	1.5941205105234728	1.5941205105234728	1.5941205105234728
AZD0530	ENSG00000177570	1.5941099621296746	1.5941099621296746	1.5941099621296746
AZD0530	JHDM1D	1.5940656631726386	1.5940656631726386	1.5940656631726386
AZD0530	ENSG00000075568	1.5940242059542828	1.5940242059542828	1.5940242059542828
AZD0530	ENSG00000162604	1.5938367659762467	1.5938367659762467	1.5938367659762467
AZD0530	ENSG00000132185	1.5937441777486279	1.5937441777486279	1.5937441777486279
AZD0530	ENSG00000152223	1.5931200234646885	1.5931200234646885	1.5931200234646885
AZD0530	ENSG00000156136	1.593068485352995	1.593068485352995	1.593068485352995
AZD0530	ENSG00000158485	1.5928549035527517	1.5928549035527517	1.5928549035527517
AZD0530	ENSG00000130385	1.592662608971231	1.592662608971231	1.592662608971231
AZD0530	FLJ42289	1.592577846297873	1.592577846297873	1.592577846297873
AZD0530	ENSG00000164023	1.5925511782884139	1.5925511782884139	1.5925511782884139
AZD0530	ENSG00000069248	1.5914695957748033	1.5914695957748033	1.5914695957748033
AZD0530	ENSG00000242372	1.5914429801732877	1.5914429801732877	1.5914429801732877
AZD0530	ENSG00000175354	1.591358039997954	1.591358039997954	1.591358039997954
AZD0530	ENSG00000174804	1.5913398788606645	1.5913398788606645	1.5913398788606645
AZD0530	ENSG00000131142	1.5912989215676936	1.5912989215676936	1.5912989215676936
AZD0530	ENSG00000124784	1.5910452601519547	1.5910452601519547	1.5910452601519547
AZD0530	ENSG00000185825	1.5909929151864062	1.5909929151864062	1.5909929151864062
AZD0530	LRG_97	1.5909422338366739	1.5909422338366739	1.5909422338366739
AZD0530	ENSG00000111405	1.5909105461782755	1.5909105461782755	1.5909105461782755
AZD0530	ENSG00000100150	1.5908164399297564	1.5908164399297564	1.5908164399297564
AZD0530	ENSG00000117154	1.5905335286602624	1.5905335286602624	1.5905335286602624
AZD0530	ENSG00000109944	1.5904079826069992	1.5904079826069992	1.5904079826069992
AZD0530	C2orf28	1.589894988174709	1.589894988174709	1.589894988174709
AZD0530	C12orf53	1.5898348679649164	1.5898348679649164	1.5898348679649164
AZD0530	ENSG00000111961	1.5895952157563131	1.5895952157563131	1.5895952157563131
AZD0530	ENSG00000170890	1.5893804549707198	1.5893804549707198	1.5893804549707198
AZD0530	ENSG00000186318	1.5892345827246555	1.5892345827246555	1.5892345827246555
AZD0530	ENSG00000167625	1.5890114386653535	1.5890114386653535	1.5890114386653535
AZD0530	ENSG00000151617	1.588992088323846	1.588992088323846	1.588992088323846
AZD0530	ENSG00000163138	1.5888221829270164	1.5888221829270164	1.5888221829270164
AZD0530	ENSG00000125868	1.5883118944477517	1.5883118944477517	1.5883118944477517
AZD0530	LOC151484	1.5882578483766234	1.5882578483766234	1.5882578483766234
AZD0530	LRG_22	1.5881249184257067	1.5881249184257067	1.5881249184257067
AZD0530	ENSG00000136816	1.5880339509633927	1.5880339509633927	1.5880339509633927
AZD0530	ENSG00000136574	1.5874910546751886	1.5874910546751886	1.5874910546751886
AZD0530	ENSG00000166573	1.5874585768019958	1.5874585768019958	1.5874585768019958
AZD0530	ENSG00000198231	1.5873353709874667	1.5873353709874667	1.5873353709874667
AZD0530	ENSG00000213714	1.5871985777032238	1.5871985777032238	1.5871985777032238
AZD0530	ENSG00000116254	1.5870866881894232	1.5870866881894232	1.5870866881894232
AZD0530	ENSG00000100211	1.5868869745908913	1.5868869745908913	1.5868869745908913
AZD0530	ENSG00000168538	1.5867497742534586	1.5867497742534586	1.5867497742534586
AZD0530	ENSG00000109971	1.5861319199582415	1.5861319199582415	1.5861319199582415
AZD0530	ENSG00000147183	1.5861275386210851	1.5861275386210851	1.5861275386210851
AZD0530	ENSG00000100147	1.5861214580683594	1.5861214580683594	1.5861214580683594
AZD0530	ENSG00000186812	1.5860425648334315	1.5860425648334315	1.5860425648334315
AZD0530	ENSG00000164742	1.586038004282341	1.586038004282341	1.586038004282341
AZD0530	ENSG00000182256	1.5859856842128006	1.5859856842128006	1.5859856842128006
AZD0530	ENSG00000160218	1.585799122200411	1.585799122200411	1.585799122200411
AZD0530	ENSG00000100425	1.5853718064088864	1.5853718064088864	1.5853718064088864
AZD0530	ENSG00000090889	1.5852005345061222	1.5852005345061222	1.5852005345061222
AZD0530	ENSG00000188785	1.5847808559709364	1.5847808559709364	1.5847808559709364
AZD0530	ENSG00000182591	1.5846369236624747	1.5846369236624747	1.5846369236624747
AZD0530	ENSG00000124532	1.5845832154374162	1.5845832154374162	1.5845832154374162
AZD0530	LRG_495	1.5844865256044223	1.5844865256044223	1.5844865256044223
AZD0530	ENSG00000006327	1.583902741029594	1.583902741029594	1.583902741029594
AZD0530	ENSG00000165359	1.5835957891799959	1.5835957891799959	1.5835957891799959
AZD0530	ENSG00000112164	1.5835758102365003	1.5835758102365003	1.5835758102365003
AZD0530	ENSG00000162073	1.5831053025932413	1.5831053025932413	1.5831053025932413
AZD0530	ENSG00000106571	1.582935020526464	1.582935020526464	1.582935020526464
AZD0530	ENSG00000171357	1.5827871759573127	1.5827871759573127	1.5827871759573127
AZD0530	ENSG00000121058	1.5823697954302816	1.5823697954302816	1.5823697954302816
AZD0530	ENSG00000128284	1.5819134645405761	1.5819134645405761	1.5819134645405761
AZD0530	ENSG00000153283	1.5818626981687804	1.5818626981687804	1.5818626981687804
AZD0530	ENSG00000166321	1.5816428601771804	1.5816428601771804	1.5816428601771804
AZD0530	ENSG00000179168	1.581489043414599	1.581489043414599	1.581489043414599
AZD0530	ENSG00000235750	1.5814219209249292	1.5814219209249292	1.5814219209249292
AZD0530	ENSG00000166432	1.5808618858664614	1.5808618858664614	1.5808618858664614
AZD0530	ENSG00000142409	1.5805775037673822	1.5805775037673822	1.5805775037673822
AZD0530	ENSG00000116679	1.580421564624672	1.580421564624672	1.580421564624672
AZD0530	ENSG00000214050	1.5803685525824362	1.5803685525824362	1.5803685525824362
AZD0530	ENSG00000276111	1.5803493653149203	1.5803493653149203	1.5803493653149203
AZD0530	ENSG00000262943	1.5803243677511827	1.5803243677511827	1.5803243677511827
AZD0530	ENSG00000169607	1.580319978933225	1.580319978933225	1.580319978933225
AZD0530	ENSG00000036549	1.5802365088782102	1.5802365088782102	1.5802365088782102
AZD0530	ENSG00000095380	1.5802057360892376	1.5802057360892376	1.5802057360892376
AZD0530	ENSG00000171100	1.580045348766	1.580045348766	1.580045348766
AZD0530	ENSG00000135678	1.5798852888378068	1.5798852888378068	1.5798852888378068
AZD0530	ENSG00000170545	1.5798453775029317	1.5798453775029317	1.5798453775029317
AZD0530	ENSG00000010319	1.5797672662950666	1.5797672662950666	1.5797672662950666
AZD0530	ENSG00000128606	1.5793925995744975	1.5793925995744975	1.5793925995744975
AZD0530	LRG_368	1.5785123101581349	1.5785123101581349	1.5785123101581349
AZD0530	ENSG00000163083	1.578502864454667	1.578502864454667	1.578502864454667
AZD0530	ENSG00000196341	1.5783741023729614	1.5783741023729614	1.5783741023729614
AZD0530	ENSG00000169752	1.5783044656221104	1.5783044656221104	1.5783044656221104
AZD0530	ENSG00000069702	1.5780600367791406	1.5780600367791406	1.5780600367791406
AZD0530	ENSG00000198089	1.5780274545697404	1.5780274545697404	1.5780274545697404
AZD0530	ENSG00000155858	1.5779882982444522	1.5779882982444522	1.5779882982444522
AZD0530	ENSG00000197629	1.5778577116113226	1.5778577116113226	1.5778577116113226
AZD0530	LOC100286938	1.57785589038086	1.57785589038086	1.57785589038086
AZD0530	ENSG00000187323	1.5775733434188672	1.5775733434188672	1.5775733434188672
AZD0530	LOC286442	1.5775432191483956	1.5775432191483956	1.5775432191483956
AZD0530	ENSG00000220785	1.5773153867289043	1.5773153867289043	1.5773153867289043
AZD0530	ENSG00000164199	1.5772477808059078	1.5772477808059078	1.5772477808059078
AZD0530	ENSG00000276023	1.577081971014426	1.577081971014426	1.577081971014426
AZD0530	ENSG00000138381	1.5770679978726412	1.5770679978726412	1.5770679978726412
AZD0530	ENSG00000242094	1.5765715504578592	1.5765715504578592	1.5765715504578592
AZD0530	ENSG00000170178	1.5764972249000295	1.5764972249000295	1.5764972249000295
AZD0530	ENSG00000103546	1.5764097150949627	1.5764097150949627	1.5764097150949627
AZD0530	ENSG00000135049	1.5761855825140132	1.5761855825140132	1.5761855825140132
AZD0530	ENSG00000130402	1.5761653991444198	1.5761653991444198	1.5761653991444198
AZD0530	ENSG00000161681	1.576161008552922	1.576161008552922	1.576161008552922
AZD0530	ENSG00000119938	1.57593964018152	1.57593964018152	1.57593964018152
AZD0530	ENSG00000157916	1.5759149525075287	1.5759149525075287	1.5759149525075287
AZD0530	ENSG00000134253	1.5756357583472616	1.5756357583472616	1.5756357583472616
AZD0530	LOC100507575	1.5753831525813053	1.5753831525813053	1.5753831525813053
AZD0530	ENSG00000135919	1.5752811544352854	1.5752811544352854	1.5752811544352854
AZD0530	ENSG00000124608	1.5750732874580098	1.5750732874580098	1.5750732874580098
AZD0530	ENSG00000105428	1.5747975856176604	1.5747975856176604	1.5747975856176604
AZD0530	ENSG00000043093	1.574588865697486	1.574588865697486	1.574588865697486
AZD0530	ENSG00000175311	1.5742541613448122	1.5742541613448122	1.5742541613448122
AZD0530	ENSG00000110719	1.5742100435370272	1.5742100435370272	1.5742100435370272
AZD0530	ENSG00000099800	1.5742005161717274	1.5742005161717274	1.5742005161717274
AZD0530	ENSG00000136240	1.5741759713617722	1.5741759713617722	1.5741759713617722
AZD0530	ENSG00000149926	1.5740261670500368	1.5740261670500368	1.5740261670500368
AZD0530	ENSG00000111737	1.57401351821758	1.57401351821758	1.57401351821758
AZD0530	ENSG00000006062	1.5738861577568364	1.5738861577568364	1.5738861577568364
AZD0530	ENSG00000204977	1.573795477080731	1.573795477080731	1.573795477080731
AZD0530	ENSG00000182986	1.5734819864409884	1.5734819864409884	1.5734819864409884
AZD0530	ENSG00000153266	1.573356293678984	1.573356293678984	1.573356293678984
AZD0530	ENSG00000146540	1.5732020746842612	1.5732020746842612	1.5732020746842612
AZD0530	ENSG00000271605	1.573183662827348	1.573183662827348	1.573183662827348
AZD0530	ENSG00000177830	1.573126600676765	1.573126600676765	1.573126600676765
AZD0530	ENSG00000163939	1.5730920410673002	1.5730920410673002	1.5730920410673002
AZD0530	ENSG00000229035	1.572918050328009	1.572918050328009	1.572918050328009
AZD0530	ENSG00000121073	1.5727890054940643	1.5727890054940643	1.5727890054940643
AZD0530	ENSG00000074054	1.5726817526645092	1.5726817526645092	1.5726817526645092
AZD0530	ENSG00000159433	1.5726379997224318	1.5726379997224318	1.5726379997224318
AZD0530	ENSG00000198083	1.5725912212990656	1.5725912212990656	1.5725912212990656
AZD0530	ENSG00000136485	1.5724307785523801	1.5724307785523801	1.5724307785523801
AZD0530	ENSG00000168621	1.5723790410884817	1.5723790410884817	1.5723790410884817
AZD0530	ENSG00000147316	1.5723570741786894	1.5723570741786894	1.5723570741786894
AZD0530	ENSG00000156689	1.5722484426950045	1.5722484426950045	1.5722484426950045
AZD0530	ENSG00000157168	1.5718739681443636	1.5718739681443636	1.5718739681443636
AZD0530	ENSG00000214113	1.571780473746527	1.571780473746527	1.571780473746527
AZD0530	ENSG00000134249	1.5714871771467596	1.5714871771467596	1.5714871771467596
AZD0530	WDR16	1.5713203633915735	1.5713203633915735	1.5713203633915735
AZD0530	ENSG00000160949	1.5711815160060072	1.5711815160060072	1.5711815160060072
AZD0530	ENSG00000136696	1.5711810756507847	1.5711810756507847	1.5711810756507847
AZD0530	ENSG00000037897	1.5708596468906437	1.5708596468906437	1.5708596468906437
AZD0530	ENSG00000103852	1.5708113609291325	1.5708113609291325	1.5708113609291325
AZD0530	ENSG00000168778	1.5705090015044758	1.5705090015044758	1.5705090015044758
AZD0530	ENSG00000125841	1.5703241734606657	1.5703241734606657	1.5703241734606657
AZD0530	ENSG00000149182	1.5698163856338467	1.5698163856338467	1.5698163856338467
AZD0530	ENSG00000089818	1.569703759363787	1.569703759363787	1.569703759363787
AZD0530	ENSG00000110092	1.569630936713151	1.569630936713151	1.569630936713151
AZD0530	ENSG00000133740	1.5696305099653194	1.5696305099653194	1.5696305099653194
AZD0530	ENSG00000254726	1.569374579184692	1.569374579184692	1.569374579184692
AZD0530	ENSG00000153064	1.5692741771145704	1.5692741771145704	1.5692741771145704
AZD0530	ENSG00000125611	1.5691991971542099	1.5691991971542099	1.5691991971542099
AZD0530	ENSG00000105976	1.5689382477518095	1.5689382477518095	1.5689382477518095
AZD0530	ENSG00000170745	1.5687100923579953	1.5687100923579953	1.5687100923579953
AZD0530	LOC100131354	1.5686635223229397	1.5686635223229397	1.5686635223229397
AZD0530	LRG_503	1.5683904176693666	1.5683904176693666	1.5683904176693666
AZD0530	ENSG00000117598	1.5682931049424185	1.5682931049424185	1.5682931049424185
AZD0530	KBTBD10	1.5681944982966778	1.5681944982966778	1.5681944982966778
AZD0530	LOC100507594	1.5680463551235908	1.5680463551235908	1.5680463551235908
AZD0530	ENSG00000188177	1.5680128247731353	1.5680128247731353	1.5680128247731353
AZD0530	ENSG00000241690	1.5678965914605691	1.5678965914605691	1.5678965914605691
AZD0530	ENSG00000215644	1.5678579918653777	1.5678579918653777	1.5678579918653777
AZD0530	ENSG00000196421	1.5676970126112582	1.5676970126112582	1.5676970126112582
AZD0530	ENSG00000164451	1.5674669501529777	1.5674669501529777	1.5674669501529777
AZD0530	ENSG00000136867	1.5673821746021777	1.5673821746021777	1.5673821746021777
AZD0530	ENSG00000197063	1.5672340838971421	1.5672340838971421	1.5672340838971421
AZD0530	ENSG00000073008	1.5668703945496045	1.5668703945496045	1.5668703945496045
AZD0530	ENSG00000186007	1.5667387267650672	1.5667387267650672	1.5667387267650672
AZD0530	ENSG00000163738	1.5667282715770645	1.5667282715770645	1.5667282715770645
AZD0530	ENSG00000086548	1.5662977343165194	1.5662977343165194	1.5662977343165194
AZD0530	ENSG00000113594	1.5662928817738855	1.5662928817738855	1.5662928817738855
AZD0530	ENSG00000122783	1.5662643102414768	1.5662643102414768	1.5662643102414768
AZD0530	ENSG00000135597	1.5661488505831276	1.5661488505831276	1.5661488505831276
AZD0530	ENSG00000164325	1.5658307481382656	1.5658307481382656	1.5658307481382656
AZD0530	ENSG00000198853	1.5657189064145172	1.5657189064145172	1.5657189064145172
AZD0530	ENSG00000143028	1.5654390654939145	1.5654390654939145	1.5654390654939145
AZD0530	CHST9-AS1	1.565424065641127	1.565424065641127	1.565424065641127
AZD0530	ENSG00000167136	1.5653672190383683	1.5653672190383683	1.5653672190383683
AZD0530	ENSG00000166831	1.5653428187719023	1.5653428187719023	1.5653428187719023
AZD0530	ENSG00000099250	1.565206957671157	1.565206957671157	1.565206957671157
AZD0530	ENSG00000136068	1.5651836699035726	1.5651836699035726	1.5651836699035726
AZD0530	ENSG00000156172	1.565063151964852	1.565063151964852	1.565063151964852
AZD0530	ENSG00000163719	1.5650560918687737	1.5650560918687737	1.5650560918687737
AZD0530	ENSG00000100060	1.5647800366354805	1.5647800366354805	1.5647800366354805
AZD0530	ENSG00000181027	1.5647487151255965	1.5647487151255965	1.5647487151255965
AZD0530	C9orf169	1.5646598867054817	1.5646598867054817	1.5646598867054817
AZD0530	ENSG00000150401	1.5644056034133547	1.5644056034133547	1.5644056034133547
AZD0530	ENSG00000151458	1.5643975979161784	1.5643975979161784	1.5643975979161784
AZD0530	ENSG00000211666	1.5641759417523677	1.5641759417523677	1.5641759417523677
AZD0530	ENSG00000185504	1.5639303208155086	1.5639303208155086	1.5639303208155086
AZD0530	ENSG00000129422	1.5637464344467984	1.5637464344467984	1.5637464344467984
AZD0530	ENSG00000163082	1.5636841450490746	1.5636841450490746	1.5636841450490746
AZD0530	ENSG00000103126	1.563580848140889	1.563580848140889	1.563580848140889
AZD0530	LOC100507540	1.5633693060233314	1.5633693060233314	1.5633693060233314
AZD0530	LOC100507351	1.5632918525735093	1.5632918525735093	1.5632918525735093
AZD0530	LOC100506609	1.563169796320497	1.563169796320497	1.563169796320497
AZD0530	ENSG00000198824	1.563143121788141	1.563143121788141	1.563143121788141
AZD0530	ENSG00000058453	1.5630795167965243	1.5630795167965243	1.5630795167965243
AZD0530	ENSG00000125454	1.5629205642515398	1.5629205642515398	1.5629205642515398
AZD0530	ENSG00000206372	1.562786591474458	1.562786591474458	1.562786591474458
AZD0530	ENSG00000180667	1.5627293933781015	1.5627293933781015	1.5627293933781015
AZD0530	ENSG00000162980	1.5626877216853263	1.5626877216853263	1.5626877216853263
AZD0530	ENSG00000196371	1.562593786057541	1.562593786057541	1.562593786057541
AZD0530	ENSG00000111335	1.5619603296764846	1.5619603296764846	1.5619603296764846
AZD0530	ENSG00000109854	1.561688370245299	1.561688370245299	1.561688370245299
AZD0530	ENSG00000116183	1.5615976529420519	1.5615976529420519	1.5615976529420519
AZD0530	LOC400657	1.5612435981017552	1.5612435981017552	1.5612435981017552
AZD0530	ENSG00000164512	1.5608733152092418	1.5608733152092418	1.5608733152092418
AZD0530	ENSG00000074370	1.5608283523710926	1.5608283523710926	1.5608283523710926
AZD0530	C9orf46	1.5606135912675092	1.5606135912675092	1.5606135912675092
AZD0530	FLJ13197	1.5605956203455658	1.5605956203455658	1.5605956203455658
AZD0530	ENSG00000274247	1.5605442098065148	1.5605442098065148	1.5605442098065148
AZD0530	LOC100505540	1.5602683882400825	1.5602683882400825	1.5602683882400825
AZD0530	ENSG00000075618	1.560199758683975	1.560199758683975	1.560199758683975
AZD0530	ENSG00000001626	1.5601587397107757	1.5601587397107757	1.5601587397107757
AZD0530	ENSG00000138356	1.5601290694550087	1.5601290694550087	1.5601290694550087
AZD0530	ENSG00000111653	1.5599873383919902	1.5599873383919902	1.5599873383919902
AZD0530	ENSG00000163874	1.5599779960706126	1.5599779960706126	1.5599779960706126
AZD0530	ENSG00000274513	1.5596679382736995	1.5596679382736995	1.5596679382736995
AZD0530	ENSG00000148468	1.5593854689165783	1.5593854689165783	1.5593854689165783
AZD0530	ENSG00000197061	1.5593127176988675	1.5593127176988675	1.5593127176988675
AZD0530	ENSG00000134809	1.5592809839184523	1.5592809839184523	1.5592809839184523
AZD0530	LOC375295	1.5590476348311677	1.5590476348311677	1.5590476348311677
AZD0530	ENSG00000178662	1.558748781273619	1.558748781273619	1.558748781273619
AZD0530	ENSG00000171885	1.5587213506466269	1.5587213506466269	1.5587213506466269
AZD0530	LOC283914	1.5587086235231034	1.5587086235231034	1.5587086235231034
AZD0530	ENSG00000153561	1.5586868353318588	1.5586868353318588	1.5586868353318588
AZD0530	ENSG00000100888	1.5583934036133158	1.5583934036133158	1.5583934036133158
AZD0530	ENSG00000159733	1.5580624503927891	1.5580624503927891	1.5580624503927891
AZD0530	ENSG00000150722	1.557932358770302	1.557932358770302	1.557932358770302
AZD0530	ENSG00000089639	1.5577836324896972	1.5577836324896972	1.5577836324896972
AZD0530	ENSG00000135387	1.5576811193897209	1.5576811193897209	1.5576811193897209
AZD0530	LRG_21	1.5575419200885332	1.5575419200885332	1.5575419200885332
AZD0530	C10orf140	1.5575000257037863	1.5575000257037863	1.5575000257037863
AZD0530	ENSG00000198753	1.5570545395362294	1.5570545395362294	1.5570545395362294
AZD0530	ENSG00000008735	1.5568427525649167	1.5568427525649167	1.5568427525649167
AZD0530	ENSG00000151692	1.555775607799083	1.555775607799083	1.555775607799083
AZD0530	ENSG00000116120	1.5555387239894387	1.5555387239894387	1.5555387239894387
AZD0530	ENSG00000266094	1.5555258014806201	1.5555258014806201	1.5555258014806201
AZD0530	ENSG00000179222	1.5554772870118292	1.5554772870118292	1.5554772870118292
AZD0530	ENSG00000183665	1.5554751038664627	1.5554751038664627	1.5554751038664627
AZD0530	ENSG00000005379	1.5553382616157507	1.5553382616157507	1.5553382616157507
AZD0530	ENSG00000259527	1.5550813518249005	1.5550813518249005	1.5550813518249005
AZD0530	ENSG00000129465	1.5550504765267812	1.5550504765267812	1.5550504765267812
AZD0530	ENSG00000163755	1.5550388493510028	1.5550388493510028	1.5550388493510028
AZD0530	ENSG00000138083	1.5549769092768273	1.5549769092768273	1.5549769092768273
AZD0530	ENSG00000196357	1.554950032516787	1.554950032516787	1.554950032516787
AZD0530	ENSG00000163512	1.5545523864064301	1.5545523864064301	1.5545523864064301
AZD0530	ENSG00000167754	1.5545053869699583	1.5545053869699583	1.5545053869699583
AZD0530	ENSG00000276785	1.5543471784047598	1.5543471784047598	1.5543471784047598
AZD0530	ENSG00000112212	1.5541481249875901	1.5541481249875901	1.5541481249875901
AZD0530	ENSG00000147130	1.5539657129474855	1.5539657129474855	1.5539657129474855
AZD0530	ENSG00000047410	1.5537565700021743	1.5537565700021743	1.5537565700021743
AZD0530	ENSG00000227507	1.5536402797124285	1.5536402797124285	1.5536402797124285
AZD0530	ENSG00000204248	1.5535339145774034	1.5535339145774034	1.5535339145774034
AZD0530	LOC100505592	1.5532842718993718	1.5532842718993718	1.5532842718993718
AZD0530	ENSG00000171201	1.5532635906808632	1.5532635906808632	1.5532635906808632
AZD0530	ENSG00000205307	1.552951873837243	1.552951873837243	1.552951873837243
AZD0530	ENSG00000050767	1.5529457099700867	1.5529457099700867	1.5529457099700867
AZD0530	ENSG00000187902	1.5528566857873842	1.5528566857873842	1.5528566857873842
AZD0530	ENSG00000153002	1.5527497615772023	1.5527497615772023	1.5527497615772023
AZD0530	ENSG00000126882	1.5526094202583356	1.5526094202583356	1.5526094202583356
AZD0530	ENSG00000110422	1.552544486056765	1.552544486056765	1.552544486056765
AZD0530	ENSG00000140326	1.552330212683746	1.552330212683746	1.552330212683746
AZD0530	CCDC111	1.552293596908607	1.552293596908607	1.552293596908607
AZD0530	LOC284576	1.5513641809880778	1.5513641809880778	1.5513641809880778
AZD0530	LOC100506236	1.5510826543951157	1.5510826543951157	1.5510826543951157
AZD0530	ENSG00000076770	1.551007363468492	1.551007363468492	1.551007363468492
AZD0530	ENSG00000211938	1.5509022084094726	1.5509022084094726	1.5509022084094726
AZD0530	ENSG00000137831	1.5508909167051237	1.5508909167051237	1.5508909167051237
AZD0530	ENSG00000198300	1.5506909200417933	1.5506909200417933	1.5506909200417933
AZD0530	CCDC164	1.5501533261274967	1.5501533261274967	1.5501533261274967
AZD0530	ENSG00000138594	1.5498776272873822	1.5498776272873822	1.5498776272873822
AZD0530	ENSG00000180537	1.5495415986385908	1.5495415986385908	1.5495415986385908
AZD0530	ENSG00000141161	1.5494103326493276	1.5494103326493276	1.5494103326493276
AZD0530	ENSG00000186417	1.549007997520027	1.549007997520027	1.549007997520027
AZD0530	ENSG00000175329	1.548941299712688	1.548941299712688	1.548941299712688
AZD0530	ENSG00000156304	1.5489153753569678	1.5489153753569678	1.5489153753569678
AZD0530	SOGA2	1.5487555314249597	1.5487555314249597	1.5487555314249597
AZD0530	ENSG00000124225	1.5485789744325922	1.5485789744325922	1.5485789744325922
AZD0530	LOC100506314	1.5484415959454798	1.5484415959454798	1.5484415959454798
AZD0530	ENSG00000167483	1.5484271823927696	1.5484271823927696	1.5484271823927696
AZD0530	ENSG00000172081	1.547893501822483	1.547893501822483	1.547893501822483
AZD0530	ENSG00000113240	1.547639902096908	1.547639902096908	1.547639902096908
AZD0530	ENSG00000149575	1.547605479379435	1.547605479379435	1.547605479379435
AZD0530	LOC100506195	1.547467592379893	1.547467592379893	1.547467592379893
AZD0530	LOC100287628	1.5470700277902458	1.5470700277902458	1.5470700277902458
AZD0530	ENSG00000007314	1.5468637431655012	1.5468637431655012	1.5468637431655012
AZD0530	ENSG00000171791	1.5467938964767134	1.5467938964767134	1.5467938964767134
AZD0530	ENSG00000269891	1.5466337179217735	1.5466337179217735	1.5466337179217735
AZD0530	ENSG00000204859	1.5466311868405893	1.5466311868405893	1.5466311868405893
AZD0530	ENSG00000134480	1.546621806678201	1.546621806678201	1.546621806678201
AZD0530	ENSG00000142408	1.5462802830846114	1.5462802830846114	1.5462802830846114
AZD0530	ENSG00000149403	1.5460483035810741	1.5460483035810741	1.5460483035810741
AZD0530	ENSG00000198625	1.5458328402970392	1.5458328402970392	1.5458328402970392
AZD0530	ENSG00000132693	1.5458322446890778	1.5458322446890778	1.5458322446890778
AZD0530	ENSG00000261787	1.54582515186	1.54582515186	1.54582515186
AZD0530	ENSG00000275565	1.5456548707919933	1.5456548707919933	1.5456548707919933
AZD0530	ENSG00000152977	1.5455787695425935	1.5455787695425935	1.5455787695425935
AZD0530	ENSG00000198125	1.5455759864268634	1.5455759864268634	1.5455759864268634
AZD0530	ENSG00000184544	1.5453542229745634	1.5453542229745634	1.5453542229745634
AZD0530	ENSG00000142794	1.5453045159845176	1.5453045159845176	1.5453045159845176
AZD0530	ENSG00000101624	1.5451072122105833	1.5451072122105833	1.5451072122105833
AZD0530	ENSG00000173898	1.5450893369555339	1.5450893369555339	1.5450893369555339
AZD0530	ENSG00000108669	1.5448018188074137	1.5448018188074137	1.5448018188074137
AZD0530	ENSG00000161243	1.5443748463053935	1.5443748463053935	1.5443748463053935
AZD0530	ENSG00000173209	1.5441244525827953	1.5441244525827953	1.5441244525827953
AZD0530	ENSG00000114698	1.5438851798479172	1.5438851798479172	1.5438851798479172
AZD0530	ENSG00000106355	1.5436138873283447	1.5436138873283447	1.5436138873283447
AZD0530	LRG_16	1.5436077732801763	1.5436077732801763	1.5436077732801763
AZD0530	ENSG00000117009	1.5433748650095367	1.5433748650095367	1.5433748650095367
AZD0530	ENSG00000086712	1.5431227226221054	1.5431227226221054	1.5431227226221054
AZD0530	ENSG00000123178	1.543013745985626	1.543013745985626	1.543013745985626
AZD0530	ENSG00000213658	1.542709262986652	1.542709262986652	1.542709262986652
AZD0530	ENSG00000196235	1.5426816686004008	1.5426816686004008	1.5426816686004008
AZD0530	ENSG00000087074	1.5425445857429219	1.5425445857429219	1.5425445857429219
AZD0530	ENSG00000233864	1.5424794081502418	1.5424794081502418	1.5424794081502418
AZD0530	ENSG00000135720	1.5422760395472528	1.5422760395472528	1.5422760395472528
AZD0530	ENSG00000116176	1.5422729201082193	1.5422729201082193	1.5422729201082193
AZD0530	C10orf137	1.54210718393413	1.54210718393413	1.54210718393413
AZD0530	ENSG00000197442	1.5418454060890265	1.5418454060890265	1.5418454060890265
AZD0530	ENSG00000167987	1.5418121312362716	1.5418121312362716	1.5418121312362716
AZD0530	ENSG00000136861	1.5417302888522244	1.5417302888522244	1.5417302888522244
AZD0530	ENSG00000167562	1.541648155908669	1.541648155908669	1.541648155908669
AZD0530	ENSG00000152332	1.541557317941097	1.541557317941097	1.541557317941097
AZD0530	ENSG00000131016	1.541515509755912	1.541515509755912	1.541515509755912
AZD0530	ENSG00000100593	1.5412867721772858	1.5412867721772858	1.5412867721772858
AZD0530	ENSG00000135314	1.541244982728518	1.541244982728518	1.541244982728518
AZD0530	RTCD1	1.5410708629819827	1.5410708629819827	1.5410708629819827
AZD0530	ENSG00000105829	1.5410696424498587	1.5410696424498587	1.5410696424498587
AZD0530	ENSG00000171189	1.5408784706147585	1.5408784706147585	1.5408784706147585
AZD0530	C5orf27	1.5408278524986934	1.5408278524986934	1.5408278524986934
AZD0530	ENSG00000231944	1.5406464142443226	1.5406464142443226	1.5406464142443226
AZD0530	ENSG00000121406	1.5405964104167964	1.5405964104167964	1.5405964104167964
AZD0530	C15orf55	1.5405863446529287	1.5405863446529287	1.5405863446529287
AZD0530	ENSG00000277734	1.5404440200893255	1.5404440200893255	1.5404440200893255
AZD0530	LOC100652917	1.5401808319912023	1.5401808319912023	1.5401808319912023
AZD0530	ENSG00000163121	1.539996635547579	1.539996635547579	1.539996635547579
AZD0530	ENSG00000157227	1.539401995870259	1.539401995870259	1.539401995870259
AZD0530	ENSG00000077157	1.5391827943678005	1.5391827943678005	1.5391827943678005
AZD0530	LOC100505624	1.5388712767659323	1.5388712767659323	1.5388712767659323
AZD0530	ENSG00000172667	1.5388296771000145	1.5388296771000145	1.5388296771000145
AZD0530	ENSG00000177169	1.538736953519606	1.538736953519606	1.538736953519606
AZD0530	ENSG00000132406	1.5386819532402363	1.5386819532402363	1.5386819532402363
AZD0530	LOC151300	1.5383387482456072	1.5383387482456072	1.5383387482456072
AZD0530	ENSG00000205669	1.538126428672104	1.538126428672104	1.538126428672104
AZD0530	LINC00338	1.53805933251012	1.53805933251012	1.53805933251012
AZD0530	ENSG00000142186	1.5376911975749212	1.5376911975749212	1.5376911975749212
AZD0530	LOC79015	1.537637938159887	1.537637938159887	1.537637938159887
AZD0530	ENSG00000156531	1.537588395764051	1.537588395764051	1.537588395764051
AZD0530	ENSG00000176533	1.5373219700645622	1.5373219700645622	1.5373219700645622
AZD0530	ENSG00000170231	1.5372061481986032	1.5372061481986032	1.5372061481986032
AZD0530	ENSG00000134398	1.5371082895287345	1.5371082895287345	1.5371082895287345
AZD0530	ENSG00000161999	1.536781740502384	1.536781740502384	1.536781740502384
AZD0530	ENSG00000125247	1.5367698468127693	1.5367698468127693	1.5367698468127693
AZD0530	ENSG00000106460	1.5364144640277102	1.5364144640277102	1.5364144640277102
AZD0530	ENSG00000005339	1.5361800158520462	1.5361800158520462	1.5361800158520462
AZD0530	ENSG00000131791	1.5360239085222696	1.5360239085222696	1.5360239085222696
AZD0530	ENSG00000141551	1.5359180281255362	1.5359180281255362	1.5359180281255362
AZD0530	ENSG00000144712	1.5358693614175636	1.5358693614175636	1.5358693614175636
AZD0530	ENSG00000150201	1.5357550897183705	1.5357550897183705	1.5357550897183705
AZD0530	ENSG00000165899	1.5354793140546714	1.5354793140546714	1.5354793140546714
AZD0530	ENSG00000136986	1.5351375274188386	1.5351375274188386	1.5351375274188386
AZD0530	LOC100506380	1.535050204577841	1.535050204577841	1.535050204577841
AZD0530	ENSG00000164972	1.535030182551772	1.535030182551772	1.535030182551772
AZD0530	ENSG00000102858	1.5349889185148198	1.5349889185148198	1.5349889185148198
AZD0530	ENSG00000198216	1.5349631454700399	1.5349631454700399	1.5349631454700399
AZD0530	ENSG00000248724	1.5347641620846513	1.5347641620846513	1.5347641620846513
AZD0530	FLJ44342	1.5347103339853125	1.5347103339853125	1.5347103339853125
AZD0530	ENSG00000104499	1.534315189718587	1.534315189718587	1.534315189718587
AZD0530	ENSG00000083812	1.5342239645150786	1.5342239645150786	1.5342239645150786
AZD0530	ENSG00000145390	1.5339694385491829	1.5339694385491829	1.5339694385491829
AZD0530	ENSG00000135596	1.5339626966387718	1.5339626966387718	1.5339626966387718
AZD0530	ENSG00000173421	1.5338009965291808	1.5338009965291808	1.5338009965291808
AZD0530	ENSG00000205808	1.5336145012372966	1.5336145012372966	1.5336145012372966
AZD0530	LRG_101	1.5334418399313485	1.5334418399313485	1.5334418399313485
AZD0530	ENSG00000108509	1.5329392840407872	1.5329392840407872	1.5329392840407872
AZD0530	ENSG00000180628	1.532848926207075	1.532848926207075	1.532848926207075
AZD0530	ENSG00000131943	1.5327761807025788	1.5327761807025788	1.5327761807025788
AZD0530	C6orf108	1.5326715637843784	1.5326715637843784	1.5326715637843784
AZD0530	ENSG00000128815	1.5318494063165278	1.5318494063165278	1.5318494063165278
AZD0530	ENSG00000122176	1.5315342843894513	1.5315342843894513	1.5315342843894513
AZD0530	ENSG00000142619	1.5315126579839462	1.5315126579839462	1.5315126579839462
AZD0530	LOC286177	1.5312923503364329	1.5312923503364329	1.5312923503364329
AZD0530	ENSG00000068885	1.5312384670548258	1.5312384670548258	1.5312384670548258
AZD0530	LOC401093	1.5311240071748018	1.5311240071748018	1.5311240071748018
AZD0530	ENSG00000170100	1.5310369173841236	1.5310369173841236	1.5310369173841236
AZD0530	ENSG00000157353	1.5307587720760871	1.5307587720760871	1.5307587720760871
AZD0530	ENSG00000103175	1.5303736718351033	1.5303736718351033	1.5303736718351033
AZD0530	ENSG00000174680	1.5303559887260485	1.5303559887260485	1.5303559887260485
AZD0530	ENSG00000128266	1.5299998874478578	1.5299998874478578	1.5299998874478578
AZD0530	ENSG00000067048	1.5299879190992607	1.5299879190992607	1.5299879190992607
AZD0530	ENSG00000121594	1.5298564536826265	1.5298564536826265	1.5298564536826265
AZD0530	ENSG00000100523	1.5297636027849717	1.5297636027849717	1.5297636027849717
AZD0530	ENSG00000104921	1.529219770931523	1.529219770931523	1.529219770931523
AZD0530	ENSG00000115350	1.528939208645171	1.528939208645171	1.528939208645171
AZD0530	ENSG00000230989	1.528832765880508	1.528832765880508	1.528832765880508
AZD0530	LOC100506120	1.5287003284616214	1.5287003284616214	1.5287003284616214
AZD0530	ENSG00000155846	1.5286030999967717	1.5286030999967717	1.5286030999967717
AZD0530	ENSG00000166887	1.5282135626595927	1.5282135626595927	1.5282135626595927
AZD0530	ENSG00000153936	1.5281058518674853	1.5281058518674853	1.5281058518674853
AZD0530	LOC100505549	1.528088916426116	1.528088916426116	1.528088916426116
AZD0530	ENSG00000125831	1.5280673773555509	1.5280673773555509	1.5280673773555509
AZD0530	ENSG00000130511	1.5278687441592362	1.5278687441592362	1.5278687441592362
AZD0530	LOC100507364	1.5278256763332032	1.5278256763332032	1.5278256763332032
AZD0530	ENSG00000110925	1.5271611592234018	1.5271611592234018	1.5271611592234018
AZD0530	ENSG00000134444	1.5271511808703493	1.5271511808703493	1.5271511808703493
AZD0530	ENSG00000203942	1.5270911203431996	1.5270911203431996	1.5270911203431996
AZD0530	ENSG00000134644	1.5269765005301805	1.5269765005301805	1.5269765005301805
AZD0530	ENSG00000198798	1.5268169512710401	1.5268169512710401	1.5268169512710401
AZD0530	ENSG00000120549	1.5267072691319383	1.5267072691319383	1.5267072691319383
AZD0530	LOC100507525	1.5262636397773217	1.5262636397773217	1.5262636397773217
AZD0530	LOC100505738	1.526190853455615	1.526190853455615	1.526190853455615
AZD0530	ENSG00000170442	1.525848328556092	1.525848328556092	1.525848328556092
AZD0530	ENSG00000110244	1.5257863513874301	1.5257863513874301	1.5257863513874301
AZD0530	ENSG00000137074	1.5256334034836876	1.5256334034836876	1.5256334034836876
AZD0530	ENSG00000231023	1.525431075841929	1.525431075841929	1.525431075841929
AZD0530	ENSG00000100221	1.5254126620610287	1.5254126620610287	1.5254126620610287
AZD0530	ENSG00000197170	1.5253268304042737	1.5253268304042737	1.5253268304042737
AZD0530	ENSG00000180828	1.5251998428951818	1.5251998428951818	1.5251998428951818
AZD0530	ENSG00000204175	1.525064386501792	1.525064386501792	1.525064386501792
AZD0530	ENSG00000154415	1.524792705918265	1.524792705918265	1.524792705918265
AZD0530	ENSG00000197536	1.5246480886317573	1.5246480886317573	1.5246480886317573
AZD0530	ENSG00000165821	1.5246396890222824	1.5246396890222824	1.5246396890222824
AZD0530	ENSG00000114416	1.5245798914886826	1.5245798914886826	1.5245798914886826
AZD0530	ENSG00000130758	1.5244878594936566	1.5244878594936566	1.5244878594936566
AZD0530	LOC400084	1.5244211907812135	1.5244211907812135	1.5244211907812135
AZD0530	ENSG00000138435	1.5241148506395745	1.5241148506395745	1.5241148506395745
AZD0530	ENSG00000009335	1.5238249184522819	1.5238249184522819	1.5238249184522819
AZD0530	ENSG00000187848	1.5238220394591857	1.5238220394591857	1.5238220394591857
AZD0530	ENSG00000011243	1.5235583489877504	1.5235583489877504	1.5235583489877504
AZD0530	ENSG00000236149	1.5235444514035483	1.5235444514035483	1.5235444514035483
AZD0530	ENSG00000183648	1.5235362223091047	1.5235362223091047	1.5235362223091047
AZD0530	ENSG00000237765	1.523132919370392	1.523132919370392	1.523132919370392
AZD0530	ENSG00000152061	1.5228505404498902	1.5228505404498902	1.5228505404498902
AZD0530	ENSG00000124664	1.5225946330280313	1.5225946330280313	1.5225946330280313
AZD0530	ENSG00000237575	1.5224775022025772	1.5224775022025772	1.5224775022025772
AZD0530	ENSG00000157734	1.5223208034224283	1.5223208034224283	1.5223208034224283
AZD0530	ENSG00000184635	1.5222509786773777	1.5222509786773777	1.5222509786773777
AZD0530	ENSG00000086506	1.5222155171106901	1.5222155171106901	1.5222155171106901
AZD0530	ENSG00000169710	1.5219379185373627	1.5219379185373627	1.5219379185373627
AZD0530	LOC148189	1.521899630705826	1.521899630705826	1.521899630705826
AZD0530	ENSG00000114554	1.5217971512752586	1.5217971512752586	1.5217971512752586
AZD0530	ENSG00000177697	1.5214810746827387	1.5214810746827387	1.5214810746827387
AZD0530	ENSG00000164330	1.5214042563830108	1.5214042563830108	1.5214042563830108
AZD0530	ENSG00000115486	1.5212591819187153	1.5212591819187153	1.5212591819187153
AZD0530	LOC100506082	1.5212531041292496	1.5212531041292496	1.5212531041292496
AZD0530	LOC729164	1.5210685479132107	1.5210685479132107	1.5210685479132107
AZD0530	LRG_36	1.5210287981195627	1.5210287981195627	1.5210287981195627
AZD0530	ENSG00000105205	1.5200508149849385	1.5200508149849385	1.5200508149849385
AZD0530	ENSG00000134207	1.5197860124938776	1.5197860124938776	1.5197860124938776
AZD0530	ENSG00000166292	1.5195743525478773	1.5195743525478773	1.5195743525478773
AZD0530	FAM5B	1.5193942783536751	1.5193942783536751	1.5193942783536751
AZD0530	LOC100507498	1.5193597095100009	1.5193597095100009	1.5193597095100009
AZD0530	ENSG00000095627	1.5193063190373919	1.5193063190373919	1.5193063190373919
AZD0530	ENSG00000150594	1.518872860900416	1.518872860900416	1.518872860900416
AZD0530	ENSG00000035115	1.518846321463384	1.518846321463384	1.518846321463384
AZD0530	ENSG00000118690	1.5188351782149263	1.5188351782149263	1.5188351782149263
AZD0530	ENSG00000176472	1.518583268052779	1.518583268052779	1.518583268052779
AZD0530	LOC146880	1.5185499417257897	1.5185499417257897	1.5185499417257897
AZD0530	ENSG00000175874	1.518404809330109	1.518404809330109	1.518404809330109
AZD0530	ENSG00000261485	1.5183494726897073	1.5183494726897073	1.5183494726897073
AZD0530	ENSG00000162923	1.5183328780513492	1.5183328780513492	1.5183328780513492
AZD0530	ENSG00000132478	1.5182966614540547	1.5182966614540547	1.5182966614540547
AZD0530	ENSG00000179988	1.5178163934381537	1.5178163934381537	1.5178163934381537
AZD0530	ENSG00000137693	1.5177987250161955	1.5177987250161955	1.5177987250161955
AZD0530	ENSG00000104237	1.5174327597946018	1.5174327597946018	1.5174327597946018
AZD0530	ENSG00000166822	1.5173356491490275	1.5173356491490275	1.5173356491490275
AZD0530	ENSG00000143793	1.516901226673573	1.516901226673573	1.516901226673573
AZD0530	ENSG00000185963	1.5165730428418498	1.5165730428418498	1.5165730428418498
AZD0530	ENSG00000143442	1.5163114446994421	1.5163114446994421	1.5163114446994421
AZD0530	ENSG00000158615	1.5161630334351073	1.5161630334351073	1.5161630334351073
AZD0530	ENSG00000164172	1.516133671682315	1.516133671682315	1.516133671682315
AZD0530	ENSG00000184743	1.5161135108783004	1.5161135108783004	1.5161135108783004
AZD0530	ENSG00000121481	1.516106010902122	1.516106010902122	1.516106010902122
AZD0530	UQCC	1.5160971261628937	1.5160971261628937	1.5160971261628937
AZD0530	ENSG00000166780	1.5158455415033854	1.5158455415033854	1.5158455415033854
AZD0530	ENSG00000166200	1.5151616180165728	1.5151616180165728	1.5151616180165728
AZD0530	ENSG00000186487	1.5146801725616106	1.5146801725616106	1.5146801725616106
AZD0530	ENSG00000025156	1.5146770740776385	1.5146770740776385	1.5146770740776385
AZD0530	ENSG00000158488	1.514650973435844	1.514650973435844	1.514650973435844
AZD0530	ENSG00000120063	1.514466044141545	1.514466044141545	1.514466044141545
AZD0530	ENSG00000163239	1.5141547763168768	1.5141547763168768	1.5141547763168768
AZD0530	ENSG00000095015	1.514150913376089	1.514150913376089	1.514150913376089
AZD0530	ENSG00000135439	1.51408935017196	1.51408935017196	1.51408935017196
AZD0530	ATPAF1-AS1	1.5140517080023057	1.5140517080023057	1.5140517080023057
AZD0530	ENSG00000135823	1.5140248153552358	1.5140248153552358	1.5140248153552358
AZD0530	ENSG00000100439	1.513953765623377	1.513953765623377	1.513953765623377
AZD0530	ENSG00000135517	1.5137908453494666	1.5137908453494666	1.5137908453494666
AZD0530	ENSG00000221826	1.5135478804325877	1.5135478804325877	1.5135478804325877
AZD0530	ENSG00000275851	1.5134840649440364	1.5134840649440364	1.5134840649440364
AZD0530	ENSG00000157350	1.5134800852158226	1.5134800852158226	1.5134800852158226
AZD0530	ENSG00000113790	1.5132376807853025	1.5132376807853025	1.5132376807853025
AZD0530	ENSG00000140750	1.5128897118228888	1.5128897118228888	1.5128897118228888
AZD0530	ENSG00000153363	1.5128433097392515	1.5128433097392515	1.5128433097392515
AZD0530	ENSG00000185658	1.512773922058444	1.512773922058444	1.512773922058444
AZD0530	ENSG00000075429	1.512711163935166	1.512711163935166	1.512711163935166
AZD0530	ENSG00000187824	1.5124986185628941	1.5124986185628941	1.5124986185628941
AZD0530	ENSG00000121900	1.5117459730029927	1.5117459730029927	1.5117459730029927
AZD0530	ENSG00000184029	1.5115510801067085	1.5115510801067085	1.5115510801067085
AZD0530	ENSG00000188322	1.511410261231653	1.511410261231653	1.511410261231653
AZD0530	ENSG00000116663	1.511267888955636	1.511267888955636	1.511267888955636
AZD0530	ENSG00000274636	1.5112571464314977	1.5112571464314977	1.5112571464314977
AZD0530	ENSG00000182979	1.5108976791422613	1.5108976791422613	1.5108976791422613
AZD0530	ENSG00000231256	1.5108579335931394	1.5108579335931394	1.5108579335931394
AZD0530	ENSG00000239732	1.510745907352264	1.510745907352264	1.510745907352264
AZD0530	ENSG00000172061	1.510637743048842	1.510637743048842	1.510637743048842
AZD0530	ENSG00000175567	1.5104404503598718	1.5104404503598718	1.5104404503598718
AZD0530	ENSG00000131979	1.5104128800592975	1.5104128800592975	1.5104128800592975
AZD0530	ENSG00000165424	1.510258903881274	1.510258903881274	1.510258903881274
AZD0530	ENSG00000077092	1.510135108728632	1.510135108728632	1.510135108728632
AZD0530	ENSG00000064042	1.5099268518952065	1.5099268518952065	1.5099268518952065
AZD0530	ENSG00000243766	1.5096635107394591	1.5096635107394591	1.5096635107394591
AZD0530	ENSG00000099822	1.5095478310587827	1.5095478310587827	1.5095478310587827
AZD0530	ENSG00000176971	1.509212143976114	1.509212143976114	1.509212143976114
AZD0530	ENSG00000131470	1.5086255134282156	1.5086255134282156	1.5086255134282156
AZD0530	ENSG00000163935	1.508476994092108	1.508476994092108	1.508476994092108
AZD0530	ENSG00000167733	1.5084616722614728	1.5084616722614728	1.5084616722614728
AZD0530	ENSG00000118513	1.5083962118746654	1.5083962118746654	1.5083962118746654
AZD0530	ENSG00000052841	1.5083802601622842	1.5083802601622842	1.5083802601622842
AZD0530	ENSG00000177030	1.5082028254778748	1.5082028254778748	1.5082028254778748
AZD0530	ENSG00000128524	1.5081525812176038	1.5081525812176038	1.5081525812176038
AZD0530	ENSG00000106993	1.508084878500588	1.508084878500588	1.508084878500588
AZD0530	ENSG00000186918	1.5080132111060263	1.5080132111060263	1.5080132111060263
AZD0530	ENSG00000089847	1.507881874619002	1.507881874619002	1.507881874619002
AZD0530	ENSG00000187021	1.5077221698813428	1.5077221698813428	1.5077221698813428
AZD0530	ENSG00000143207	1.5076476847345222	1.5076476847345222	1.5076476847345222
AZD0530	ENSG00000168959	1.507620574483275	1.507620574483275	1.507620574483275
AZD0530	ENSG00000177303	1.5075007203603967	1.5075007203603967	1.5075007203603967
AZD0530	ENSG00000127418	1.5072914721085324	1.5072914721085324	1.5072914721085324
AZD0530	ENSG00000184508	1.5071815612933734	1.5071815612933734	1.5071815612933734
AZD0530	ENSG00000132432	1.5071746847912901	1.5071746847912901	1.5071746847912901
AZD0530	ENSG00000196812	1.5070642154124212	1.5070642154124212	1.5070642154124212
AZD0530	ENSG00000139190	1.50698804256401	1.50698804256401	1.50698804256401
AZD0530	ENSG00000163440	1.5069474015518958	1.5069474015518958	1.5069474015518958
AZD0530	ENSG00000265479	1.5066790496112306	1.5066790496112306	1.5066790496112306
AZD0530	ENSG00000135925	1.506636126246377	1.506636126246377	1.506636126246377
AZD0530	ENSG00000144591	1.5064842237342788	1.5064842237342788	1.5064842237342788
AZD0530	ENSG00000196260	1.5064186016571819	1.5064186016571819	1.5064186016571819
AZD0530	ENSG00000149483	1.5058182534658038	1.5058182534658038	1.5058182534658038
AZD0530	ENSG00000140406	1.5057394618758861	1.5057394618758861	1.5057394618758861
AZD0530	ENSG00000258890	1.5055096826751946	1.5055096826751946	1.5055096826751946
AZD0530	ENSG00000160994	1.5054114596358459	1.5054114596358459	1.5054114596358459
AZD0530	ENSG00000079335	1.5050860706971088	1.5050860706971088	1.5050860706971088
AZD0530	ENSG00000140795	1.5050416172566887	1.5050416172566887	1.5050416172566887
AZD0530	ALS2CR8	1.5050356197697956	1.5050356197697956	1.5050356197697956
AZD0530	ENSG00000136297	1.5050253733658645	1.5050253733658645	1.5050253733658645
AZD0530	ENSG00000100105	1.5048599389422153	1.5048599389422153	1.5048599389422153
AZD0530	ENSG00000147905	1.5048343768073673	1.5048343768073673	1.5048343768073673
AZD0530	ENSG00000228284	1.5045859948517921	1.5045859948517921	1.5045859948517921
AZD0530	ENSG00000152700	1.5045450809187744	1.5045450809187744	1.5045450809187744
AZD0530	ENSG00000115677	1.5039955478256033	1.5039955478256033	1.5039955478256033
AZD0530	ENSG00000172247	1.5037903262066386	1.5037903262066386	1.5037903262066386
AZD0530	ENSG00000225194	1.5036522024481997	1.5036522024481997	1.5036522024481997
AZD0530	ENSG00000170967	1.503527112654369	1.503527112654369	1.503527112654369
AZD0530	LRG_216	1.5031196494611563	1.5031196494611563	1.5031196494611563
AZD0530	ENSG00000129197	1.5027632313795978	1.5027632313795978	1.5027632313795978
AZD0530	ENSG00000198182	1.5025640219582856	1.5025640219582856	1.5025640219582856
AZD0530	ENSG00000141068	1.5024588748353562	1.5024588748353562	1.5024588748353562
AZD0530	ENSG00000166862	1.502425764190497	1.502425764190497	1.502425764190497
AZD0530	ENSG00000121413	1.5020952062882018	1.5020952062882018	1.5020952062882018
AZD0530	ENSG00000280516	1.5020762129523262	1.5020762129523262	1.5020762129523262
AZD0530	ENSG00000197008	1.5019233461396817	1.5019233461396817	1.5019233461396817
AZD0530	ENSG00000121446	1.5018740399824708	1.5018740399824708	1.5018740399824708
AZD0530	ENSG00000143851	1.5016148815419306	1.5016148815419306	1.5016148815419306
AZD0530	ENSG00000100196	1.5015937040541731	1.5015937040541731	1.5015937040541731
AZD0530	ENSG00000101343	1.5011230721489122	1.5011230721489122	1.5011230721489122
AZD0530	ENSG00000163376	1.5011044017949637	1.5011044017949637	1.5011044017949637
AZD0530	ENSG00000159761	1.5006335495758167	1.5006335495758167	1.5006335495758167
AZD0530	ENSG00000232931	1.5006308835752535	1.5006308835752535	1.5006308835752535
AZD0530	ENSG00000275095	1.5005362791694827	1.5005362791694827	1.5005362791694827
AZD0530	ENSG00000278637	1.5002974221755796	1.5002974221755796	1.5002974221755796
AZD0530	ENSG00000172590	1.500242610797974	1.500242610797974	1.500242610797974
AZD0530	ENSG00000151577	1.5001794692294068	1.5001794692294068	1.5001794692294068
AZD0530	LOC728485	1.4998316334426813	1.4998316334426813	1.4998316334426813
AZD0530	ENSG00000181355	1.4997881470838033	1.4997881470838033	1.4997881470838033
AZD0530	ENSG00000051009	1.4993207545182432	1.4993207545182432	1.4993207545182432
AZD0530	ENSG00000110435	1.4993124991207112	1.4993124991207112	1.4993124991207112
AZD0530	ENSG00000128059	1.499293436310228	1.499293436310228	1.499293436310228
AZD0530	ENSG00000185298	1.4988380539774768	1.4988380539774768	1.4988380539774768
AZD0530	LRG_409	1.4987554055889223	1.4987554055889223	1.4987554055889223
AZD0530	ENSG00000065357	1.4986365734501896	1.4986365734501896	1.4986365734501896
AZD0530	ENSG00000137727	1.4985813681923765	1.4985813681923765	1.4985813681923765
AZD0530	ENSG00000173705	1.4984367608400198	1.4984367608400198	1.4984367608400198
AZD0530	ENSG00000118197	1.498248092460594	1.498248092460594	1.498248092460594
AZD0530	ENSG00000281032	1.498191729921495	1.498191729921495	1.498191729921495
AZD0530	ENSG00000181192	1.4980771292572732	1.4980771292572732	1.4980771292572732
AZD0530	ENSG00000104765	1.4976408629199058	1.4976408629199058	1.4976408629199058
AZD0530	LOC100128909	1.4974051906056318	1.4974051906056318	1.4974051906056318
AZD0530	ENSG00000108405	1.4973055338069348	1.4973055338069348	1.4973055338069348
AZD0530	ENSG00000112081	1.497263570960665	1.497263570960665	1.497263570960665
AZD0530	C4orf21	1.4969802366431655	1.4969802366431655	1.4969802366431655
AZD0530	ENSG00000079805	1.4968324868549345	1.4968324868549345	1.4968324868549345
AZD0530	LOC100505930	1.4968132442212256	1.4968132442212256	1.4968132442212256
AZD0530	ENSG00000118707	1.4967937117788601	1.4967937117788601	1.4967937117788601
AZD0530	ENSG00000168958	1.4965176724608646	1.4965176724608646	1.4965176724608646
AZD0530	ENSG00000166037	1.4963194355572893	1.4963194355572893	1.4963194355572893
AZD0530	ENSG00000030582	1.4961223646659967	1.4961223646659967	1.4961223646659967
AZD0530	ENSG00000172426	1.4960384610753175	1.4960384610753175	1.4960384610753175
AZD0530	ENSG00000136448	1.4959713606610163	1.4959713606610163	1.4959713606610163
AZD0530	ENSG00000196911	1.4956105179484684	1.4956105179484684	1.4956105179484684
AZD0530	ENSG00000017483	1.4955645333579375	1.4955645333579375	1.4955645333579375
AZD0530	ENSG00000144852	1.4952838127102188	1.4952838127102188	1.4952838127102188
AZD0530	ENSG00000262845	1.4951410131919196	1.4951410131919196	1.4951410131919196
AZD0530	LOC100506431	1.4949252366169548	1.4949252366169548	1.4949252366169548
AZD0530	ENSG00000175470	1.4948998273590681	1.4948998273590681	1.4948998273590681
AZD0530	ENSG00000010322	1.49464958431142	1.49464958431142	1.49464958431142
AZD0530	ENSG00000130818	1.4945881139826143	1.4945881139826143	1.4945881139826143
AZD0530	ENSG00000113658	1.4944347614961377	1.4944347614961377	1.4944347614961377
AZD0530	ENSG00000205795	1.4943301821436819	1.4943301821436819	1.4943301821436819
AZD0530	ENSG00000197879	1.4942618690433898	1.4942618690433898	1.4942618690433898
AZD0530	ENSG00000174010	1.4942368049288475	1.4942368049288475	1.4942368049288475
AZD0530	ENSG00000198964	1.4939725128079135	1.4939725128079135	1.4939725128079135
AZD0530	ENSG00000134061	1.4938750695947387	1.4938750695947387	1.4938750695947387
AZD0530	ENSG00000171105	1.493459302065669	1.493459302065669	1.493459302065669
AZD0530	ENSG00000188064	1.4932205024654923	1.4932205024654923	1.4932205024654923
AZD0530	ENSG00000105270	1.4931548379287678	1.4931548379287678	1.4931548379287678
AZD0530	ENSG00000178172	1.492960057311788	1.492960057311788	1.492960057311788
AZD0530	C3orf25	1.4928971422970863	1.4928971422970863	1.4928971422970863
AZD0530	ENSG00000031823	1.4927008017277605	1.4927008017277605	1.4927008017277605
AZD0530	ENSG00000157542	1.49259558022392	1.49259558022392	1.49259558022392
AZD0530	ENSG00000104177	1.4925829487318336	1.4925829487318336	1.4925829487318336
AZD0530	ENSG00000181965	1.4920945120562097	1.4920945120562097	1.4920945120562097
AZD0530	LRG_336	1.4920381054156497	1.4920381054156497	1.4920381054156497
AZD0530	FLJ31306	1.4917575066668032	1.4917575066668032	1.4917575066668032
AZD0530	ENSG00000161513	1.491573837374065	1.491573837374065	1.491573837374065
AZD0530	ENSG00000155530	1.4914196614207664	1.4914196614207664	1.4914196614207664
AZD0530	C2orf29	1.491333365241307	1.491333365241307	1.491333365241307
AZD0530	ENSG00000186814	1.4908831872439532	1.4908831872439532	1.4908831872439532
AZD0530	BREA2	1.4908626049188798	1.4908626049188798	1.4908626049188798
AZD0530	ENSG00000196456	1.4907981959526406	1.4907981959526406	1.4907981959526406
AZD0530	ENSG00000099956	1.4907531053818213	1.4907531053818213	1.4907531053818213
AZD0530	ENSG00000165323	1.4906997676034512	1.4906997676034512	1.4906997676034512
AZD0530	ENSG00000205359	1.489810690719412	1.489810690719412	1.489810690719412
AZD0530	ENSG00000087842	1.4890548441299465	1.4890548441299465	1.4890548441299465
AZD0530	ENSG00000007312	1.488603937367569	1.488603937367569	1.488603937367569
AZD0530	ENSG00000124164	1.4882369177191979	1.4882369177191979	1.4882369177191979
AZD0530	ENSG00000143382	1.4879300909238407	1.4879300909238407	1.4879300909238407
AZD0530	ENSG00000165702	1.4879253326875803	1.4879253326875803	1.4879253326875803
AZD0530	ENSG00000131652	1.4876744456578035	1.4876744456578035	1.4876744456578035
AZD0530	ENSG00000196263	1.4874912277371986	1.4874912277371986	1.4874912277371986
AZD0530	ENSG00000138315	1.4873211254100116	1.4873211254100116	1.4873211254100116
AZD0530	ENSG00000100503	1.487015461630008	1.487015461630008	1.487015461630008
AZD0530	ENSG00000204961	1.4869050399947497	1.4869050399947497	1.4869050399947497
AZD0530	ENSG00000123901	1.4868852712316611	1.4868852712316611	1.4868852712316611
AZD0530	ENSG00000188573	1.4868489385842951	1.4868489385842951	1.4868489385842951
AZD0530	ENSG00000131446	1.4864952186510303	1.4864952186510303	1.4864952186510303
AZD0530	ENSG00000173040	1.4864068235470274	1.4864068235470274	1.4864068235470274
AZD0530	ENSG00000117602	1.4863242386213107	1.4863242386213107	1.4863242386213107
AZD0530	ENSG00000205730	1.48613868103237	1.48613868103237	1.48613868103237
AZD0530	ENSG00000197587	1.4858848117580903	1.4858848117580903	1.4858848117580903
AZD0530	LOC100131434	1.4850654918979393	1.4850654918979393	1.4850654918979393
AZD0530	ENSG00000065833	1.4848975711084929	1.4848975711084929	1.4848975711084929
AZD0530	ENSG00000099246	1.484656722859913	1.484656722859913	1.484656722859913
AZD0530	ENSG00000072071	1.4846347682201382	1.4846347682201382	1.4846347682201382
AZD0530	LOC100144597	1.4840430887567613	1.4840430887567613	1.4840430887567613
AZD0530	ENSG00000136147	1.4840127468378703	1.4840127468378703	1.4840127468378703
AZD0530	ENSG00000132475	1.4837959135037087	1.4837959135037087	1.4837959135037087
AZD0530	ENSG00000071282	1.4834534881976544	1.4834534881976544	1.4834534881976544
AZD0530	ENSG00000177688	1.4831809306133825	1.4831809306133825	1.4831809306133825
AZD0530	ENSG00000134873	1.482639967983054	1.482639967983054	1.482639967983054
AZD0530	ENSG00000167767	1.48263748726797	1.48263748726797	1.48263748726797
AZD0530	ENSG00000176571	1.4824031939131694	1.4824031939131694	1.4824031939131694
AZD0530	ENSG00000144455	1.4821947813545815	1.4821947813545815	1.4821947813545815
AZD0530	ENSG00000091164	1.4821692518882594	1.4821692518882594	1.4821692518882594
AZD0530	ENSG00000198435	1.4819469107477103	1.4819469107477103	1.4819469107477103
AZD0530	ENSG00000109320	1.4818801760978058	1.4818801760978058	1.4818801760978058
AZD0530	ENSG00000060339	1.4818045998953462	1.4818045998953462	1.4818045998953462
AZD0530	ENSG00000173020	1.4815669756909118	1.4815669756909118	1.4815669756909118
AZD0530	ENSG00000120992	1.481558866037803	1.481558866037803	1.481558866037803
AZD0530	ENSG00000106628	1.4814588029686369	1.4814588029686369	1.4814588029686369
AZD0530	ENSG00000054179	1.4813675777578659	1.4813675777578659	1.4813675777578659
AZD0530	EFCAB4B	1.4812986902679104	1.4812986902679104	1.4812986902679104
AZD0530	ENSG00000187475	1.4812480076475951	1.4812480076475951	1.4812480076475951
AZD0530	ENSG00000007541	1.481205401664385	1.481205401664385	1.481205401664385
AZD0530	ENSG00000118046	1.480825103660362	1.480825103660362	1.480825103660362
AZD0530	ENSG00000203943	1.48080688401388	1.48080688401388	1.48080688401388
AZD0530	LOC100505619	1.4806406594505919	1.4806406594505919	1.4806406594505919
AZD0530	ENSG00000164822	1.4806003321237695	1.4806003321237695	1.4806003321237695
AZD0530	ENSG00000006757	1.4802555139612872	1.4802555139612872	1.4802555139612872
AZD0530	ENSG00000183741	1.4801665135957704	1.4801665135957704	1.4801665135957704
AZD0530	ENSG00000104915	1.4801291352225003	1.4801291352225003	1.4801291352225003
AZD0530	ENSG00000165105	1.4800454422793945	1.4800454422793945	1.4800454422793945
AZD0530	ENSG00000169255	1.479758752771663	1.479758752771663	1.479758752771663
AZD0530	ENSG00000153132	1.4797447266974375	1.4797447266974375	1.4797447266974375
AZD0530	LOC100507108	1.4796860230040831	1.4796860230040831	1.4796860230040831
AZD0530	ENSG00000175606	1.4795684668433522	1.4795684668433522	1.4795684668433522
AZD0530	ENSG00000105258	1.47932862370764	1.47932862370764	1.47932862370764
AZD0530	ENSG00000238105	1.4792233001905284	1.4792233001905284	1.4792233001905284
AZD0530	ENSG00000108947	1.4789601464566091	1.4789601464566091	1.4789601464566091
AZD0530	ENSG00000166833	1.478758244300864	1.478758244300864	1.478758244300864
AZD0530	LOC116437	1.4783311322761337	1.4783311322761337	1.4783311322761337
AZD0530	ENSG00000170364	1.4783210633591213	1.4783210633591213	1.4783210633591213
AZD0530	ENSG00000129038	1.4782519331617285	1.4782519331617285	1.4782519331617285
AZD0530	LOC283403	1.4779587321334204	1.4779587321334204	1.4779587321334204
AZD0530	LOC440900	1.4777335501684814	1.4777335501684814	1.4777335501684814
AZD0530	ENSG00000184371	1.477686901392465	1.477686901392465	1.477686901392465
AZD0530	ENSG00000144566	1.4774260020220462	1.4774260020220462	1.4774260020220462
AZD0530	ENSG00000153822	1.4771612111076085	1.4771612111076085	1.4771612111076085
AZD0530	ENSG00000111196	1.4770135803715791	1.4770135803715791	1.4770135803715791
AZD0530	ENSG00000170370	1.4767769943960192	1.4767769943960192	1.4767769943960192
AZD0530	ENSG00000130368	1.476346150005434	1.476346150005434	1.476346150005434
AZD0530	ENSG00000140675	1.4761533451310986	1.4761533451310986	1.4761533451310986
AZD0530	ENSG00000138382	1.4759382340829426	1.4759382340829426	1.4759382340829426
AZD0530	ENSG00000176720	1.4757376910412376	1.4757376910412376	1.4757376910412376
AZD0530	ENSG00000131504	1.4755078514874862	1.4755078514874862	1.4755078514874862
AZD0530	C5orf44	1.4750291461620886	1.4750291461620886	1.4750291461620886
AZD0530	LSAMP-AS3	1.4749633252355085	1.4749633252355085	1.4749633252355085
AZD0530	ENSG00000106636	1.4746961092366904	1.4746961092366904	1.4746961092366904
AZD0530	ENSG00000169609	1.474654449023548	1.474654449023548	1.474654449023548
AZD0530	ENSG00000164603	1.4744940889570517	1.4744940889570517	1.4744940889570517
AZD0530	ENSG00000178980	1.4741195757496832	1.4741195757496832	1.4741195757496832
AZD0530	ENSG00000144837	1.4739481341587537	1.4739481341587537	1.4739481341587537
AZD0530	ENSG00000106546	1.473947024364022	1.473947024364022	1.473947024364022
AZD0530	ENSG00000107984	1.4737844873633856	1.4737844873633856	1.4737844873633856
AZD0530	ENSG00000112539	1.4736363775184742	1.4736363775184742	1.4736363775184742
AZD0530	ENSG00000168936	1.4734538970574942	1.4734538970574942	1.4734538970574942
AZD0530	ENSG00000137745	1.4731634270076854	1.4731634270076854	1.4731634270076854
AZD0530	ENSG00000176619	1.4730388262840732	1.4730388262840732	1.4730388262840732
AZD0530	ENSG00000246922	1.4729404533671135	1.4729404533671135	1.4729404533671135
AZD0530	ENSG00000091482	1.472804829699765	1.472804829699765	1.472804829699765
AZD0530	LOC100506388	1.4727271049589934	1.4727271049589934	1.4727271049589934
AZD0530	FLJ35946	1.4726556506992494	1.4726556506992494	1.4726556506992494
AZD0530	ENSG00000132681	1.472273982257112	1.472273982257112	1.472273982257112
AZD0530	ENSG00000163848	1.4722066016732571	1.4722066016732571	1.4722066016732571
AZD0530	ENSG00000280868	1.4720444582122987	1.4720444582122987	1.4720444582122987
AZD0530	LOC100499489	1.471845218774514	1.471845218774514	1.471845218774514
AZD0530	ENSG00000172201	1.471828379055269	1.471828379055269	1.471828379055269
AZD0530	ENSG00000115163	1.471808249790895	1.471808249790895	1.471808249790895
AZD0530	DCDC5	1.471723118631876	1.471723118631876	1.471723118631876
AZD0530	ENSG00000131378	1.4716851385715206	1.4716851385715206	1.4716851385715206
AZD0530	ENSG00000185015	1.4716835848285232	1.4716835848285232	1.4716835848285232
AZD0530	ENSG00000186567	1.471530413709259	1.471530413709259	1.471530413709259
AZD0530	ENSG00000130723	1.4714522897629816	1.4714522897629816	1.4714522897629816
AZD0530	LOC145820	1.4712668064148409	1.4712668064148409	1.4712668064148409
AZD0530	ENSG00000168118	1.4712622821178036	1.4712622821178036	1.4712622821178036
AZD0530	ENSG00000197746	1.4711624788729238	1.4711624788729238	1.4711624788729238
AZD0530	ENSG00000123570	1.471135855143099	1.471135855143099	1.471135855143099
AZD0530	ENSG00000003756	1.4710156031895982	1.4710156031895982	1.4710156031895982
AZD0530	ENSG00000145348	1.470974861068795	1.470974861068795	1.470974861068795
AZD0530	ENSG00000090470	1.470873090203398	1.470873090203398	1.470873090203398
AZD0530	ENSG00000179163	1.4707743339583585	1.4707743339583585	1.4707743339583585
AZD0530	ENSG00000050820	1.4704207990918878	1.4704207990918878	1.4704207990918878
AZD0530	ENSG00000024048	1.4704116957856928	1.4704116957856928	1.4704116957856928
AZD0530	ENSG00000158525	1.4701224407810385	1.4701224407810385	1.4701224407810385
AZD0530	ENSG00000122882	1.470119248722965	1.470119248722965	1.470119248722965
AZD0530	FLJ10661	1.4698631769952046	1.4698631769952046	1.4698631769952046
AZD0530	ENSG00000148719	1.4698056280601537	1.4698056280601537	1.4698056280601537
AZD0530	ENSG00000139767	1.4697996785755483	1.4697996785755483	1.4697996785755483
AZD0530	ENSG00000117222	1.4697559022086442	1.4697559022086442	1.4697559022086442
AZD0530	ENSG00000119048	1.4697056642123272	1.4697056642123272	1.4697056642123272
AZD0530	ENSG00000170525	1.4695805164753493	1.4695805164753493	1.4695805164753493
AZD0530	ENSG00000147421	1.469361361996951	1.469361361996951	1.469361361996951
AZD0530	ENSG00000158290	1.4692554351595737	1.4692554351595737	1.4692554351595737
AZD0530	ENSG00000066027	1.4691173215923354	1.4691173215923354	1.4691173215923354
AZD0530	ENSG00000152683	1.4689968958146316	1.4689968958146316	1.4689968958146316
AZD0530	ENSG00000204666	1.4689074530143185	1.4689074530143185	1.4689074530143185
AZD0530	LOC100507109	1.4688946504090612	1.4688946504090612	1.4688946504090612
AZD0530	ENSG00000090273	1.4686106722082508	1.4686106722082508	1.4686106722082508
AZD0530	ENSG00000137992	1.4677259923046917	1.4677259923046917	1.4677259923046917
AZD0530	ENSG00000070785	1.46763623653498	1.46763623653498	1.46763623653498
AZD0530	ENSG00000150756	1.467579255052891	1.467579255052891	1.467579255052891
AZD0530	ENSG00000167978	1.4674554788903027	1.4674554788903027	1.4674554788903027
AZD0530	ENSG00000106459	1.4674388259406776	1.4674388259406776	1.4674388259406776
AZD0530	ENSG00000136383	1.4673573472238282	1.4673573472238282	1.4673573472238282
AZD0530	ENSG00000132911	1.467215439447954	1.467215439447954	1.467215439447954
AZD0530	LRG_439	1.46703483361417	1.46703483361417	1.46703483361417
AZD0530	ENSG00000107651	1.4669735134580042	1.4669735134580042	1.4669735134580042
AZD0530	ANKRD5	1.4668395673558348	1.4668395673558348	1.4668395673558348
AZD0530	ENSG00000243064	1.466657863027897	1.466657863027897	1.466657863027897
AZD0530	ENSG00000108786	1.4666392097371206	1.4666392097371206	1.4666392097371206
AZD0530	ENSG00000213417	1.4661913507359272	1.4661913507359272	1.4661913507359272
AZD0530	LOC100507162	1.4660308829187279	1.4660308829187279	1.4660308829187279
AZD0530	ENSG00000242180	1.4659928138322698	1.4659928138322698	1.4659928138322698
AZD0530	ENSG00000170113	1.4652853558338208	1.4652853558338208	1.4652853558338208
AZD0530	KIAA1009	1.4651812499274321	1.4651812499274321	1.4651812499274321
AZD0530	ENSG00000106560	1.4651589536852296	1.4651589536852296	1.4651589536852296
AZD0530	ENSG00000246662	1.4649457108244606	1.4649457108244606	1.4649457108244606
AZD0530	ENSG00000179142	1.4649436508032885	1.4649436508032885	1.4649436508032885
AZD0530	ENSG00000109079	1.464900676375604	1.464900676375604	1.464900676375604
AZD0530	ENSG00000070214	1.4647567419324272	1.4647567419324272	1.4647567419324272
AZD0530	ENSG00000141002	1.4647450205309953	1.4647450205309953	1.4647450205309953
AZD0530	ENSG00000008517	1.4644594230724417	1.4644594230724417	1.4644594230724417
AZD0530	ENSG00000114013	1.4644507140482694	1.4644507140482694	1.4644507140482694
AZD0530	LOC100505853	1.464323086469098	1.464323086469098	1.464323086469098
AZD0530	ENSG00000094841	1.4641756046090413	1.4641756046090413	1.4641756046090413
AZD0530	ENSG00000144671	1.464087585329602	1.464087585329602	1.464087585329602
AZD0530	LOC100506105	1.4640157911177665	1.4640157911177665	1.4640157911177665
AZD0530	ENSG00000177409	1.4639932946018925	1.4639932946018925	1.4639932946018925
AZD0530	ENSG00000206445	1.463599461080258	1.463599461080258	1.463599461080258
AZD0530	ENSG00000112640	1.4635941961812475	1.4635941961812475	1.4635941961812475
AZD0530	ENSG00000102908	1.4635338632371102	1.4635338632371102	1.4635338632371102
AZD0530	ENSG00000196704	1.46316606188411	1.46316606188411	1.46316606188411
AZD0530	ENSG00000124151	1.4631164701009771	1.4631164701009771	1.4631164701009771
AZD0530	ENSG00000185565	1.462961134188198	1.462961134188198	1.462961134188198
AZD0530	ENSG00000279355	1.4625796314155959	1.4625796314155959	1.4625796314155959
AZD0530	ENSG00000237651	1.462269799189559	1.462269799189559	1.462269799189559
AZD0530	ENSG00000105852	1.462091075356782	1.462091075356782	1.462091075356782
AZD0530	ENSG00000118922	1.4619844429477715	1.4619844429477715	1.4619844429477715
AZD0530	ENSG00000171402	1.4617695769886134	1.4617695769886134	1.4617695769886134
AZD0530	ENSG00000147364	1.4613197161474962	1.4613197161474962	1.4613197161474962
AZD0530	ENSG00000135454	1.4613136357188	1.4613136357188	1.4613136357188
AZD0530	ENSG00000176842	1.461203426770325	1.461203426770325	1.461203426770325
AZD0530	ENSG00000176635	1.4611380092087884	1.4611380092087884	1.4611380092087884
AZD0530	ENSG00000166529	1.4604548112608058	1.4604548112608058	1.4604548112608058
AZD0530	ENSG00000160908	1.4604464594780573	1.4604464594780573	1.4604464594780573
AZD0530	ENSG00000147138	1.4602047961779452	1.4602047961779452	1.4602047961779452
AZD0530	LRG_18	1.4600784269269127	1.4600784269269127	1.4600784269269127
AZD0530	ENSG00000105327	1.460043664323332	1.460043664323332	1.460043664323332
AZD0530	FAM70A	1.4599959403214666	1.4599959403214666	1.4599959403214666
AZD0530	KBTBD5	1.4589998667206188	1.4589998667206188	1.4589998667206188
AZD0530	LOC100507492	1.4587983375638165	1.4587983375638165	1.4587983375638165
AZD0530	C15orf17	1.4586674954808505	1.4586674954808505	1.4586674954808505
AZD0530	ENSG00000011275	1.458665457621594	1.458665457621594	1.458665457621594
AZD0530	ENSG00000158805	1.4585640235393194	1.4585640235393194	1.4585640235393194
AZD0530	C3orf43	1.4585354710254501	1.4585354710254501	1.4585354710254501
AZD0530	LOC100131138	1.4583240653341418	1.4583240653341418	1.4583240653341418
AZD0530	ENSG00000173226	1.458135866880255	1.458135866880255	1.458135866880255
AZD0530	ENSG00000176222	1.4580815494882533	1.4580815494882533	1.4580815494882533
AZD0530	ENSG00000114650	1.4574469535769436	1.4574469535769436	1.4574469535769436
AZD0530	ENSG00000197299	1.4573968040583611	1.4573968040583611	1.4573968040583611
AZD0530	ENSG00000266714	1.457226528465156	1.457226528465156	1.457226528465156
AZD0530	ENSG00000273802	1.4571221632859086	1.4571221632859086	1.4571221632859086
AZD0530	LOC100505562	1.4570518863239552	1.4570518863239552	1.4570518863239552
AZD0530	ENSG00000047579	1.4564530088687957	1.4564530088687957	1.4564530088687957
AZD0530	ENSG00000068724	1.4563763633529228	1.4563763633529228	1.4563763633529228
AZD0530	ENSG00000119640	1.4561660766109632	1.4561660766109632	1.4561660766109632
AZD0530	ENSG00000116852	1.4561385078478504	1.4561385078478504	1.4561385078478504
AZD0530	ENSG00000143603	1.45607487453257	1.45607487453257	1.45607487453257
AZD0530	ENSG00000197406	1.4559928139526044	1.4559928139526044	1.4559928139526044
AZD0530	ENSG00000145626	1.4555007385933616	1.4555007385933616	1.4555007385933616
AZD0530	TMEM178	1.455235418881198	1.455235418881198	1.455235418881198
AZD0530	LOC126536	1.4551459457236708	1.4551459457236708	1.4551459457236708
AZD0530	ENSG00000266265	1.4548682156068706	1.4548682156068706	1.4548682156068706
AZD0530	ENSG00000138002	1.4548069651941864	1.4548069651941864	1.4548069651941864
AZD0530	ENSG00000167037	1.4548024909666577	1.4548024909666577	1.4548024909666577
AZD0530	ENSG00000131115	1.4542877086157628	1.4542877086157628	1.4542877086157628
AZD0530	ENSG00000171509	1.4542320824856185	1.4542320824856185	1.4542320824856185
AZD0530	ENSG00000104611	1.4541543982391052	1.4541543982391052	1.4541543982391052
AZD0530	LRG_362	1.4537037989245567	1.4537037989245567	1.4537037989245567
AZD0530	ENSG00000091428	1.4536722563155127	1.4536722563155127	1.4536722563155127
AZD0530	ENSG00000172748	1.4534418774878306	1.4534418774878306	1.4534418774878306
AZD0530	ENSG00000110906	1.4534305911020218	1.4534305911020218	1.4534305911020218
AZD0530	ENSG00000104723	1.4531237763863334	1.4531237763863334	1.4531237763863334
AZD0530	ENSG00000118322	1.4530234711032282	1.4530234711032282	1.4530234711032282
AZD0530	ENSG00000166793	1.4529472711767686	1.4529472711767686	1.4529472711767686
AZD0530	ENSG00000100554	1.4525235173531588	1.4525235173531588	1.4525235173531588
AZD0530	LOC541472	1.4520379543680444	1.4520379543680444	1.4520379543680444
AZD0530	ENSG00000206384	1.4518739105412686	1.4518739105412686	1.4518739105412686
AZD0530	ENSG00000101596	1.4517933539253531	1.4517933539253531	1.4517933539253531
AZD0530	ENSG00000151503	1.45164937073803	1.45164937073803	1.45164937073803
AZD0530	ENSG00000066135	1.4516452660734762	1.4516452660734762	1.4516452660734762
AZD0530	ENSG00000151012	1.4512967658016784	1.4512967658016784	1.4512967658016784
AZD0530	ENSG00000143353	1.4511781955964325	1.4511781955964325	1.4511781955964325
AZD0530	ENSG00000074266	1.451147810482341	1.451147810482341	1.451147810482341
AZD0530	ENSG00000196072	1.4511270718615417	1.4511270718615417	1.4511270718615417
AZD0530	ENSG00000119396	1.450669024268358	1.450669024268358	1.450669024268358
AZD0530	LOC285419	1.4504317337239014	1.4504317337239014	1.4504317337239014
AZD0530	ENSG00000223518	1.450327484731207	1.450327484731207	1.450327484731207
AZD0530	ENSG00000169951	1.4501427711382078	1.4501427711382078	1.4501427711382078
AZD0530	ENSG00000088053	1.449859302345942	1.449859302345942	1.449859302345942
AZD0530	ENSG00000106078	1.449763175933616	1.449763175933616	1.449763175933616
AZD0530	ENSG00000108179	1.449738076815027	1.449738076815027	1.449738076815027
AZD0530	ENSG00000114805	1.4495360416200085	1.4495360416200085	1.4495360416200085
AZD0530	ENSG00000165810	1.449498670590205	1.449498670590205	1.449498670590205
AZD0530	ENSG00000165071	1.4494659525442617	1.4494659525442617	1.4494659525442617
AZD0530	ENSG00000114948	1.449321594055783	1.449321594055783	1.449321594055783
AZD0530	ENSG00000182973	1.4491880513076634	1.4491880513076634	1.4491880513076634
AZD0530	ENSG00000180884	1.4491648775702712	1.4491648775702712	1.4491648775702712
AZD0530	ENSG00000120675	1.448933488289932	1.448933488289932	1.448933488289932
AZD0530	ENSG00000168646	1.4487669297629486	1.4487669297629486	1.4487669297629486
AZD0530	ENSG00000167543	1.4486221638046946	1.4486221638046946	1.4486221638046946
AZD0530	ENSG00000273086	1.4485301629159453	1.4485301629159453	1.4485301629159453
AZD0530	ENSG00000102755	1.4484707197679767	1.4484707197679767	1.4484707197679767
AZD0530	ENSG00000157502	1.4483949174241422	1.4483949174241422	1.4483949174241422
AZD0530	ENSG00000093134	1.4480586825089778	1.4480586825089778	1.4480586825089778
AZD0530	FAM48A	1.4479161887069447	1.4479161887069447	1.4479161887069447
AZD0530	ENSG00000141968	1.4478894532841617	1.4478894532841617	1.4478894532841617
AZD0530	ENSG00000093144	1.447800169668228	1.447800169668228	1.447800169668228
AZD0530	ENSG00000142765	1.4474450465404134	1.4474450465404134	1.4474450465404134
AZD0530	ENSG00000090520	1.447380118518664	1.447380118518664	1.447380118518664
AZD0530	ENSG00000138814	1.4469299893482954	1.4469299893482954	1.4469299893482954
AZD0530	C3orf19	1.4468593902729854	1.4468593902729854	1.4468593902729854
AZD0530	ENSG00000110514	1.4468374645416224	1.4468374645416224	1.4468374645416224
AZD0530	ENSG00000129128	1.4467376188861247	1.4467376188861247	1.4467376188861247
AZD0530	ENSG00000141753	1.446705477240916	1.446705477240916	1.446705477240916
AZD0530	CHP	1.4466250452462648	1.4466250452462648	1.4466250452462648
AZD0530	ENSG00000136444	1.4464826204199217	1.4464826204199217	1.4464826204199217
AZD0530	ENSG00000064655	1.4464701609038049	1.4464701609038049	1.4464701609038049
AZD0530	ENSG00000280987	1.4464544653045468	1.4464544653045468	1.4464544653045468
AZD0530	ENSG00000007001	1.4463430497868355	1.4463430497868355	1.4463430497868355
AZD0530	ENSG00000196475	1.4463162013681048	1.4463162013681048	1.4463162013681048
AZD0530	ENSG00000171155	1.4458303499480074	1.4458303499480074	1.4458303499480074
AZD0530	LOC728175	1.4455841914583119	1.4455841914583119	1.4455841914583119
AZD0530	ENSG00000244005	1.4454956593554005	1.4454956593554005	1.4454956593554005
AZD0530	ENSG00000120071	1.4451904423147588	1.4451904423147588	1.4451904423147588
AZD0530	ENSG00000133124	1.4450978873234885	1.4450978873234885	1.4450978873234885
AZD0530	ENSG00000167740	1.4448748221030951	1.4448748221030951	1.4448748221030951
AZD0530	ENSG00000170234	1.4448730375947607	1.4448730375947607	1.4448730375947607
AZD0530	ENSG00000188206	1.4448431511862156	1.4448431511862156	1.4448431511862156
AZD0530	ENSG00000142227	1.444404952307972	1.444404952307972	1.444404952307972
AZD0530	ENSG00000129824	1.4441040346236698	1.4441040346236698	1.4441040346236698
AZD0530	ENSG00000148834	1.4439896288322946	1.4439896288322946	1.4439896288322946
AZD0530	ENSG00000143001	1.4437167472200334	1.4437167472200334	1.4437167472200334
AZD0530	ENSG00000137672	1.4436839769280299	1.4436839769280299	1.4436839769280299
AZD0530	ENSG00000188033	1.4436780897683188	1.4436780897683188	1.4436780897683188
AZD0530	ENSG00000184436	1.443649764501301	1.443649764501301	1.443649764501301
AZD0530	ENSG00000183723	1.443559491070523	1.443559491070523	1.443559491070523
AZD0530	ENSG00000125503	1.4434705527808362	1.4434705527808362	1.4434705527808362
AZD0530	ENSG00000162032	1.4433106140060192	1.4433106140060192	1.4433106140060192
AZD0530	ENSG00000164047	1.443246716273377	1.443246716273377	1.443246716273377
AZD0530	ENSG00000023909	1.4430467691256206	1.4430467691256206	1.4430467691256206
AZD0530	ENSG00000182179	1.4429325336672503	1.4429325336672503	1.4429325336672503
AZD0530	ENSG00000136783	1.4426553175027517	1.4426553175027517	1.4426553175027517
AZD0530	ENSG00000104356	1.442616310338775	1.442616310338775	1.442616310338775
AZD0530	ENSG00000267493	1.4425837957212484	1.4425837957212484	1.4425837957212484
AZD0530	ENSG00000013810	1.4425550124182902	1.4425550124182902	1.4425550124182902
AZD0530	ENSG00000100926	1.4417596216649133	1.4417596216649133	1.4417596216649133
AZD0530	ENSG00000228594	1.4415989532717899	1.4415989532717899	1.4415989532717899
AZD0530	ENSG00000132405	1.4415727141451822	1.4415727141451822	1.4415727141451822
AZD0530	ENSG00000135341	1.4414519026910624	1.4414519026910624	1.4414519026910624
AZD0530	C11orf83	1.441258911437594	1.441258911437594	1.441258911437594
AZD0530	ENSG00000177602	1.4412469320353447	1.4412469320353447	1.4412469320353447
AZD0530	ENSG00000231824	1.4406040772798807	1.4406040772798807	1.4406040772798807
AZD0530	ENSG00000163637	1.4402772346399428	1.4402772346399428	1.4402772346399428
AZD0530	ENSG00000146830	1.4402549666426216	1.4402549666426216	1.4402549666426216
AZD0530	ENSG00000176749	1.4401874381678548	1.4401874381678548	1.4401874381678548
AZD0530	ENSG00000251192	1.43996062551191	1.43996062551191	1.43996062551191
AZD0530	LRG_40	1.4399284159740726	1.4399284159740726	1.4399284159740726
AZD0530	LOC400099	1.4398616181885688	1.4398616181885688	1.4398616181885688
AZD0530	ENSG00000186458	1.4398130423884703	1.4398130423884703	1.4398130423884703
AZD0530	ENSG00000111671	1.4396783327878535	1.4396783327878535	1.4396783327878535
AZD0530	C10orf122	1.4396168514884964	1.4396168514884964	1.4396168514884964
AZD0530	ENSG00000158352	1.4394779502656145	1.4394779502656145	1.4394779502656145
AZD0530	ENSG00000160014	1.4391560978240552	1.4391560978240552	1.4391560978240552
AZD0530	ENSG00000117151	1.4390835047155626	1.4390835047155626	1.4390835047155626
AZD0530	ENSG00000162627	1.4386826380154796	1.4386826380154796	1.4386826380154796
AZD0530	ENSG00000057704	1.438584758106218	1.438584758106218	1.438584758106218
AZD0530	ENSG00000128482	1.4385281779504353	1.4385281779504353	1.4385281779504353
AZD0530	ENSG00000232838	1.4383180115569498	1.4383180115569498	1.4383180115569498
AZD0530	ENSG00000107281	1.4380127265425273	1.4380127265425273	1.4380127265425273
AZD0530	ENSG00000167528	1.4378925007900667	1.4378925007900667	1.4378925007900667
AZD0530	ENSG00000277848	1.4376373764131696	1.4376373764131696	1.4376373764131696
AZD0530	ENSG00000075856	1.437532660081363	1.437532660081363	1.437532660081363
AZD0530	ENSG00000111602	1.4370396684185882	1.4370396684185882	1.4370396684185882
AZD0530	ENSG00000181690	1.4369754712008913	1.4369754712008913	1.4369754712008913
AZD0530	ENSG00000273498	1.4369704410982331	1.4369704410982331	1.4369704410982331
AZD0530	ENSG00000196724	1.4369524435994592	1.4369524435994592	1.4369524435994592
AZD0530	ENSG00000168569	1.4367794058150705	1.4367794058150705	1.4367794058150705
AZD0530	ENSG00000186442	1.4367232419967522	1.4367232419967522	1.4367232419967522
AZD0530	LOC100509205	1.436658220995618	1.436658220995618	1.436658220995618
AZD0530	ENSG00000108774	1.4366183712694576	1.4366183712694576	1.4366183712694576
AZD0530	ENSG00000155099	1.436471524258554	1.436471524258554	1.436471524258554
AZD0530	ENSG00000100330	1.436084703123884	1.436084703123884	1.436084703123884
AZD0530	ENSG00000132874	1.4359271155069118	1.4359271155069118	1.4359271155069118
AZD0530	ENSG00000133937	1.4358730179123738	1.4358730179123738	1.4358730179123738
AZD0530	ENSG00000198056	1.435598393590224	1.435598393590224	1.435598393590224
AZD0530	ENSG00000198517	1.4355482993560205	1.4355482993560205	1.4355482993560205
AZD0530	ENSG00000150672	1.4353120765037557	1.4353120765037557	1.4353120765037557
AZD0530	LOC100128292	1.4352485786490068	1.4352485786490068	1.4352485786490068
AZD0530	LOC283143	1.4350822801883065	1.4350822801883065	1.4350822801883065
AZD0530	ENSG00000206072	1.4347326189939278	1.4347326189939278	1.4347326189939278
AZD0530	ENSG00000136636	1.434626414075311	1.434626414075311	1.434626414075311
AZD0530	ENSG00000104885	1.4344954056471861	1.4344954056471861	1.4344954056471861
AZD0530	C17orf66	1.4343799348098611	1.4343799348098611	1.4343799348098611
AZD0530	ENSG00000118017	1.4338301606596862	1.4338301606596862	1.4338301606596862
AZD0530	ENSG00000105063	1.4338258416036291	1.4338258416036291	1.4338258416036291
AZD0530	ENSG00000215271	1.4337972347627483	1.4337972347627483	1.4337972347627483
AZD0530	ENSG00000145354	1.433745430872861	1.433745430872861	1.433745430872861
AZD0530	ENSG00000166869	1.433657862435624	1.433657862435624	1.433657862435624
AZD0530	ENSG00000277586	1.4335471697209605	1.4335471697209605	1.4335471697209605
AZD0530	ENSG00000108733	1.4334143475843297	1.4334143475843297	1.4334143475843297
AZD0530	LOC100287437	1.4333151047750756	1.4333151047750756	1.4333151047750756
AZD0530	ENSG00000144043	1.4331458219011124	1.4331458219011124	1.4331458219011124
AZD0530	ENSG00000108474	1.4330876320485024	1.4330876320485024	1.4330876320485024
AZD0530	ENSG00000085415	1.4328422849784885	1.4328422849784885	1.4328422849784885
AZD0530	ENSG00000140006	1.432830604767309	1.432830604767309	1.432830604767309
AZD0530	ENSG00000117016	1.4328252532506072	1.4328252532506072	1.4328252532506072
AZD0530	ENSG00000137522	1.43272718337105	1.43272718337105	1.43272718337105
AZD0530	ENSG00000159592	1.4327137579621365	1.4327137579621365	1.4327137579621365
AZD0530	ENSG00000185344	1.432518323009122	1.432518323009122	1.432518323009122
AZD0530	ENSG00000181562	1.4324181860465703	1.4324181860465703	1.4324181860465703
AZD0530	ENSG00000131969	1.432319409038646	1.432319409038646	1.432319409038646
AZD0530	ENSG00000137834	1.4318392144633239	1.4318392144633239	1.4318392144633239
AZD0530	ENSG00000128849	1.4318039396892301	1.4318039396892301	1.4318039396892301
AZD0530	ENSG00000205220	1.4317862964210961	1.4317862964210961	1.4317862964210961
AZD0530	DKFZp434L192	1.431749636314714	1.431749636314714	1.431749636314714
AZD0530	ATPBD4	1.4316762132909617	1.4316762132909617	1.4316762132909617
AZD0530	ENSG00000171840	1.431544116186453	1.431544116186453	1.431544116186453
AZD0530	LOC100131564	1.4315145923792847	1.4315145923792847	1.4315145923792847
AZD0530	ENSG00000123427	1.4314300828873912	1.4314300828873912	1.4314300828873912
AZD0530	ENSG00000177675	1.430665344287945	1.430665344287945	1.430665344287945
AZD0530	LOC100505908	1.4305204932090587	1.4305204932090587	1.4305204932090587
AZD0530	ENSG00000160606	1.4304924491046316	1.4304924491046316	1.4304924491046316
AZD0530	ENSG00000119929	1.4301604607156373	1.4301604607156373	1.4301604607156373
AZD0530	ENSG00000205810	1.43007548674372	1.43007548674372	1.43007548674372
AZD0530	ENSG00000136573	1.429479157269349	1.429479157269349	1.429479157269349
AZD0530	ENSG00000176124	1.4292727345883822	1.4292727345883822	1.4292727345883822
AZD0530	ENSG00000145839	1.429263325046046	1.429263325046046	1.429263325046046
AZD0530	ENSG00000184108	1.4291568023964283	1.4291568023964283	1.4291568023964283
AZD0530	ENSG00000156574	1.429127194678739	1.429127194678739	1.429127194678739
AZD0530	ENSG00000117519	1.4291098106124083	1.4291098106124083	1.4291098106124083
AZD0530	LOC286135	1.428843340505031	1.428843340505031	1.428843340505031
AZD0530	ENSG00000167702	1.4287762816263654	1.4287762816263654	1.4287762816263654
AZD0530	ENSG00000135334	1.4286672912975422	1.4286672912975422	1.4286672912975422
AZD0530	LRG_120	1.428585697736859	1.428585697736859	1.428585697736859
AZD0530	ENSG00000278249	1.4285627180053146	1.4285627180053146	1.4285627180053146
AZD0530	ENSG00000172273	1.4284182726201162	1.4284182726201162	1.4284182726201162
AZD0530	ENSG00000184060	1.4283078173229498	1.4283078173229498	1.4283078173229498
AZD0530	ENSG00000118432	1.428072413785136	1.428072413785136	1.428072413785136
AZD0530	ENSG00000164035	1.428034561387065	1.428034561387065	1.428034561387065
AZD0530	ENSG00000173452	1.4279194258288566	1.4279194258288566	1.4279194258288566
AZD0530	ENSG00000180616	1.4277635644207538	1.4277635644207538	1.4277635644207538
AZD0530	ENSG00000083838	1.4277191046307338	1.4277191046307338	1.4277191046307338
AZD0530	ENSG00000173905	1.4275316497195987	1.4275316497195987	1.4275316497195987
AZD0530	ENSG00000116209	1.4273565263369168	1.4273565263369168	1.4273565263369168
AZD0530	ENSG00000204936	1.4270382619518824	1.4270382619518824	1.4270382619518824
AZD0530	ENSG00000157193	1.4269979198446994	1.4269979198446994	1.4269979198446994
AZD0530	ENSG00000187045	1.4265671980465557	1.4265671980465557	1.4265671980465557
AZD0530	ENSG00000139718	1.4264144219443609	1.4264144219443609	1.4264144219443609
AZD0530	ENSG00000235954	1.426305794691641	1.426305794691641	1.426305794691641
AZD0530	ENSG00000064115	1.426095537716495	1.426095537716495	1.426095537716495
AZD0530	ENSG00000117245	1.4259151741518155	1.4259151741518155	1.4259151741518155
AZD0530	ENSG00000126838	1.4259079119642741	1.4259079119642741	1.4259079119642741
AZD0530	ENSG00000205189	1.4254262322075504	1.4254262322075504	1.4254262322075504
AZD0530	ENSG00000226777	1.425342427611096	1.425342427611096	1.425342427611096
AZD0530	ENSG00000118997	1.4250181758555898	1.4250181758555898	1.4250181758555898
AZD0530	ENSG00000159917	1.4248495996185058	1.4248495996185058	1.4248495996185058
AZD0530	ENSG00000109689	1.4247416123442478	1.4247416123442478	1.4247416123442478
AZD0530	ENSG00000119965	1.4246630665764013	1.4246630665764013	1.4246630665764013
AZD0530	ENSG00000096264	1.424476645334228	1.424476645334228	1.424476645334228
AZD0530	ENSG00000158023	1.4244567998531747	1.4244567998531747	1.4244567998531747
AZD0530	ENSG00000081985	1.4242693458933107	1.4242693458933107	1.4242693458933107
AZD0530	ENSG00000160219	1.4242471151938676	1.4242471151938676	1.4242471151938676
AZD0530	ENSG00000112541	1.4242321006747822	1.4242321006747822	1.4242321006747822
AZD0530	ENSG00000089289	1.4241779584858123	1.4241779584858123	1.4241779584858123
AZD0530	ENSG00000065882	1.4241628737408316	1.4241628737408316	1.4241628737408316
AZD0530	ENSG00000198855	1.4239172620116696	1.4239172620116696	1.4239172620116696
AZD0530	LOC100506762	1.4235779539442395	1.4235779539442395	1.4235779539442395
AZD0530	ENSG00000175193	1.4235105986456436	1.4235105986456436	1.4235105986456436
AZD0530	ENSG00000198643	1.4232706609762147	1.4232706609762147	1.4232706609762147
AZD0530	ENSG00000125386	1.4232276876174883	1.4232276876174883	1.4232276876174883
AZD0530	ENSG00000111802	1.4229117096817492	1.4229117096817492	1.4229117096817492
AZD0530	ENSG00000166508	1.4225898685753327	1.4225898685753327	1.4225898685753327
AZD0530	ENSG00000170144	1.4225429459139236	1.4225429459139236	1.4225429459139236
AZD0530	ENSG00000178922	1.4221813641155625	1.4221813641155625	1.4221813641155625
AZD0530	ENSG00000169035	1.4220584726257899	1.4220584726257899	1.4220584726257899
AZD0530	ENSG00000103199	1.4219971404987313	1.4219971404987313	1.4219971404987313
AZD0530	ENSG00000100897	1.4217094594710016	1.4217094594710016	1.4217094594710016
AZD0530	ENSG00000130939	1.4217076640781727	1.4217076640781727	1.4217076640781727
AZD0530	ENSG00000147437	1.4215820227186395	1.4215820227186395	1.4215820227186395
AZD0530	ENSG00000144935	1.4213498638874529	1.4213498638874529	1.4213498638874529
AZD0530	ENSG00000185010	1.4210695561570126	1.4210695561570126	1.4210695561570126
AZD0530	ENSG00000119703	1.4210025089709606	1.4210025089709606	1.4210025089709606
AZD0530	ENSG00000176732	1.4209578960640965	1.4209578960640965	1.4209578960640965
AZD0530	ENSG00000154059	1.4205547921021215	1.4205547921021215	1.4205547921021215
AZD0530	ENSG00000160613	1.4204720819738614	1.4204720819738614	1.4204720819738614
AZD0530	ENSG00000143126	1.4202873063656587	1.4202873063656587	1.4202873063656587
AZD0530	ENSG00000130713	1.4201531836610448	1.4201531836610448	1.4201531836610448
AZD0530	EFCAB4A	1.4199249992560827	1.4199249992560827	1.4199249992560827
AZD0530	ENSG00000148120	1.419742023175374	1.419742023175374	1.419742023175374
AZD0530	ENSG00000188171	1.4197226104118643	1.4197226104118643	1.4197226104118643
AZD0530	ENSG00000070729	1.41971737134866	1.41971737134866	1.41971737134866
AZD0530	ENSG00000212710	1.4196722341659271	1.4196722341659271	1.4196722341659271
AZD0530	ENSG00000198722	1.419626056230239	1.419626056230239	1.419626056230239
AZD0530	ENSG00000143933	1.4194267683479393	1.4194267683479393	1.4194267683479393
AZD0530	ENSG00000128276	1.4193473965395578	1.4193473965395578	1.4193473965395578
AZD0530	ENSG00000136122	1.419297919122011	1.419297919122011	1.419297919122011
AZD0530	C21orf90	1.4192653885881803	1.4192653885881803	1.4192653885881803
AZD0530	ENSG00000169131	1.4192557156294017	1.4192557156294017	1.4192557156294017
AZD0530	ENSG00000137947	1.4192509377941833	1.4192509377941833	1.4192509377941833
AZD0530	ENSG00000011426	1.419185991882302	1.419185991882302	1.419185991882302
AZD0530	ENSG00000215717	1.4191599390496572	1.4191599390496572	1.4191599390496572
AZD0530	LOC100128788	1.4190035163922494	1.4190035163922494	1.4190035163922494
AZD0530	ENSG00000197429	1.4187882954600661	1.4187882954600661	1.4187882954600661
AZD0530	ENSG00000168101	1.4187434063505708	1.4187434063505708	1.4187434063505708
AZD0530	ENSG00000111886	1.4187303991752656	1.4187303991752656	1.4187303991752656
AZD0530	ENSG00000197233	1.4183988578135456	1.4183988578135456	1.4183988578135456
AZD0530	ENSG00000161180	1.41806958122251	1.41806958122251	1.41806958122251
AZD0530	ENSG00000268173	1.4177239230173426	1.4177239230173426	1.4177239230173426
AZD0530	ENSG00000138685	1.4176743053682674	1.4176743053682674	1.4176743053682674
AZD0530	ENSG00000160799	1.4172685707746553	1.4172685707746553	1.4172685707746553
AZD0530	ENSG00000167468	1.4171730080509375	1.4171730080509375	1.4171730080509375
AZD0530	ENSG00000165914	1.4171114055333898	1.4171114055333898	1.4171114055333898
AZD0530	ENSG00000043039	1.416860881461025	1.416860881461025	1.416860881461025
AZD0530	LOC728613	1.4164328320766195	1.4164328320766195	1.4164328320766195
AZD0530	ENSG00000111885	1.4162672072128024	1.4162672072128024	1.4162672072128024
AZD0530	TTC18	1.4162291693738511	1.4162291693738511	1.4162291693738511
AZD0530	ENSG00000104883	1.4161982891848635	1.4161982891848635	1.4161982891848635
AZD0530	ENSG00000109511	1.4159340657780912	1.4159340657780912	1.4159340657780912
AZD0530	ENSG00000278619	1.4157590446250952	1.4157590446250952	1.4157590446250952
AZD0530	ENSG00000280278	1.415639692506096	1.415639692506096	1.415639692506096
AZD0530	ENSG00000173542	1.415387066574094	1.415387066574094	1.415387066574094
AZD0530	ENSG00000188095	1.4152355812615072	1.4152355812615072	1.4152355812615072
AZD0530	ENSG00000174243	1.4149805963123518	1.4149805963123518	1.4149805963123518
AZD0530	ENSG00000160087	1.414962312369867	1.414962312369867	1.414962312369867
AZD0530	ENSG00000231459	1.4148574454782732	1.4148574454782732	1.4148574454782732
AZD0530	ENSG00000168785	1.4144389733577445	1.4144389733577445	1.4144389733577445
AZD0530	ENSG00000170819	1.4144014506002494	1.4144014506002494	1.4144014506002494
AZD0530	ENSG00000102024	1.4142048787872934	1.4142048787872934	1.4142048787872934
AZD0530	ENSG00000168003	1.4140305575806118	1.4140305575806118	1.4140305575806118
AZD0530	ENSG00000115884	1.4139608320709782	1.4139608320709782	1.4139608320709782
AZD0530	C7orf58	1.4137017016317939	1.4137017016317939	1.4137017016317939
AZD0530	ENSG00000139515	1.4135104276594568	1.4135104276594568	1.4135104276594568
AZD0530	ENSG00000181284	1.4134283527366132	1.4134283527366132	1.4134283527366132
AZD0530	ENSG00000107201	1.4132982200988433	1.4132982200988433	1.4132982200988433
AZD0530	ENSG00000196284	1.4131966533665814	1.4131966533665814	1.4131966533665814
AZD0530	ENSG00000141380	1.413034177859982	1.413034177859982	1.413034177859982
AZD0530	ENSG00000180730	1.4130296945944234	1.4130296945944234	1.4130296945944234
AZD0530	ENSG00000163882	1.4130214819313385	1.4130214819313385	1.4130214819313385
AZD0530	ENSG00000156564	1.4129570821009592	1.4129570821009592	1.4129570821009592
AZD0530	LOC389641	1.4126870318120295	1.4126870318120295	1.4126870318120295
AZD0530	ENSG00000139737	1.4126220138990067	1.4126220138990067	1.4126220138990067
AZD0530	ENSG00000174799	1.4125623806752936	1.4125623806752936	1.4125623806752936
AZD0530	ENSG00000165209	1.4122339089700147	1.4122339089700147	1.4122339089700147
AZD0530	ENSG00000163710	1.4117988795858198	1.4117988795858198	1.4117988795858198
AZD0530	ENSG00000170581	1.411704039440731	1.411704039440731	1.411704039440731
AZD0530	ENSG00000096384	1.411527412620046	1.411527412620046	1.411527412620046
AZD0530	ENSG00000100721	1.411319759856021	1.411319759856021	1.411319759856021
AZD0530	ENSG00000240563	1.411270646545291	1.411270646545291	1.411270646545291
AZD0530	ENSG00000178104	1.411266870024054	1.411266870024054	1.411266870024054
AZD0530	ENSG00000156049	1.411253757546466	1.411253757546466	1.411253757546466
AZD0530	C9orf7	1.4111640753695966	1.4111640753695966	1.4111640753695966
AZD0530	ENSG00000183682	1.4111577293901665	1.4111577293901665	1.4111577293901665
AZD0530	ENSG00000186564	1.4111229874771631	1.4111229874771631	1.4111229874771631
AZD0530	ENSG00000275342	1.4110642085549188	1.4110642085549188	1.4110642085549188
AZD0530	LOC100271832	1.4106611054093943	1.4106611054093943	1.4106611054093943
AZD0530	ENSG00000183971	1.4099845126060535	1.4099845126060535	1.4099845126060535
AZD0530	ENSG00000141198	1.409958594663019	1.409958594663019	1.409958594663019
AZD0530	ENSG00000129244	1.4098226822092745	1.4098226822092745	1.4098226822092745
AZD0530	ENSG00000172404	1.4096754495176755	1.4096754495176755	1.4096754495176755
AZD0530	ENSG00000186300	1.4096700136575495	1.4096700136575495	1.4096700136575495
AZD0530	ENSG00000134297	1.4093741096244077	1.4093741096244077	1.4093741096244077
AZD0530	ENSG00000231325	1.409311649013092	1.409311649013092	1.409311649013092
AZD0530	ENSG00000276231	1.408932302716553	1.408932302716553	1.408932302716553
AZD0530	ENSG00000163389	1.4088689052254928	1.4088689052254928	1.4088689052254928
AZD0530	ENSG00000082258	1.4088023473884852	1.4088023473884852	1.4088023473884852
AZD0530	ENSG00000178467	1.40780942033684	1.40780942033684	1.40780942033684
AZD0530	ENSG00000197580	1.4075254064048546	1.4075254064048546	1.4075254064048546
AZD0530	ENSG00000132182	1.4073367015724607	1.4073367015724607	1.4073367015724607
AZD0530	LOC100507316	1.407142513339915	1.407142513339915	1.407142513339915
AZD0530	LOC147670	1.4069406989750988	1.4069406989750988	1.4069406989750988
AZD0530	ENSG00000173812	1.4068417916875386	1.4068417916875386	1.4068417916875386
AZD0530	ENSG00000164197	1.4067061218094195	1.4067061218094195	1.4067061218094195
AZD0530	ENSG00000122873	1.4066883418914737	1.4066883418914737	1.4066883418914737
AZD0530	ENSG00000197614	1.406684358940857	1.406684358940857	1.406684358940857
AZD0530	C14orf182	1.4065970915610138	1.4065970915610138	1.4065970915610138
AZD0530	LOC100507212	1.4065922285937678	1.4065922285937678	1.4065922285937678
AZD0530	ENSG00000105281	1.4065625573499614	1.4065625573499614	1.4065625573499614
AZD0530	ENSG00000205981	1.40635894855039	1.40635894855039	1.40635894855039
AZD0530	ENSG00000137674	1.4059728773467315	1.4059728773467315	1.4059728773467315
AZD0530	ENSG00000198168	1.4057589106165116	1.4057589106165116	1.4057589106165116
AZD0530	ENSG00000166908	1.4056781653421901	1.4056781653421901	1.4056781653421901
AZD0530	MST1P9	1.4055568113851882	1.4055568113851882	1.4055568113851882
AZD0530	ENSG00000187626	1.4055562697173936	1.4055562697173936	1.4055562697173936
AZD0530	ENSG00000115241	1.4055453044467399	1.4055453044467399	1.4055453044467399
AZD0530	ENSG00000124224	1.4054409391094718	1.4054409391094718	1.4054409391094718
AZD0530	ENSG00000102385	1.4054150700942625	1.4054150700942625	1.4054150700942625
AZD0530	ENSG00000164236	1.405301985065354	1.405301985065354	1.405301985065354
AZD0530	ENSG00000164125	1.405233376720956	1.405233376720956	1.405233376720956
AZD0530	LOC285847	1.404938573381159	1.404938573381159	1.404938573381159
AZD0530	ENSG00000155875	1.4048462821763708	1.4048462821763708	1.4048462821763708
AZD0530	ENSG00000128713	1.4047838566807294	1.4047838566807294	1.4047838566807294
AZD0530	ENSG00000189046	1.4047267695110979	1.4047267695110979	1.4047267695110979
AZD0530	ENSG00000119402	1.4047108911326749	1.4047108911326749	1.4047108911326749
AZD0530	ENSG00000120963	1.4044393197851515	1.4044393197851515	1.4044393197851515
AZD0530	ENSG00000229074	1.4043492427282371	1.4043492427282371	1.4043492427282371
AZD0530	ENSG00000153187	1.4042238069326107	1.4042238069326107	1.4042238069326107
AZD0530	ENSG00000077312	1.4041475355179118	1.4041475355179118	1.4041475355179118
AZD0530	LOC100507602	1.4037032548534534	1.4037032548534534	1.4037032548534534
AZD0530	ENSG00000170290	1.40368363361921	1.40368363361921	1.40368363361921
AZD0530	ENSG00000141699	1.4036318059154245	1.4036318059154245	1.4036318059154245
AZD0530	ENSG00000155097	1.4033158474742955	1.4033158474742955	1.4033158474742955
AZD0530	ENSG00000023572	1.4031682295763823	1.4031682295763823	1.4031682295763823
AZD0530	ENSG00000185567	1.403055282868716	1.403055282868716	1.403055282868716
AZD0530	ENSG00000180219	1.4028008317683591	1.4028008317683591	1.4028008317683591
AZD0530	ENSG00000166164	1.402760528608977	1.402760528608977	1.402760528608977
AZD0530	ENSG00000085377	1.4026002572670349	1.4026002572670349	1.4026002572670349
AZD0530	ENSG00000180448	1.402450568434935	1.402450568434935	1.402450568434935
AZD0530	ENSG00000131626	1.4023937582144705	1.4023937582144705	1.4023937582144705
AZD0530	ENSG00000123405	1.4023225594386022	1.4023225594386022	1.4023225594386022
AZD0530	ENSG00000103653	1.4022217316411105	1.4022217316411105	1.4022217316411105
AZD0530	ENSG00000168899	1.402040188490746	1.402040188490746	1.402040188490746
AZD0530	ENSG00000099625	1.4019590187819362	1.4019590187819362	1.4019590187819362
AZD0530	ENSG00000212719	1.4018613877039345	1.4018613877039345	1.4018613877039345
AZD0530	ENSG00000198939	1.401564911232831	1.401564911232831	1.401564911232831
AZD0530	ENSG00000145198	1.4015279572190948	1.4015279572190948	1.4015279572190948
AZD0530	ENSG00000125863	1.4012823562905021	1.4012823562905021	1.4012823562905021
AZD0530	LOC100506433	1.4010896648592752	1.4010896648592752	1.4010896648592752
AZD0530	ENSG00000154917	1.4009547635630346	1.4009547635630346	1.4009547635630346
AZD0530	ENSG00000132329	1.4007733890463285	1.4007733890463285	1.4007733890463285
AZD0530	ENSG00000168890	1.4007299593950067	1.4007299593950067	1.4007299593950067
AZD0530	ENSG00000132821	1.4005280744421038	1.4005280744421038	1.4005280744421038
AZD0530	ENSG00000198648	1.4003907465880359	1.4003907465880359	1.4003907465880359
AZD0530	LOC100131733	1.4002453771154475	1.4002453771154475	1.4002453771154475
AZD0530	ENSG00000102043	1.4001281368611802	1.4001281368611802	1.4001281368611802
AZD0530	ENSG00000145743	1.400046242719611	1.400046242719611	1.400046242719611
AZD0530	ENSG00000101336	1.3999124730774115	1.3999124730774115	1.3999124730774115
AZD0530	ENSG00000205302	1.3996828504644026	1.3996828504644026	1.3996828504644026
AZD0530	ENSG00000026950	1.3994736247761541	1.3994736247761541	1.3994736247761541
AZD0530	ENSG00000142871	1.3994249486321004	1.3994249486321004	1.3994249486321004
AZD0530	ENSG00000176928	1.3993878956188106	1.3993878956188106	1.3993878956188106
AZD0530	ENSG00000175426	1.3993847015147516	1.3993847015147516	1.3993847015147516
AZD0530	ENSG00000103056	1.3993090642277757	1.3993090642277757	1.3993090642277757
AZD0530	ENSG00000188784	1.3992528986127764	1.3992528986127764	1.3992528986127764
AZD0530	ENSG00000166033	1.3990469260906397	1.3990469260906397	1.3990469260906397
AZD0530	ENSG00000135469	1.398865963206098	1.398865963206098	1.398865963206098
AZD0530	MGC27345	1.3987666685059714	1.3987666685059714	1.3987666685059714
AZD0530	ENSG00000042088	1.3987437199888189	1.3987437199888189	1.3987437199888189
AZD0530	ENSG00000254647	1.3986293257362634	1.3986293257362634	1.3986293257362634
AZD0530	C7orf41	1.3982952341282602	1.3982952341282602	1.3982952341282602
AZD0530	ENSG00000129009	1.3982521604214944	1.3982521604214944	1.3982521604214944
AZD0530	ENSG00000060140	1.398242089099987	1.398242089099987	1.398242089099987
AZD0530	ENSG00000179751	1.397963058227075	1.397963058227075	1.397963058227075
AZD0530	ENSG00000042493	1.3976543236473589	1.3976543236473589	1.3976543236473589
AZD0530	ENSG00000160094	1.3972434797350972	1.3972434797350972	1.3972434797350972
AZD0530	ENSG00000143847	1.3971186303528262	1.3971186303528262	1.3971186303528262
AZD0530	LRG_413	1.3966313609200753	1.3966313609200753	1.3966313609200753
AZD0530	ENSG00000019485	1.3962783061893609	1.3962783061893609	1.3962783061893609
AZD0530	ENSG00000124155	1.3962411187560775	1.3962411187560775	1.3962411187560775
AZD0530	ENSG00000183690	1.396118849563001	1.396118849563001	1.396118849563001
AZD0530	ENSG00000171206	1.3959938754869077	1.3959938754869077	1.3959938754869077
AZD0530	ENSG00000005108	1.3959897553018166	1.3959897553018166	1.3959897553018166
AZD0530	ENSG00000172409	1.3956167234670998	1.3956167234670998	1.3956167234670998
AZD0530	ENSG00000186187	1.3955315061743492	1.3955315061743492	1.3955315061743492
AZD0530	ENSG00000090686	1.3953425057019946	1.3953425057019946	1.3953425057019946
AZD0530	ENSG00000100427	1.395095867626787	1.395095867626787	1.395095867626787
AZD0530	ENSG00000140400	1.3950013798302041	1.3950013798302041	1.3950013798302041
AZD0530	LRG_39	1.3948408964403949	1.3948408964403949	1.3948408964403949
AZD0530	ENSG00000197993	1.3943352171807757	1.3943352171807757	1.3943352171807757
AZD0530	ENSG00000051341	1.3943206421199617	1.3943206421199617	1.3943206421199617
AZD0530	ENSG00000099364	1.3943156536172845	1.3943156536172845	1.3943156536172845
AZD0530	ENSG00000135365	1.3941164889751998	1.3941164889751998	1.3941164889751998
AZD0530	ENSG00000168404	1.3939198511057491	1.3939198511057491	1.3939198511057491
AZD0530	ENSG00000182903	1.3939144597490156	1.3939144597490156	1.3939144597490156
AZD0530	ENSG00000100614	1.3938891170733756	1.3938891170733756	1.3938891170733756
AZD0530	ENSG00000006788	1.3934794612848829	1.3934794612848829	1.3934794612848829
AZD0530	LOC100507654	1.3931718482739341	1.3931718482739341	1.3931718482739341
AZD0530	ENSG00000133083	1.3930904369040225	1.3930904369040225	1.3930904369040225
AZD0530	ENSG00000168913	1.3928239721155602	1.3928239721155602	1.3928239721155602
AZD0530	ENSG00000085872	1.3928017727303608	1.3928017727303608	1.3928017727303608
AZD0530	ENSG00000204091	1.39279927537823	1.39279927537823	1.39279927537823
AZD0530	ENSG00000182307	1.392684062961921	1.392684062961921	1.392684062961921
AZD0530	ENSG00000117528	1.3922814028421386	1.3922814028421386	1.3922814028421386
AZD0530	GCET2	1.3921448575843707	1.3921448575843707	1.3921448575843707
AZD0530	ENSG00000268500	1.3921377160863646	1.3921377160863646	1.3921377160863646
AZD0530	ENSG00000162592	1.3917984603906561	1.3917984603906561	1.3917984603906561
AZD0530	ENSG00000057935	1.3916809753109272	1.3916809753109272	1.3916809753109272
AZD0530	ENSG00000152234	1.3915593573201215	1.3915593573201215	1.3915593573201215
AZD0530	ENSG00000101144	1.3915568674012557	1.3915568674012557	1.3915568674012557
AZD0530	ENSG00000158321	1.3912605450513307	1.3912605450513307	1.3912605450513307
AZD0530	ENSG00000163808	1.3907116701415991	1.3907116701415991	1.3907116701415991
AZD0530	ENSG00000170476	1.3907106288064366	1.3907106288064366	1.3907106288064366
AZD0530	ENSG00000106128	1.3903536606700306	1.3903536606700306	1.3903536606700306
AZD0530	ENSG00000170276	1.390199135244314	1.390199135244314	1.390199135244314
AZD0530	ENSG00000168062	1.3899998396152768	1.3899998396152768	1.3899998396152768
AZD0530	ENSG00000164347	1.389764577901295	1.389764577901295	1.389764577901295
AZD0530	ENSG00000110195	1.3897392524752454	1.3897392524752454	1.3897392524752454
AZD0530	ENSG00000104059	1.389531202446725	1.389531202446725	1.389531202446725
AZD0530	ENSG00000023516	1.3894209591221998	1.3894209591221998	1.3894209591221998
AZD0530	ENSG00000179546	1.3893788903137663	1.3893788903137663	1.3893788903137663
AZD0530	LOC285370	1.3891518867960222	1.3891518867960222	1.3891518867960222
AZD0530	ENSG00000144426	1.3888297735948065	1.3888297735948065	1.3888297735948065
AZD0530	ENSG00000174796	1.3885972693628785	1.3885972693628785	1.3885972693628785
AZD0530	ENSG00000128228	1.3884051102140036	1.3884051102140036	1.3884051102140036
AZD0530	ENSG00000106302	1.3884028488842417	1.3884028488842417	1.3884028488842417
AZD0530	ENSG00000169045	1.3883813166309937	1.3883813166309937	1.3883813166309937
AZD0530	ENSG00000099260	1.3883171925882527	1.3883171925882527	1.3883171925882527
AZD0530	ENSG00000165689	1.388251984373514	1.388251984373514	1.388251984373514
AZD0530	ENSG00000154556	1.3882032456068683	1.3882032456068683	1.3882032456068683
AZD0530	ENSG00000064652	1.3881620147194724	1.3881620147194724	1.3881620147194724
AZD0530	ENSG00000163820	1.388049921124827	1.388049921124827	1.388049921124827
AZD0530	ENSG00000156587	1.3878182503280605	1.3878182503280605	1.3878182503280605
AZD0530	ENSG00000179058	1.387804311789587	1.387804311789587	1.387804311789587
AZD0530	ENSG00000143367	1.3876717221163302	1.3876717221163302	1.3876717221163302
AZD0530	ENSG00000011485	1.387424593511103	1.387424593511103	1.387424593511103
AZD0530	ENSG00000120327	1.3870896675495552	1.3870896675495552	1.3870896675495552
AZD0530	ENSG00000164626	1.386918724846813	1.386918724846813	1.386918724846813
AZD0530	ENSG00000176809	1.386779299238067	1.386779299238067	1.386779299238067
AZD0530	ENSG00000122861	1.386692089875092	1.386692089875092	1.386692089875092
AZD0530	ENSG00000128951	1.3864735345969503	1.3864735345969503	1.3864735345969503
AZD0530	ENSG00000198718	1.3862737778826701	1.3862737778826701	1.3862737778826701
AZD0530	ENSG00000128881	1.386144175800744	1.386144175800744	1.386144175800744
AZD0530	ENSG00000131238	1.3861339521917708	1.3861339521917708	1.3861339521917708
AZD0530	ENSG00000186652	1.3860846443003867	1.3860846443003867	1.3860846443003867
AZD0530	ENSG00000101049	1.385926305002552	1.385926305002552	1.385926305002552
AZD0530	ENSG00000196433	1.3859182162693149	1.3859182162693149	1.3859182162693149
AZD0530	ENSG00000242265	1.3859099399865014	1.3859099399865014	1.3859099399865014
AZD0530	ENSG00000184117	1.385687476418466	1.385687476418466	1.385687476418466
AZD0530	ENSG00000137171	1.3856282460510312	1.3856282460510312	1.3856282460510312
AZD0530	ENSG00000228875	1.385387366146785	1.385387366146785	1.385387366146785
AZD0530	ENSG00000206285	1.385190877951561	1.385190877951561	1.385190877951561
AZD0530	ENSG00000060709	1.3851615973234273	1.3851615973234273	1.3851615973234273
AZD0530	ENSG00000137819	1.3849954859214901	1.3849954859214901	1.3849954859214901
AZD0530	C9orf93	1.3848660337185232	1.3848660337185232	1.3848660337185232
AZD0530	ENSG00000104415	1.3848314533524637	1.3848314533524637	1.3848314533524637
AZD0530	ENSG00000145975	1.3848281797647402	1.3848281797647402	1.3848281797647402
AZD0530	ENSG00000165650	1.3847983049205155	1.3847983049205155	1.3847983049205155
AZD0530	LEPREL4	1.3847889494983683	1.3847889494983683	1.3847889494983683
AZD0530	ENSG00000124333	1.3846545106555526	1.3846545106555526	1.3846545106555526
AZD0530	ENSG00000115652	1.384575723675442	1.384575723675442	1.384575723675442
AZD0530	ENSG00000126778	1.3844007577734214	1.3844007577734214	1.3844007577734214
AZD0530	ENSG00000135931	1.3843452666537461	1.3843452666537461	1.3843452666537461
AZD0530	ENSG00000175318	1.383968460018536	1.383968460018536	1.383968460018536
AZD0530	ENSG00000189190	1.383897329098244	1.383897329098244	1.383897329098244
AZD0530	ENSG00000260027	1.3838627394501593	1.3838627394501593	1.3838627394501593
AZD0530	ENSG00000180432	1.3838095292313395	1.3838095292313395	1.3838095292313395
AZD0530	ENSG00000131203	1.3836219298415107	1.3836219298415107	1.3836219298415107
AZD0530	ENSG00000122035	1.383602589447723	1.383602589447723	1.383602589447723
AZD0530	LOC401052	1.3835689706121646	1.3835689706121646	1.3835689706121646
AZD0530	KIAA0182	1.3835617317839413	1.3835617317839413	1.3835617317839413
AZD0530	LOC100505947	1.3833995230084413	1.3833995230084413	1.3833995230084413
AZD0530	ENSG00000167034	1.3833913462482585	1.3833913462482585	1.3833913462482585
AZD0530	ENSG00000137815	1.383345908184326	1.383345908184326	1.383345908184326
AZD0530	ENSG00000198160	1.3832398422397634	1.3832398422397634	1.3832398422397634
AZD0530	ENSG00000117139	1.3832113119106952	1.3832113119106952	1.3832113119106952
AZD0530	ENSG00000161940	1.3825792155232726	1.3825792155232726	1.3825792155232726
AZD0530	ENSG00000030066	1.3825482686732053	1.3825482686732053	1.3825482686732053
AZD0530	ENSG00000163050	1.3824991346131499	1.3824991346131499	1.3824991346131499
AZD0530	ENSG00000148688	1.3824045556280293	1.3824045556280293	1.3824045556280293
AZD0530	ENSG00000156990	1.3823622101472415	1.3823622101472415	1.3823622101472415
AZD0530	ENSG00000072310	1.3823101837329501	1.3823101837329501	1.3823101837329501
AZD0530	ENSG00000101951	1.3821161090676155	1.3821161090676155	1.3821161090676155
AZD0530	ENSG00000152592	1.3820037272835488	1.3820037272835488	1.3820037272835488
AZD0530	ENSG00000125414	1.381904820847202	1.381904820847202	1.381904820847202
AZD0530	ENSG00000177885	1.3817917411879759	1.3817917411879759	1.3817917411879759
AZD0530	ENSG00000142632	1.3817414342666139	1.3817414342666139	1.3817414342666139
AZD0530	ENSG00000184292	1.3814045475406034	1.3814045475406034	1.3814045475406034
AZD0530	ENSG00000153391	1.3810861241121266	1.3810861241121266	1.3810861241121266
AZD0530	ENSG00000159882	1.3810060745273893	1.3810060745273893	1.3810060745273893
AZD0530	ENSG00000119559	1.3807667769704004	1.3807667769704004	1.3807667769704004
AZD0530	ENSG00000146834	1.380708745840171	1.380708745840171	1.380708745840171
AZD0530	ENSG00000221843	1.3806779177688178	1.3806779177688178	1.3806779177688178
AZD0530	LOC284889	1.3805708326153776	1.3805708326153776	1.3805708326153776
AZD0530	ENSG00000141428	1.3804374655730256	1.3804374655730256	1.3804374655730256
AZD0530	ENSG00000111424	1.3803016061625992	1.3803016061625992	1.3803016061625992
AZD0530	ENSG00000143149	1.380232048037393	1.380232048037393	1.380232048037393
AZD0530	LRG_261	1.3800398317914124	1.3800398317914124	1.3800398317914124
AZD0530	ENSG00000186326	1.3796367041460775	1.3796367041460775	1.3796367041460775
AZD0530	ENSG00000172349	1.3795683099469125	1.3795683099469125	1.3795683099469125
AZD0530	LRG_754	1.3794008159946871	1.3794008159946871	1.3794008159946871
AZD0530	ENSG00000169598	1.3791150738348485	1.3791150738348485	1.3791150738348485
AZD0530	ENSG00000115944	1.3790379090742033	1.3790379090742033	1.3790379090742033
AZD0530	ENSG00000159479	1.3790007217374805	1.3790007217374805	1.3790007217374805
AZD0530	ENSG00000066923	1.3787962680980228	1.3787962680980228	1.3787962680980228
AZD0530	LOC100507266	1.3786326291225954	1.3786326291225954	1.3786326291225954
AZD0530	C12orf47	1.3785878397959552	1.3785878397959552	1.3785878397959552
AZD0530	ENSG00000085365	1.3785838045659595	1.3785838045659595	1.3785838045659595
AZD0530	ENSG00000128271	1.3785675326967983	1.3785675326967983	1.3785675326967983
AZD0530	ENSG00000157985	1.3783499383327062	1.3783499383327062	1.3783499383327062
AZD0530	LOC100507094	1.3782459864183874	1.3782459864183874	1.3782459864183874
AZD0530	ENSG00000187260	1.3782335788063245	1.3782335788063245	1.3782335788063245
AZD0530	ENSG00000165568	1.3782225386348652	1.3782225386348652	1.3782225386348652
AZD0530	ENSG00000138134	1.3781879948161326	1.3781879948161326	1.3781879948161326
AZD0530	ENSG00000149925	1.3781702239056255	1.3781702239056255	1.3781702239056255
AZD0530	ENSG00000179010	1.377580624350988	1.377580624350988	1.377580624350988
AZD0530	ENSG00000277398	1.3774015126981975	1.3774015126981975	1.3774015126981975
AZD0530	ENSG00000124249	1.3771798083511513	1.3771798083511513	1.3771798083511513
AZD0530	ENSG00000078808	1.3770541201871316	1.3770541201871316	1.3770541201871316
AZD0530	ENSG00000131944	1.3770538898312046	1.3770538898312046	1.3770538898312046
AZD0530	ENSG00000089177	1.376885887783101	1.376885887783101	1.376885887783101
AZD0530	ENSG00000168894	1.3768286330305473	1.3768286330305473	1.3768286330305473
AZD0530	ENSG00000176422	1.3767722645537988	1.3767722645537988	1.3767722645537988
AZD0530	ENSG00000100003	1.3766664400545976	1.3766664400545976	1.3766664400545976
AZD0530	ENSG00000101544	1.3766067779375424	1.3766067779375424	1.3766067779375424
AZD0530	ENSG00000174498	1.376534362940043	1.376534362940043	1.376534362940043
AZD0530	ENSG00000198399	1.3761150427096813	1.3761150427096813	1.3761150427096813
AZD0530	ENSG00000167208	1.376097317490208	1.376097317490208	1.376097317490208
AZD0530	ENSG00000197768	1.3758944048224118	1.3758944048224118	1.3758944048224118
AZD0530	ENSG00000177728	1.37564704962991	1.37564704962991	1.37564704962991
AZD0530	ENSG00000121152	1.3756173515033434	1.3756173515033434	1.3756173515033434
AZD0530	ENSG00000133317	1.375489536585854	1.375489536585854	1.375489536585854
AZD0530	ENSG00000185246	1.375418106736464	1.375418106736464	1.375418106736464
AZD0530	ENSG00000186866	1.375326787762741	1.375326787762741	1.375326787762741
AZD0530	ENSG00000151136	1.3750161303612918	1.3750161303612918	1.3750161303612918
AZD0530	ENSG00000196361	1.3743210943143065	1.3743210943143065	1.3743210943143065
AZD0530	ENSG00000134014	1.3742550009906944	1.3742550009906944	1.3742550009906944
AZD0530	ENSG00000135930	1.3742316694657286	1.3742316694657286	1.3742316694657286
AZD0530	ENSG00000112658	1.374170799639344	1.374170799639344	1.374170799639344
AZD0530	ZNF673	1.3741682469210996	1.3741682469210996	1.3741682469210996
AZD0530	ENSG00000144362	1.3738719948545075	1.3738719948545075	1.3738719948545075
AZD0530	ENSG00000152422	1.3738225703676115	1.3738225703676115	1.3738225703676115
AZD0530	ENSG00000103522	1.373748455025812	1.373748455025812	1.373748455025812
AZD0530	ENSG00000062194	1.3736642178882388	1.3736642178882388	1.3736642178882388
AZD0530	ENSG00000245532	1.3735497525970202	1.3735497525970202	1.3735497525970202
AZD0530	ENSG00000281817	1.3734402324303105	1.3734402324303105	1.3734402324303105
AZD0530	ENSG00000155465	1.372895810308151	1.372895810308151	1.372895810308151
AZD0530	ENSG00000114439	1.3727860970377883	1.3727860970377883	1.3727860970377883
AZD0530	ENSG00000136750	1.372460842407177	1.372460842407177	1.372460842407177
AZD0530	LOC100505983	1.3721612317945175	1.3721612317945175	1.3721612317945175
AZD0530	ENSG00000128322	1.3721287318071118	1.3721287318071118	1.3721287318071118
AZD0530	ENSG00000184840	1.3720448614209972	1.3720448614209972	1.3720448614209972
AZD0530	ENSG00000055332	1.3719316359122735	1.3719316359122735	1.3719316359122735
AZD0530	FLJ42875	1.3719212876532698	1.3719212876532698	1.3719212876532698
AZD0530	ENSG00000148481	1.371659091564362	1.371659091564362	1.371659091564362
AZD0530	ENSG00000184304	1.3716388687574208	1.3716388687574208	1.3716388687574208
AZD0530	LOC100506652	1.3715235059360371	1.3715235059360371	1.3715235059360371
AZD0530	ENSG00000105851	1.3715048883802878	1.3715048883802878	1.3715048883802878
AZD0530	ENSG00000128052	1.371473746201239	1.371473746201239	1.371473746201239
AZD0530	ENSG00000198837	1.371394650297454	1.371394650297454	1.371394650297454
AZD0530	LOC285954	1.3713707308768848	1.3713707308768848	1.3713707308768848
AZD0530	ENSG00000178053	1.371274030145421	1.371274030145421	1.371274030145421
AZD0530	ENSG00000273888	1.3712437989276927	1.3712437989276927	1.3712437989276927
AZD0530	ENSG00000234284	1.3711864789427675	1.3711864789427675	1.3711864789427675
AZD0530	ENSG00000184867	1.3708823819191767	1.3708823819191767	1.3708823819191767
AZD0530	FAM176B	1.3707762738029419	1.3707762738029419	1.3707762738029419
AZD0530	ENSG00000214402	1.3707577653800305	1.3707577653800305	1.3707577653800305
AZD0530	ENSG00000200959	1.3706987888835696	1.3706987888835696	1.3706987888835696
AZD0530	KIAA1530	1.3706538640801733	1.3706538640801733	1.3706538640801733
AZD0530	ENSG00000244476	1.3704913530466634	1.3704913530466634	1.3704913530466634
AZD0530	ENSG00000198794	1.370371034346757	1.370371034346757	1.370371034346757
AZD0530	ENSG00000119630	1.370109112662554	1.370109112662554	1.370109112662554
AZD0530	ENSG00000162614	1.3700677473520548	1.3700677473520548	1.3700677473520548
AZD0530	ENSG00000119471	1.3700103854163836	1.3700103854163836	1.3700103854163836
AZD0530	ENSG00000150776	1.3699552861058317	1.3699552861058317	1.3699552861058317
AZD0530	ENSG00000128573	1.3698578580762946	1.3698578580762946	1.3698578580762946
AZD0530	ENSG00000169271	1.3698049354848314	1.3698049354848314	1.3698049354848314
AZD0530	ENSG00000041353	1.3695215252128945	1.3695215252128945	1.3695215252128945
AZD0530	LRG_515	1.3695168004556983	1.3695168004556983	1.3695168004556983
AZD0530	ENSG00000164142	1.3692777332775448	1.3692777332775448	1.3692777332775448
AZD0530	ENSG00000151743	1.3691258935346293	1.3691258935346293	1.3691258935346293
AZD0530	ENSG00000171611	1.3689088359607446	1.3689088359607446	1.3689088359607446
AZD0530	ENSG00000273984	1.368790198661948	1.368790198661948	1.368790198661948
AZD0530	ENSG00000153904	1.3686629594934931	1.3686629594934931	1.3686629594934931
AZD0530	ENSG00000160796	1.3686087501159623	1.3686087501159623	1.3686087501159623
AZD0530	LRG_300	1.368359287544578	1.368359287544578	1.368359287544578
AZD0530	ENSG00000056558	1.36821547100167	1.36821547100167	1.36821547100167
AZD0530	ENSG00000106299	1.3681603270795177	1.3681603270795177	1.3681603270795177
AZD0530	ENSG00000172765	1.3679581591501822	1.3679581591501822	1.3679581591501822
AZD0530	ZNF434	1.3676865372491391	1.3676865372491391	1.3676865372491391
AZD0530	C1orf85	1.367610057685665	1.367610057685665	1.367610057685665
AZD0530	ENSG00000105717	1.367574609415478	1.367574609415478	1.367574609415478
AZD0530	ENSG00000137496	1.3674954028919903	1.3674954028919903	1.3674954028919903
AZD0530	LOC285692	1.3674181794624145	1.3674181794624145	1.3674181794624145
AZD0530	ENSG00000197713	1.367292499617238	1.367292499617238	1.367292499617238
AZD0530	ENSG00000240922	1.3672004237942335	1.3672004237942335	1.3672004237942335
AZD0530	ENSG00000164100	1.367178613223313	1.367178613223313	1.367178613223313
AZD0530	ENSG00000172428	1.3671009971162273	1.3671009971162273	1.3671009971162273
AZD0530	ENSG00000161594	1.3669296858196869	1.3669296858196869	1.3669296858196869
AZD0530	LOC339298	1.3668107298527152	1.3668107298527152	1.3668107298527152
AZD0530	ENSG00000130812	1.366641373892743	1.366641373892743	1.366641373892743
AZD0530	ENSG00000117091	1.3665858748744397	1.3665858748744397	1.3665858748744397
AZD0530	ENSG00000164118	1.366538779151838	1.366538779151838	1.366538779151838
AZD0530	ENSG00000112195	1.366518855857603	1.366518855857603	1.366518855857603
AZD0530	ENSG00000077420	1.3665007430182494	1.3665007430182494	1.3665007430182494
AZD0530	ENSG00000154065	1.3663278512072763	1.3663278512072763	1.3663278512072763
AZD0530	ENSG00000156521	1.3661627114367032	1.3661627114367032	1.3661627114367032
AZD0530	ENSG00000073111	1.3660424560063693	1.3660424560063693	1.3660424560063693
AZD0530	ENSG00000074582	1.3658920240333605	1.3658920240333605	1.3658920240333605
AZD0530	ENSG00000100678	1.3655272842488264	1.3655272842488264	1.3655272842488264
AZD0530	ENSG00000112701	1.3654885881053147	1.3654885881053147	1.3654885881053147
AZD0530	ENSG00000125743	1.3651974134083553	1.3651974134083553	1.3651974134083553
AZD0530	ENSG00000048028	1.3651869379253234	1.3651869379253234	1.3651869379253234
AZD0530	ENSG00000184787	1.365125043286898	1.365125043286898	1.365125043286898
AZD0530	ENSG00000016490	1.3647138548100268	1.3647138548100268	1.3647138548100268
AZD0530	LOC100507421	1.3641444834784529	1.3641444834784529	1.3641444834784529
AZD0530	ENSG00000163283	1.3640826893207347	1.3640826893207347	1.3640826893207347
AZD0530	ENSG00000141314	1.3640721274698364	1.3640721274698364	1.3640721274698364
AZD0530	METTL19	1.3640623475864506	1.3640623475864506	1.3640623475864506
AZD0530	ENSG00000007952	1.3638272111143666	1.3638272111143666	1.3638272111143666
AZD0530	ENSG00000203737	1.3634810375138684	1.3634810375138684	1.3634810375138684
AZD0530	ENSG00000100802	1.3634529483119346	1.3634529483119346	1.3634529483119346
AZD0530	ENSG00000204711	1.3633441103648107	1.3633441103648107	1.3633441103648107
AZD0530	ENSG00000167930	1.3633199986186548	1.3633199986186548	1.3633199986186548
AZD0530	ENSG00000132518	1.3632996746946746	1.3632996746946746	1.3632996746946746
AZD0530	ENSG00000149506	1.3631043455937066	1.3631043455937066	1.3631043455937066
AZD0530	ENSG00000144848	1.3631017956567861	1.3631017956567861	1.3631017956567861
AZD0530	ENSG00000114062	1.3630620704810528	1.3630620704810528	1.3630620704810528
AZD0530	ENSG00000040531	1.3629783460567517	1.3629783460567517	1.3629783460567517
AZD0530	LOC284950	1.36287753849088	1.36287753849088	1.36287753849088
AZD0530	ENSG00000133115	1.3628383571822225	1.3628383571822225	1.3628383571822225
AZD0530	ENSG00000143195	1.3626344047217391	1.3626344047217391	1.3626344047217391
AZD0530	ENSG00000175535	1.362350811970773	1.362350811970773	1.362350811970773
AZD0530	ENSG00000124782	1.3622727645954307	1.3622727645954307	1.3622727645954307
AZD0530	ENSG00000178826	1.3620778679286163	1.3620778679286163	1.3620778679286163
AZD0530	ENSG00000134824	1.3617567413669625	1.3617567413669625	1.3617567413669625
AZD0530	ENSG00000134202	1.3612684005890066	1.3612684005890066	1.3612684005890066
AZD0530	LOC339975	1.361073716314507	1.361073716314507	1.361073716314507
AZD0530	ENSG00000198933	1.3610173075963137	1.3610173075963137	1.3610173075963137
AZD0530	ENSG00000062650	1.3609864239105163	1.3609864239105163	1.3609864239105163
AZD0530	ENSG00000120685	1.3608116544854685	1.3608116544854685	1.3608116544854685
AZD0530	ENSG00000102524	1.3605656674762794	1.3605656674762794	1.3605656674762794
AZD0530	ENSG00000132323	1.3604984819432053	1.3604984819432053	1.3604984819432053
AZD0530	ENSG00000134765	1.360389578551758	1.360389578551758	1.360389578551758
AZD0530	LRG_99	1.360372200431924	1.360372200431924	1.360372200431924
AZD0530	ENSG00000204178	1.3603520807913565	1.3603520807913565	1.3603520807913565
AZD0530	ENSG00000157837	1.360252365410003	1.360252365410003	1.360252365410003
AZD0530	ENSG00000162543	1.3601115866695823	1.3601115866695823	1.3601115866695823
AZD0530	ENSG00000017797	1.3600501110531553	1.3600501110531553	1.3600501110531553
AZD0530	ENSG00000196458	1.3600417271173397	1.3600417271173397	1.3600417271173397
AZD0530	ENSG00000196169	1.3597681180246786	1.3597681180246786	1.3597681180246786
AZD0530	ENSG00000115808	1.3596557094021013	1.3596557094021013	1.3596557094021013
AZD0530	ENSG00000172578	1.3594252469460983	1.3594252469460983	1.3594252469460983
AZD0530	ENSG00000268089	1.359297404318903	1.359297404318903	1.359297404318903
AZD0530	ENSG00000153162	1.3587518060680315	1.3587518060680315	1.3587518060680315
AZD0530	LOC646627	1.3585407008647377	1.3585407008647377	1.3585407008647377
AZD0530	ENSG00000048342	1.3581318278169656	1.3581318278169656	1.3581318278169656
AZD0530	LOC729121	1.3580604675533754	1.3580604675533754	1.3580604675533754
AZD0530	LOC340107	1.3580108179489867	1.3580108179489867	1.3580108179489867
AZD0530	ENSG00000173418	1.3575777778192664	1.3575777778192664	1.3575777778192664
AZD0530	ENSG00000161958	1.3574935706818811	1.3574935706818811	1.3574935706818811
AZD0530	C3orf55	1.3571829141891578	1.3571829141891578	1.3571829141891578
AZD0530	ENSG00000104835	1.3569006357584785	1.3569006357584785	1.3569006357584785
AZD0530	LOC90784	1.3568724527335072	1.3568724527335072	1.3568724527335072
AZD0530	ENSG00000152229	1.3565528506121765	1.3565528506121765	1.3565528506121765
AZD0530	ENSG00000123685	1.3565125502720587	1.3565125502720587	1.3565125502720587
AZD0530	ENSG00000166819	1.3560130684216123	1.3560130684216123	1.3560130684216123
AZD0530	ENSG00000221866	1.3559969619012415	1.3559969619012415	1.3559969619012415
AZD0530	ENSG00000137078	1.3558026714154918	1.3558026714154918	1.3558026714154918
AZD0530	LOC100505576	1.35566587366009	1.35566587366009	1.35566587366009
AZD0530	ENSG00000167107	1.3555999113349626	1.3555999113349626	1.3555999113349626
AZD0530	ENSG00000092051	1.3555519295156317	1.3555519295156317	1.3555519295156317
AZD0530	ENSG00000203883	1.3554944810257812	1.3554944810257812	1.3554944810257812
AZD0530	ENSG00000101367	1.3552376479533113	1.3552376479533113	1.3552376479533113
AZD0530	ENSG00000130021	1.3551894090782843	1.3551894090782843	1.3551894090782843
AZD0530	ENSG00000113303	1.3551892003893045	1.3551892003893045	1.3551892003893045
AZD0530	ENSG00000138175	1.3548514136820775	1.3548514136820775	1.3548514136820775
AZD0530	ENSG00000102984	1.3547796552958529	1.3547796552958529	1.3547796552958529
AZD0530	ENSG00000036672	1.3546613533686829	1.3546613533686829	1.3546613533686829
AZD0530	YSK4	1.3546602509956711	1.3546602509956711	1.3546602509956711
AZD0530	ENSG00000144589	1.3545318555107357	1.3545318555107357	1.3545318555107357
AZD0530	ENSG00000104343	1.3545072609900144	1.3545072609900144	1.3545072609900144
AZD0530	ENSG00000114902	1.3540598975893954	1.3540598975893954	1.3540598975893954
AZD0530	ENSG00000015592	1.353915899132991	1.353915899132991	1.353915899132991
AZD0530	ENSG00000137845	1.353678887968901	1.353678887968901	1.353678887968901
AZD0530	ENSG00000145715	1.3535670611627164	1.3535670611627164	1.3535670611627164
AZD0530	ENSG00000132530	1.3534680228148717	1.3534680228148717	1.3534680228148717
AZD0530	ENSG00000135336	1.353461423790178	1.353461423790178	1.353461423790178
AZD0530	ENSG00000109680	1.35341187148035	1.35341187148035	1.35341187148035
AZD0530	ENSG00000143924	1.3533664943460237	1.3533664943460237	1.3533664943460237
AZD0530	ENSG00000198752	1.3532622123260711	1.3532622123260711	1.3532622123260711
AZD0530	ENSG00000136267	1.3531494112757558	1.3531494112757558	1.3531494112757558
AZD0530	LOC100507501	1.3529744832378796	1.3529744832378796	1.3529744832378796
AZD0530	ENSG00000182752	1.3529730023209072	1.3529730023209072	1.3529730023209072
AZD0530	ENSG00000089505	1.352784413901411	1.352784413901411	1.352784413901411
AZD0530	C17orf79	1.352305944110486	1.352305944110486	1.352305944110486
AZD0530	ENSG00000174871	1.3522255175699647	1.3522255175699647	1.3522255175699647
AZD0530	ENSG00000163728	1.3519032978143377	1.3519032978143377	1.3519032978143377
AZD0530	C11orf41	1.35173456972708	1.35173456972708	1.35173456972708
AZD0530	LOC100133461	1.3516032712929118	1.3516032712929118	1.3516032712929118
AZD0530	ENSG00000100297	1.3515891835421827	1.3515891835421827	1.3515891835421827
AZD0530	LOC100506201	1.350800664300247	1.350800664300247	1.350800664300247
AZD0530	LOC285972	1.3507949728802635	1.3507949728802635	1.3507949728802635
AZD0530	ENSG00000136425	1.350766305851693	1.350766305851693	1.350766305851693
AZD0530	ENSG00000182836	1.3506977333253614	1.3506977333253614	1.3506977333253614
AZD0530	ENSG00000106366	1.3505729566650349	1.3505729566650349	1.3505729566650349
AZD0530	ENSG00000183439	1.3504254963137572	1.3504254963137572	1.3504254963137572
AZD0530	ENSG00000147041	1.350400927790593	1.350400927790593	1.350400927790593
AZD0530	ENSG00000152213	1.3502470797897022	1.3502470797897022	1.3502470797897022
AZD0530	ENSG00000104731	1.3500845291358385	1.3500845291358385	1.3500845291358385
AZD0530	ENSG00000230223	1.3499117326591514	1.3499117326591514	1.3499117326591514
AZD0530	ENSG00000102931	1.3498086373296372	1.3498086373296372	1.3498086373296372
AZD0530	ENSG00000117834	1.349799520396827	1.349799520396827	1.349799520396827
AZD0530	ENSG00000087586	1.3497866531538039	1.3497866531538039	1.3497866531538039
AZD0530	ENSG00000108604	1.3497782652343333	1.3497782652343333	1.3497782652343333
AZD0530	ENSG00000147400	1.3495515355064855	1.3495515355064855	1.3495515355064855
AZD0530	ENSG00000103381	1.3490665981521264	1.3490665981521264	1.3490665981521264
AZD0530	ENSG00000166130	1.349061369599195	1.349061369599195	1.349061369599195
AZD0530	ENSG00000203663	1.3490201655371161	1.3490201655371161	1.3490201655371161
AZD0530	ENSG00000163602	1.348976532204592	1.348976532204592	1.348976532204592
AZD0530	ENSG00000082512	1.3489054485088599	1.3489054485088599	1.3489054485088599
AZD0530	ENSG00000162728	1.348747102573962	1.348747102573962	1.348747102573962
AZD0530	ENSG00000130175	1.3486022944194942	1.3486022944194942	1.3486022944194942
AZD0530	ENSG00000115109	1.348554073081632	1.348554073081632	1.348554073081632
AZD0530	ENSG00000140396	1.348517915100254	1.348517915100254	1.348517915100254
AZD0530	ENSG00000169564	1.3484901731996393	1.3484901731996393	1.3484901731996393
AZD0530	ENSG00000135250	1.3483739310641385	1.3483739310641385	1.3483739310641385
AZD0530	ENSG00000163515	1.3483467388216324	1.3483467388216324	1.3483467388216324
AZD0530	ENSG00000115275	1.3480598823036078	1.3480598823036078	1.3480598823036078
AZD0530	ENSG00000273780	1.3477234567429297	1.3477234567429297	1.3477234567429297
AZD0530	ENSG00000168411	1.347551545205606	1.347551545205606	1.347551545205606
AZD0530	ENSG00000170571	1.3474772935722032	1.3474772935722032	1.3474772935722032
AZD0530	LOC100506676	1.3474704975032334	1.3474704975032334	1.3474704975032334
AZD0530	ENSG00000139182	1.3469622597099273	1.3469622597099273	1.3469622597099273
AZD0530	ENSG00000166289	1.3464728935259265	1.3464728935259265	1.3464728935259265
AZD0530	ENSG00000174521	1.3464290416676938	1.3464290416676938	1.3464290416676938
AZD0530	ENSG00000067606	1.3463852393844997	1.3463852393844997	1.3463852393844997
AZD0530	ENSG00000188895	1.3463747260782493	1.3463747260782493	1.3463747260782493
AZD0530	ENSG00000137285	1.3463662330726014	1.3463662330726014	1.3463662330726014
AZD0530	ENSG00000198189	1.3462092416402496	1.3462092416402496	1.3462092416402496
AZD0530	ENSG00000133639	1.3461985461994035	1.3461985461994035	1.3461985461994035
AZD0530	ENSG00000174021	1.3460570302615522	1.3460570302615522	1.3460570302615522
AZD0530	ENSG00000270959	1.3458978963525117	1.3458978963525117	1.3458978963525117
AZD0530	ENSG00000101350	1.3457406593490284	1.3457406593490284	1.3457406593490284
AZD0530	ENSG00000105085	1.3456959013745056	1.3456959013745056	1.3456959013745056
AZD0530	ENSG00000132964	1.345664340168531	1.345664340168531	1.345664340168531
AZD0530	ENSG00000054118	1.345332894561953	1.345332894561953	1.345332894561953
AZD0530	ENSG00000185420	1.3451584738852838	1.3451584738852838	1.3451584738852838
AZD0530	ENSG00000169814	1.3450362841794241	1.3450362841794241	1.3450362841794241
AZD0530	ODZ2	1.3448960680665127	1.3448960680665127	1.3448960680665127
AZD0530	C9orf100	1.3445940840865092	1.3445940840865092	1.3445940840865092
AZD0530	ENSG00000213639	1.3445933979792386	1.3445933979792386	1.3445933979792386
AZD0530	ENSG00000129562	1.3445613937613747	1.3445613937613747	1.3445613937613747
AZD0530	ENSG00000133138	1.3441309951378517	1.3441309951378517	1.3441309951378517
AZD0530	ENSG00000270765	1.344075755417726	1.344075755417726	1.344075755417726
AZD0530	ENSG00000137101	1.3440304416425746	1.3440304416425746	1.3440304416425746
AZD0530	ENSG00000135632	1.3438672872878519	1.3438672872878519	1.3438672872878519
AZD0530	ENSG00000137509	1.3438409374377471	1.3438409374377471	1.3438409374377471
AZD0530	ENSG00000223910	1.3438270659601983	1.3438270659601983	1.3438270659601983
AZD0530	LOC100507143	1.3435797139707348	1.3435797139707348	1.3435797139707348
AZD0530	LRG_401	1.343578456351483	1.343578456351483	1.343578456351483
AZD0530	ENSG00000123091	1.3435551730709727	1.3435551730709727	1.3435551730709727
AZD0530	ENSG00000159176	1.3434827422191085	1.3434827422191085	1.3434827422191085
AZD0530	ENSG00000120697	1.3431911505273366	1.3431911505273366	1.3431911505273366
AZD0530	ENSG00000279195	1.343185451440671	1.343185451440671	1.343185451440671
AZD0530	LOC100506405	1.3431612382475537	1.3431612382475537	1.3431612382475537
AZD0530	ENSG00000171056	1.3430871187708546	1.3430871187708546	1.3430871187708546
AZD0530	ENSG00000111716	1.3429654076490756	1.3429654076490756	1.3429654076490756
AZD0530	ENSG00000141446	1.342935760224608	1.342935760224608	1.342935760224608
AZD0530	LOC100144604	1.3426437133759066	1.3426437133759066	1.3426437133759066
AZD0530	ENSG00000182831	1.342539504257153	1.342539504257153	1.342539504257153
AZD0530	ENSG00000187778	1.342354212159198	1.342354212159198	1.342354212159198
AZD0530	ENSG00000108039	1.3422433619241338	1.3422433619241338	1.3422433619241338
AZD0530	ENSG00000280962	1.3421169483068511	1.3421169483068511	1.3421169483068511
AZD0530	C9orf167	1.3418121372896565	1.3418121372896565	1.3418121372896565
AZD0530	ENSG00000185101	1.341181773751237	1.341181773751237	1.341181773751237
AZD0530	ENSG00000197980	1.3411025867263855	1.3411025867263855	1.3411025867263855
AZD0530	ENSG00000110074	1.3410435129397191	1.3410435129397191	1.3410435129397191
AZD0530	ENSG00000187664	1.340874509231062	1.340874509231062	1.340874509231062
AZD0530	ENSG00000137275	1.340522018953458	1.340522018953458	1.340522018953458
AZD0530	C18orf56	1.340262284021836	1.340262284021836	1.340262284021836
AZD0530	ENSG00000171180	1.3401975180588985	1.3401975180588985	1.3401975180588985
AZD0530	ENSG00000182173	1.3400845439494904	1.3400845439494904	1.3400845439494904
AZD0530	ENSG00000113851	1.33994024199448	1.33994024199448	1.33994024199448
AZD0530	ENSG00000085644	1.3397346377587573	1.3397346377587573	1.3397346377587573
AZD0530	C1orf187	1.3393069025573843	1.3393069025573843	1.3393069025573843
AZD0530	ENSG00000132437	1.338515716494556	1.338515716494556	1.338515716494556
AZD0530	ENSG00000162402	1.3385006494622105	1.3385006494622105	1.3385006494622105
AZD0530	ENSG00000144445	1.3383521847154431	1.3383521847154431	1.3383521847154431
AZD0530	ENSG00000141469	1.3381174066841368	1.3381174066841368	1.3381174066841368
AZD0530	ENSG00000169006	1.3375494143677213	1.3375494143677213	1.3375494143677213
AZD0530	ENSG00000277354	1.3375487882594277	1.3375487882594277	1.3375487882594277
AZD0530	ENSG00000184863	1.3375214724922442	1.3375214724922442	1.3375214724922442
AZD0530	ENSG00000104529	1.3374139482204412	1.3374139482204412	1.3374139482204412
AZD0530	ENSG00000135547	1.337338785385677	1.337338785385677	1.337338785385677
AZD0530	ENSG00000146276	1.3372184693472222	1.3372184693472222	1.3372184693472222
AZD0530	ENSG00000165025	1.3370114214436641	1.3370114214436641	1.3370114214436641
AZD0530	ENSG00000176407	1.3369427750009433	1.3369427750009433	1.3369427750009433
AZD0530	ENSG00000164587	1.336895621982736	1.336895621982736	1.336895621982736
AZD0530	ENSG00000044115	1.3367166888523667	1.3367166888523667	1.3367166888523667
AZD0530	ENSG00000168491	1.3367125412526353	1.3367125412526353	1.3367125412526353
AZD0530	ENSG00000114744	1.3363277750746838	1.3363277750746838	1.3363277750746838
AZD0530	ENSG00000119986	1.3362555139050278	1.3362555139050278	1.3362555139050278
AZD0530	ENSG00000092531	1.3362003779904095	1.3362003779904095	1.3362003779904095
AZD0530	ENSG00000117724	1.3360285559986278	1.3360285559986278	1.3360285559986278
AZD0530	ENSG00000105290	1.3354729267505814	1.3354729267505814	1.3354729267505814
AZD0530	ENSG00000123594	1.3354458364617305	1.3354458364617305	1.3354458364617305
AZD0530	ENSG00000165246	1.3354291262180888	1.3354291262180888	1.3354291262180888
AZD0530	ENSG00000162757	1.335414048957132	1.335414048957132	1.335414048957132
AZD0530	LRG_666	1.3353730203401029	1.3353730203401029	1.3353730203401029
AZD0530	ZNF323	1.3351882329932525	1.3351882329932525	1.3351882329932525
AZD0530	ENSG00000156103	1.3351219620408266	1.3351219620408266	1.3351219620408266
AZD0530	ENSG00000102007	1.3349142137020191	1.3349142137020191	1.3349142137020191
AZD0530	ENSG00000180370	1.3348966684882753	1.3348966684882753	1.3348966684882753
AZD0530	ENSG00000138136	1.3348097447819596	1.3348097447819596	1.3348097447819596
AZD0530	ENSG00000100239	1.3347912243345357	1.3347912243345357	1.3347912243345357
AZD0530	ENSG00000146147	1.3347837366376374	1.3347837366376374	1.3347837366376374
AZD0530	ENSG00000104047	1.3346979363317066	1.3346979363317066	1.3346979363317066
AZD0530	ENSG00000135549	1.3345275279100215	1.3345275279100215	1.3345275279100215
AZD0530	ENSG00000137166	1.3344760684694659	1.3344760684694659	1.3344760684694659
AZD0530	ENSG00000141098	1.3344329355942757	1.3344329355942757	1.3344329355942757
AZD0530	PEG3-AS1	1.3344319960559838	1.3344319960559838	1.3344319960559838
AZD0530	BOD1P	1.3344283837651063	1.3344283837651063	1.3344283837651063
AZD0530	ENSG00000127903	1.3343921083786163	1.3343921083786163	1.3343921083786163
AZD0530	ENSG00000091664	1.3343845074677154	1.3343845074677154	1.3343845074677154
AZD0530	ENSG00000135775	1.3342867007040933	1.3342867007040933	1.3342867007040933
AZD0530	ENSG00000183258	1.3342035295478822	1.3342035295478822	1.3342035295478822
AZD0530	C7orf46	1.3342004423664418	1.3342004423664418	1.3342004423664418
AZD0530	ENSG00000163046	1.3341065452261407	1.3341065452261407	1.3341065452261407
AZD0530	LOC253962	1.334070973134578	1.334070973134578	1.334070973134578
AZD0530	ENSG00000142556	1.333971838763292	1.333971838763292	1.333971838763292
AZD0530	ENSG00000166211	1.333428163874181	1.333428163874181	1.333428163874181
AZD0530	ENSG00000070019	1.333245039436607	1.333245039436607	1.333245039436607
AZD0530	ENSG00000205323	1.3331188978773494	1.3331188978773494	1.3331188978773494
AZD0530	ENSG00000109182	1.3331034499128747	1.3331034499128747	1.3331034499128747
AZD0530	ENSG00000180479	1.3331018444736498	1.3331018444736498	1.3331018444736498
AZD0530	ENSG00000114378	1.3328060867103295	1.3328060867103295	1.3328060867103295
AZD0530	ENSG00000168763	1.3327661016852221	1.3327661016852221	1.3327661016852221
AZD0530	ENSG00000239521	1.332701988165713	1.332701988165713	1.332701988165713
AZD0530	LOC146513	1.3326673850792758	1.3326673850792758	1.3326673850792758
AZD0530	ENSG00000196935	1.3323249299809161	1.3323249299809161	1.3323249299809161
AZD0530	LRG_659	1.3323058404107655	1.3323058404107655	1.3323058404107655
AZD0530	ENSG00000164631	1.3321681614644414	1.3321681614644414	1.3321681614644414
AZD0530	ENSG00000115421	1.3319756995279848	1.3319756995279848	1.3319756995279848
AZD0530	ENSG00000179115	1.3317962396815886	1.3317962396815886	1.3317962396815886
AZD0530	ENSG00000152433	1.331664914904211	1.331664914904211	1.331664914904211
AZD0530	LOC100506063	1.3315283668811637	1.3315283668811637	1.3315283668811637
AZD0530	PRMT10	1.3313968539963832	1.3313968539963832	1.3313968539963832
AZD0530	ENSG00000223705	1.3313194246387507	1.3313194246387507	1.3313194246387507
AZD0530	ENSG00000235712	1.331272953808452	1.331272953808452	1.331272953808452
AZD0530	ENSG00000110060	1.331213875545726	1.331213875545726	1.331213875545726
AZD0530	ENSG00000132394	1.331157514535554	1.331157514535554	1.331157514535554
AZD0530	ENSG00000112280	1.3311045999102333	1.3311045999102333	1.3311045999102333
AZD0530	ENSG00000087510	1.3310639981644516	1.3310639981644516	1.3310639981644516
AZD0530	ENSG00000026508	1.3310215002399783	1.3310215002399783	1.3310215002399783
AZD0530	ENSG00000173852	1.3309914498096147	1.3309914498096147	1.3309914498096147
AZD0530	ENSG00000114388	1.330865033668231	1.330865033668231	1.330865033668231
AZD0530	ENSG00000068796	1.3308413931467218	1.3308413931467218	1.3308413931467218
AZD0530	ENSG00000140104	1.3307636027677572	1.3307636027677572	1.3307636027677572
AZD0530	ENSG00000198246	1.3305729671137487	1.3305729671137487	1.3305729671137487
AZD0530	ENSG00000211592	1.3304325237844585	1.3304325237844585	1.3304325237844585
AZD0530	ENSG00000275003	1.330403761566854	1.330403761566854	1.330403761566854
AZD0530	ENSG00000116132	1.3303470198733849	1.3303470198733849	1.3303470198733849
AZD0530	ENSG00000130300	1.3303294766843257	1.3303294766843257	1.3303294766843257
AZD0530	ENSG00000143970	1.330300159308666	1.330300159308666	1.330300159308666
AZD0530	ENSG00000134569	1.3302538152234629	1.3302538152234629	1.3302538152234629
AZD0530	ENSG00000109163	1.3300221584369838	1.3300221584369838	1.3300221584369838
AZD0530	ENSG00000128254	1.3299359946851554	1.3299359946851554	1.3299359946851554
AZD0530	ENSG00000135749	1.3296702130171205	1.3296702130171205	1.3296702130171205
AZD0530	ENSG00000132718	1.3296492424616622	1.3296492424616622	1.3296492424616622
AZD0530	ENSG00000181804	1.329541650101421	1.329541650101421	1.329541650101421
AZD0530	LRG_119	1.329516393793712	1.329516393793712	1.329516393793712
AZD0530	LOC100652996	1.3294255274820457	1.3294255274820457	1.3294255274820457
AZD0530	LOC149773	1.3292828003425803	1.3292828003425803	1.3292828003425803
AZD0530	ENSG00000197548	1.3291746167651532	1.3291746167651532	1.3291746167651532
AZD0530	LOC100129662	1.3290526924570742	1.3290526924570742	1.3290526924570742
AZD0530	ENSG00000204219	1.3289327001700242	1.3289327001700242	1.3289327001700242
AZD0530	LOC100507599	1.328760480007826	1.328760480007826	1.328760480007826
AZD0530	ENSG00000205837	1.3286471588221394	1.3286471588221394	1.3286471588221394
AZD0530	ENSG00000155329	1.3286105372710346	1.3286105372710346	1.3286105372710346
AZD0530	ENSG00000188848	1.3285814921519474	1.3285814921519474	1.3285814921519474
AZD0530	ENSG00000170323	1.32853855099984	1.32853855099984	1.32853855099984
AZD0530	ENSG00000163064	1.3283572345036185	1.3283572345036185	1.3283572345036185
AZD0530	ENSG00000205464	1.3280798854896705	1.3280798854896705	1.3280798854896705
AZD0530	ENSG00000179912	1.3278933386293001	1.3278933386293001	1.3278933386293001
AZD0530	ENSG00000239382	1.327819994891138	1.327819994891138	1.327819994891138
AZD0530	ENSG00000173786	1.3277597246178856	1.3277597246178856	1.3277597246178856
AZD0530	ENSG00000091181	1.3273485543616135	1.3273485543616135	1.3273485543616135
AZD0530	ENSG00000188706	1.327211579116365	1.327211579116365	1.327211579116365
AZD0530	ENSG00000152952	1.326642999701206	1.326642999701206	1.326642999701206
AZD0530	LOC100505515	1.326482484741748	1.326482484741748	1.326482484741748
AZD0530	ENSG00000230513	1.3264814745906635	1.3264814745906635	1.3264814745906635
AZD0530	ENSG00000107187	1.326291557582584	1.326291557582584	1.326291557582584
AZD0530	ENSG00000156535	1.3262533553813007	1.3262533553813007	1.3262533553813007
AZD0530	ENSG00000181827	1.3258662461703525	1.3258662461703525	1.3258662461703525
AZD0530	ENSG00000116237	1.325656087347924	1.325656087347924	1.325656087347924
AZD0530	ENSG00000133067	1.3254474769493234	1.3254474769493234	1.3254474769493234
AZD0530	ENSG00000182771	1.3251132242166204	1.3251132242166204	1.3251132242166204
AZD0530	ENSG00000240230	1.325049635236879	1.325049635236879	1.325049635236879
AZD0530	ENSG00000198876	1.3246234060525313	1.3246234060525313	1.3246234060525313
AZD0530	ENSG00000112276	1.3245798183601254	1.3245798183601254	1.3245798183601254
AZD0530	ENSG00000154370	1.324494649882079	1.324494649882079	1.324494649882079
AZD0530	ENSG00000168634	1.324406638422587	1.324406638422587	1.324406638422587
AZD0530	LOC100506776	1.3236268357021683	1.3236268357021683	1.3236268357021683
AZD0530	ENSG00000155755	1.3234969938650878	1.3234969938650878	1.3234969938650878
AZD0530	LOC100506880	1.3233952081737208	1.3233952081737208	1.3233952081737208
AZD0530	ENSG00000211639	1.3232305740629755	1.3232305740629755	1.3232305740629755
AZD0530	ENSG00000198028	1.323098784815167	1.323098784815167	1.323098784815167
AZD0530	ENSG00000165953	1.3230819001229182	1.3230819001229182	1.3230819001229182
AZD0530	ENSG00000177700	1.3228196346686716	1.3228196346686716	1.3228196346686716
AZD0530	ENSG00000135316	1.3223414753140792	1.3223414753140792	1.3223414753140792
AZD0530	ENSG00000177025	1.3222154368021302	1.3222154368021302	1.3222154368021302
AZD0530	ENSG00000214324	1.3219387519797052	1.3219387519797052	1.3219387519797052
AZD0530	ENSG00000180660	1.3218595830918123	1.3218595830918123	1.3218595830918123
AZD0530	ENSG00000227342	1.3217607136960479	1.3217607136960479	1.3217607136960479
AZD0530	ENSG00000151151	1.3216525591457595	1.3216525591457595	1.3216525591457595
AZD0530	ENSG00000132965	1.3213614223508536	1.3213614223508536	1.3213614223508536
AZD0530	ENSG00000112210	1.3213427087073772	1.3213427087073772	1.3213427087073772
AZD0530	ENSG00000221930	1.3211936242020186	1.3211936242020186	1.3211936242020186
AZD0530	ENSG00000111344	1.3211111375994862	1.3211111375994862	1.3211111375994862
AZD0530	ENSG00000179051	1.3210129781582847	1.3210129781582847	1.3210129781582847
AZD0530	C4orf37	1.3209231166796476	1.3209231166796476	1.3209231166796476
AZD0530	ENSG00000278274	1.3209146088105985	1.3209146088105985	1.3209146088105985
AZD0530	ENSG00000168309	1.3208969731490392	1.3208969731490392	1.3208969731490392
AZD0530	ENSG00000129951	1.3208680305583922	1.3208680305583922	1.3208680305583922
AZD0530	ENSG00000198681	1.320774614390748	1.320774614390748	1.320774614390748
AZD0530	ENSG00000052344	1.320569916533671	1.320569916533671	1.320569916533671
AZD0530	FAM40A	1.3204595491321323	1.3204595491321323	1.3204595491321323
AZD0530	TXLNG2P	1.3198295118588526	1.3198295118588526	1.3198295118588526
AZD0530	LOC100506870	1.3194597085564579	1.3194597085564579	1.3194597085564579
AZD0530	ENSG00000100129	1.319406576068488	1.319406576068488	1.319406576068488
AZD0530	ENSG00000036054	1.319344757663919	1.319344757663919	1.319344757663919
AZD0530	ENSG00000100417	1.3193442341436896	1.3193442341436896	1.3193442341436896
AZD0530	LOC282997	1.3189244595525083	1.3189244595525083	1.3189244595525083
AZD0530	ENSG00000077279	1.3189224685383671	1.3189224685383671	1.3189224685383671
AZD0530	ENSG00000157557	1.3189090040217255	1.3189090040217255	1.3189090040217255
AZD0530	ENSG00000166866	1.3188485024252294	1.3188485024252294	1.3188485024252294
AZD0530	ENSG00000067840	1.31867187355663	1.31867187355663	1.31867187355663
AZD0530	ENSG00000169733	1.318633476885638	1.318633476885638	1.318633476885638
AZD0530	ENSG00000075240	1.3182390610559813	1.3182390610559813	1.3182390610559813
AZD0530	ENSG00000113248	1.318188641485551	1.318188641485551	1.318188641485551
AZD0530	ENSG00000063854	1.3181673839630226	1.3181673839630226	1.3181673839630226
AZD0530	ENSG00000181322	1.318124532144503	1.318124532144503	1.318124532144503
AZD0530	ENSG00000104131	1.3180371737500052	1.3180371737500052	1.3180371737500052
AZD0530	ENSG00000004766	1.317968908597459	1.317968908597459	1.317968908597459
AZD0530	ENSG00000103995	1.3178195074729138	1.3178195074729138	1.3178195074729138
AZD0530	ENSG00000186191	1.3176782633355135	1.3176782633355135	1.3176782633355135
AZD0530	ENSG00000132646	1.3173863140316953	1.3173863140316953	1.3173863140316953
AZD0530	ENSG00000105492	1.317252395406593	1.317252395406593	1.317252395406593
AZD0530	ENSG00000131080	1.3168592334768052	1.3168592334768052	1.3168592334768052
AZD0530	ENSG00000087076	1.316823927377428	1.316823927377428	1.316823927377428
AZD0530	ENSG00000181896	1.3165324828051277	1.3165324828051277	1.3165324828051277
AZD0530	LOC100505716	1.316050141910699	1.316050141910699	1.316050141910699
AZD0530	LOC100505491	1.3159629197414275	1.3159629197414275	1.3159629197414275
AZD0530	ENSG00000026559	1.3158652071619512	1.3158652071619512	1.3158652071619512
AZD0530	ENSG00000166143	1.3158186861441015	1.3158186861441015	1.3158186861441015
AZD0530	ENSG00000146918	1.3155052608356184	1.3155052608356184	1.3155052608356184
AZD0530	ENSG00000182103	1.315412019141746	1.315412019141746	1.315412019141746
AZD0530	ENSG00000180318	1.3152793542695298	1.3152793542695298	1.3152793542695298
AZD0530	ENSG00000137962	1.3150349728348598	1.3150349728348598	1.3150349728348598
AZD0530	ENSG00000145623	1.3149104042787463	1.3149104042787463	1.3149104042787463
AZD0530	ENSG00000167196	1.314862071610414	1.314862071610414	1.314862071610414
AZD0530	ENSG00000219073	1.3147410383815445	1.3147410383815445	1.3147410383815445
AZD0530	LRG_348	1.3146405781317332	1.3146405781317332	1.3146405781317332
AZD0530	ENSG00000088832	1.3145992202733527	1.3145992202733527	1.3145992202733527
AZD0530	ENSG00000161405	1.3145551825647794	1.3145551825647794	1.3145551825647794
AZD0530	ENSG00000171790	1.3145372422082902	1.3145372422082902	1.3145372422082902
AZD0530	ENSG00000145882	1.314184097558815	1.314184097558815	1.314184097558815
AZD0530	ENSG00000124535	1.314075673508538	1.314075673508538	1.314075673508538
AZD0530	ENSG00000167771	1.3140108592078532	1.3140108592078532	1.3140108592078532
AZD0530	ENSG00000174326	1.3139904878275661	1.3139904878275661	1.3139904878275661
AZD0530	ENSG00000110777	1.313884176261546	1.313884176261546	1.313884176261546
AZD0530	ENSG00000114346	1.3138642751309169	1.3138642751309169	1.3138642751309169
AZD0530	ENSG00000133135	1.313782401686849	1.313782401686849	1.313782401686849
AZD0530	ENSG00000160117	1.3134494763607407	1.3134494763607407	1.3134494763607407
AZD0530	LOC644794	1.3134488380252245	1.3134488380252245	1.3134488380252245
AZD0530	ENSG00000148908	1.3132205507089978	1.3132205507089978	1.3132205507089978
AZD0530	ENSG00000081818	1.312750416161363	1.312750416161363	1.312750416161363
AZD0530	ENSG00000196139	1.3123432530792771	1.3123432530792771	1.3123432530792771
AZD0530	ENSG00000277134	1.3120858671237143	1.3120858671237143	1.3120858671237143
AZD0530	DKFZP586I1420	1.3119826306034974	1.3119826306034974	1.3119826306034974
AZD0530	ENSG00000129450	1.3119382306947864	1.3119382306947864	1.3119382306947864
AZD0530	ENSG00000157060	1.3119325841619323	1.3119325841619323	1.3119325841619323
AZD0530	ENSG00000164823	1.3118886550104059	1.3118886550104059	1.3118886550104059
AZD0530	ENSG00000151689	1.3118319069908175	1.3118319069908175	1.3118319069908175
AZD0530	ENSG00000091157	1.3115557114392074	1.3115557114392074	1.3115557114392074
AZD0530	ENSG00000135972	1.311254870946694	1.311254870946694	1.311254870946694
AZD0530	ENSG00000023697	1.3110822791057815	1.3110822791057815	1.3110822791057815
AZD0530	LRG_472	1.3109270827045316	1.3109270827045316	1.3109270827045316
AZD0530	ENSG00000174238	1.3108602567329504	1.3108602567329504	1.3108602567329504
AZD0530	ENSG00000159189	1.3105961200580538	1.3105961200580538	1.3105961200580538
AZD0530	ENSG00000143409	1.3104224345553834	1.3104224345553834	1.3104224345553834
AZD0530	ENSG00000126458	1.3104016329752726	1.3104016329752726	1.3104016329752726
AZD0530	KIAA1239	1.3101158571021074	1.3101158571021074	1.3101158571021074
AZD0530	ENSG00000171444	1.3100479605297701	1.3100479605297701	1.3100479605297701
AZD0530	ENSG00000138678	1.309856695670035	1.309856695670035	1.309856695670035
AZD0530	ENSG00000211663	1.3097234146137406	1.3097234146137406	1.3097234146137406
AZD0530	ENSG00000131778	1.309553579403869	1.309553579403869	1.309553579403869
AZD0530	ENSG00000108684	1.3091754786936893	1.3091754786936893	1.3091754786936893
AZD0530	ENSG00000033170	1.3091149194063734	1.3091149194063734	1.3091149194063734
AZD0530	ENSG00000172794	1.3089179410463592	1.3089179410463592	1.3089179410463592
AZD0530	ENSG00000140044	1.308529635365821	1.308529635365821	1.308529635365821
AZD0530	ENSG00000136463	1.3084070397923415	1.3084070397923415	1.3084070397923415
AZD0530	ENSG00000159579	1.308080399181289	1.308080399181289	1.308080399181289
AZD0530	ENSG00000143858	1.3080033264404167	1.3080033264404167	1.3080033264404167
AZD0530	ENSG00000184388	1.3078183687528733	1.3078183687528733	1.3078183687528733
AZD0530	CXorf1	1.3077744988615052	1.3077744988615052	1.3077744988615052
AZD0530	ENSG00000091009	1.3076148774200342	1.3076148774200342	1.3076148774200342
AZD0530	ENSG00000173137	1.307173607700463	1.307173607700463	1.307173607700463
AZD0530	ENSG00000120318	1.3071153664631485	1.3071153664631485	1.3071153664631485
AZD0530	LOC442028	1.307059846151784	1.307059846151784	1.307059846151784
AZD0530	LOC283174	1.307021649971649	1.307021649971649	1.307021649971649
AZD0530	ENSG00000007516	1.3068144757129088	1.3068144757129088	1.3068144757129088
AZD0530	ENSG00000172901	1.3067866337736087	1.3067866337736087	1.3067866337736087
AZD0530	OBFC2B	1.306702212801051	1.306702212801051	1.306702212801051
AZD0530	ENSG00000163964	1.3066926873564857	1.3066926873564857	1.3066926873564857
AZD0530	ENSG00000134215	1.30609655395388	1.30609655395388	1.30609655395388
AZD0530	ENSG00000176915	1.3060269346395277	1.3060269346395277	1.3060269346395277
AZD0530	ENSG00000197467	1.3052587495916146	1.3052587495916146	1.3052587495916146
AZD0530	ENSG00000167653	1.3049251410160638	1.3049251410160638	1.3049251410160638
AZD0530	ENSG00000171428	1.3048310949760842	1.3048310949760842	1.3048310949760842
AZD0530	ENSG00000126756	1.3048023207176465	1.3048023207176465	1.3048023207176465
AZD0530	ENSG00000168497	1.3047547824662002	1.3047547824662002	1.3047547824662002
AZD0530	ENSG00000054796	1.3046666390304105	1.3046666390304105	1.3046666390304105
AZD0530	LOC100506546	1.3041089473640324	1.3041089473640324	1.3041089473640324
AZD0530	ENSG00000226479	1.3040600548435892	1.3040600548435892	1.3040600548435892
AZD0530	ENSG00000101146	1.3038321114903233	1.3038321114903233	1.3038321114903233
AZD0530	ENSG00000197653	1.303620047186475	1.303620047186475	1.303620047186475
AZD0530	ENSG00000274672	1.303570290581266	1.303570290581266	1.303570290581266
AZD0530	ENSG00000198932	1.3035557607133508	1.3035557607133508	1.3035557607133508
AZD0530	ENSG00000138095	1.303461859543613	1.303461859543613	1.303461859543613
AZD0530	ENSG00000176261	1.3033276709538466	1.3033276709538466	1.3033276709538466
AZD0530	ENSG00000087494	1.3032862128450118	1.3032862128450118	1.3032862128450118
AZD0530	LRG_618	1.3032574459162645	1.3032574459162645	1.3032574459162645
AZD0530	ENSG00000082898	1.3032419286603831	1.3032419286603831	1.3032419286603831
AZD0530	ENSG00000112137	1.3031236214577178	1.3031236214577178	1.3031236214577178
AZD0530	ENSG00000105287	1.303112175818595	1.303112175818595	1.303112175818595
AZD0530	ENSG00000159140	1.303075195346539	1.303075195346539	1.303075195346539
AZD0530	ENSG00000084734	1.3029405927591051	1.3029405927591051	1.3029405927591051
AZD0530	ENSG00000081377	1.302845434508483	1.302845434508483	1.302845434508483
AZD0530	C15orf42	1.3024478281111693	1.3024478281111693	1.3024478281111693
AZD0530	ENSG00000185250	1.3024209957798798	1.3024209957798798	1.3024209957798798
AZD0530	ENSG00000204946	1.3023746752372802	1.3023746752372802	1.3023746752372802
AZD0530	ENSG00000145088	1.3023591127694578	1.3023591127694578	1.3023591127694578
AZD0530	ENSG00000198723	1.302205711102689	1.302205711102689	1.302205711102689
AZD0530	ENSG00000188050	1.3021383229052794	1.3021383229052794	1.3021383229052794
AZD0530	ENSG00000141965	1.302089059376728	1.302089059376728	1.302089059376728
AZD0530	ENSG00000116641	1.3020313210749965	1.3020313210749965	1.3020313210749965
AZD0530	ENSG00000104689	1.301855418162959	1.301855418162959	1.301855418162959
AZD0530	ENSG00000176358	1.3017830573385958	1.3017830573385958	1.3017830573385958
AZD0530	ENSG00000164309	1.3017184649776739	1.3017184649776739	1.3017184649776739
AZD0530	ENSG00000168002	1.3016784712528255	1.3016784712528255	1.3016784712528255
AZD0530	ENSG00000151812	1.3015804371103041	1.3015804371103041	1.3015804371103041
AZD0530	ENSG00000101166	1.3013916480714465	1.3013916480714465	1.3013916480714465
AZD0530	ENSG00000119383	1.300954153324866	1.300954153324866	1.300954153324866
AZD0530	ENSG00000157064	1.3007548808532416	1.3007548808532416	1.3007548808532416
AZD0530	ENSG00000183347	1.3006454440697952	1.3006454440697952	1.3006454440697952
AZD0530	ENSG00000087116	1.300543397158981	1.300543397158981	1.300543397158981
AZD0530	KIAA0664L3	1.3003319009849315	1.3003319009849315	1.3003319009849315
AZD0530	ENSG00000131746	1.2999768623042356	1.2999768623042356	1.2999768623042356
AZD0530	ENSG00000147509	1.2998798420214823	1.2998798420214823	1.2998798420214823
AZD0530	ENSG00000133246	1.2997993068537623	1.2997993068537623	1.2997993068537623
AZD0530	ENSG00000010165	1.299746082989664	1.299746082989664	1.299746082989664
AZD0530	ENSG00000178394	1.299468238871387	1.299468238871387	1.299468238871387
AZD0530	LOC286370	1.2991710020289333	1.2991710020289333	1.2991710020289333
AZD0530	ENSG00000004660	1.2990169003327676	1.2990169003327676	1.2990169003327676
AZD0530	ENSG00000174851	1.298781908248157	1.298781908248157	1.298781908248157
AZD0530	ENSG00000112149	1.2987729444661356	1.2987729444661356	1.2987729444661356
AZD0530	ENSG00000108576	1.2986550706696092	1.2986550706696092	1.2986550706696092
AZD0530	ENSG00000125245	1.2986250533574786	1.2986250533574786	1.2986250533574786
AZD0530	ENSG00000128594	1.2985072354582006	1.2985072354582006	1.2985072354582006
AZD0530	ENSG00000169994	1.298473876121312	1.298473876121312	1.298473876121312
AZD0530	ENSG00000058673	1.2983422233854582	1.2983422233854582	1.2983422233854582
AZD0530	ENSG00000108830	1.2982543646329443	1.2982543646329443	1.2982543646329443
AZD0530	ENSG00000136827	1.297999765542882	1.297999765542882	1.297999765542882
AZD0530	ENSG00000180185	1.29788234162459	1.29788234162459	1.29788234162459
AZD0530	ENSG00000140395	1.297674421463486	1.297674421463486	1.297674421463486
AZD0530	LOC100505920	1.2975468517260156	1.2975468517260156	1.2975468517260156
AZD0530	ENSG00000277421	1.2971725310703823	1.2971725310703823	1.2971725310703823
AZD0530	ENSG00000025434	1.2970180824642348	1.2970180824642348	1.2970180824642348
AZD0530	TENC1	1.2969145388775776	1.2969145388775776	1.2969145388775776
AZD0530	ENSG00000174371	1.2969112813225017	1.2969112813225017	1.2969112813225017
AZD0530	ENSG00000261862	1.2962085641477705	1.2962085641477705	1.2962085641477705
AZD0530	ENSG00000132932	1.2958666557824023	1.2958666557824023	1.2958666557824023
AZD0530	ENSG00000160961	1.2957858361730858	1.2957858361730858	1.2957858361730858
AZD0530	ENSG00000064692	1.295607817319627	1.295607817319627	1.295607817319627
AZD0530	ENSG00000256660	1.295519363773907	1.295519363773907	1.295519363773907
AZD0530	ENSG00000226763	1.2950890367866452	1.2950890367866452	1.2950890367866452
AZD0530	LOC338799	1.2948336483597755	1.2948336483597755	1.2948336483597755
AZD0530	ENSG00000175489	1.294593073253798	1.294593073253798	1.294593073253798
AZD0530	ENSG00000072609	1.2945833636255475	1.2945833636255475	1.2945833636255475
AZD0530	ENSG00000179826	1.2945791417745274	1.2945791417745274	1.2945791417745274
AZD0530	ENSG00000102109	1.294443469058559	1.294443469058559	1.294443469058559
AZD0530	ENSG00000165996	1.2943505651808793	1.2943505651808793	1.2943505651808793
AZD0530	ENSG00000116729	1.2943342111403362	1.2943342111403362	1.2943342111403362
AZD0530	ENSG00000134243	1.294264186598811	1.294264186598811	1.294264186598811
AZD0530	ENSG00000099783	1.294160248273462	1.294160248273462	1.294160248273462
AZD0530	LOC100506068	1.2940521690934617	1.2940521690934617	1.2940521690934617
AZD0530	ENSG00000164828	1.2940149360141922	1.2940149360141922	1.2940149360141922
AZD0530	ENSG00000196544	1.2940064301772614	1.2940064301772614	1.2940064301772614
AZD0530	ENSG00000158246	1.2938982139128081	1.2938982139128081	1.2938982139128081
AZD0530	LRG_51	1.293793998020364	1.293793998020364	1.293793998020364
AZD0530	ENSG00000163359	1.2937701386180025	1.2937701386180025	1.2937701386180025
AZD0530	ENSG00000042445	1.293737179272859	1.293737179272859	1.293737179272859
AZD0530	ENSG00000109670	1.2935835661293478	1.2935835661293478	1.2935835661293478
AZD0530	ENSG00000102189	1.2933560045389292	1.2933560045389292	1.2933560045389292
AZD0530	LRG_399	1.2932816643102611	1.2932816643102611	1.2932816643102611
AZD0530	ENSG00000214253	1.292665917825043	1.292665917825043	1.292665917825043
AZD0530	ENSG00000167117	1.292660929917211	1.292660929917211	1.292660929917211
AZD0530	ENSG00000119431	1.29256918091321	1.29256918091321	1.29256918091321
AZD0530	ENSG00000140030	1.2918779518242554	1.2918779518242554	1.2918779518242554
AZD0530	ENSG00000146701	1.291822575148271	1.291822575148271	1.291822575148271
AZD0530	ENSG00000158158	1.2917593606823157	1.2917593606823157	1.2917593606823157
AZD0530	ENSG00000145103	1.2917539219794094	1.2917539219794094	1.2917539219794094
AZD0530	ENSG00000046604	1.2915492771764754	1.2915492771764754	1.2915492771764754
AZD0530	ENSG00000137449	1.2915385441789706	1.2915385441789706	1.2915385441789706
AZD0530	ENSG00000104967	1.291502581127865	1.291502581127865	1.291502581127865
AZD0530	ENSG00000063127	1.2914275379797997	1.2914275379797997	1.2914275379797997
AZD0530	ENSG00000211659	1.2909895663979012	1.2909895663979012	1.2909895663979012
AZD0530	ENSG00000170782	1.2908980151994056	1.2908980151994056	1.2908980151994056
AZD0530	ENSG00000163254	1.290730505642262	1.290730505642262	1.290730505642262
AZD0530	ENSG00000198692	1.2906575257231512	1.2906575257231512	1.2906575257231512
AZD0530	ENSG00000126337	1.290407938828406	1.290407938828406	1.290407938828406
AZD0530	ENSG00000187416	1.2904022600847267	1.2904022600847267	1.2904022600847267
AZD0530	ENSG00000198873	1.2902574689231987	1.2902574689231987	1.2902574689231987
AZD0530	ENSG00000176871	1.2902124478847885	1.2902124478847885	1.2902124478847885
AZD0530	LOC100507579	1.2901260805231485	1.2901260805231485	1.2901260805231485
AZD0530	LOC100506059	1.2901012247304402	1.2901012247304402	1.2901012247304402
AZD0530	ENSG00000255072	1.2898766249354154	1.2898766249354154	1.2898766249354154
AZD0530	ENSG00000162607	1.289596328875259	1.289596328875259	1.289596328875259
AZD0530	ENSG00000162520	1.2895956468822003	1.2895956468822003	1.2895956468822003
AZD0530	ENSG00000161647	1.289511709690048	1.289511709690048	1.289511709690048
AZD0530	ENSG00000151461	1.289445055485368	1.289445055485368	1.289445055485368
AZD0530	ENSG00000183273	1.2892060381954682	1.2892060381954682	1.2892060381954682
AZD0530	ENSG00000115183	1.2890805842208597	1.2890805842208597	1.2890805842208597
AZD0530	ENSG00000185220	1.2889814048364459	1.2889814048364459	1.2889814048364459
AZD0530	ENSG00000170279	1.2888563023542516	1.2888563023542516	1.2888563023542516
AZD0530	ENSG00000173208	1.2885508024853236	1.2885508024853236	1.2885508024853236
AZD0530	ENSG00000172508	1.2884800574641344	1.2884800574641344	1.2884800574641344
AZD0530	ENSG00000164430	1.2883858773800612	1.2883858773800612	1.2883858773800612
AZD0530	ENSG00000182264	1.2879499091565014	1.2879499091565014	1.2879499091565014
AZD0530	ENSG00000163646	1.287931150455312	1.287931150455312	1.287931150455312
AZD0530	ENSG00000101888	1.2877155603334767	1.2877155603334767	1.2877155603334767
AZD0530	LRG_66	1.2875228410382322	1.2875228410382322	1.2875228410382322
AZD0530	ENSG00000128654	1.2872862693654343	1.2872862693654343	1.2872862693654343
AZD0530	ENSG00000020633	1.2870043945525211	1.2870043945525211	1.2870043945525211
AZD0530	ENSG00000121274	1.2869844459487882	1.2869844459487882	1.2869844459487882
AZD0530	ENSG00000163481	1.2867767952849636	1.2867767952849636	1.2867767952849636
AZD0530	ENSG00000068078	1.2866909895205247	1.2866909895205247	1.2866909895205247
AZD0530	TRY6	1.2866477151566196	1.2866477151566196	1.2866477151566196
AZD0530	ENSG00000075388	1.2866457191747098	1.2866457191747098	1.2866457191747098
AZD0530	ENSG00000169592	1.2866265038734692	1.2866265038734692	1.2866265038734692
AZD0530	ENSG00000152520	1.286601801524024	1.286601801524024	1.286601801524024
AZD0530	ENSG00000154188	1.2865881083936601	1.2865881083936601	1.2865881083936601
AZD0530	ENSG00000152822	1.2865304928570032	1.2865304928570032	1.2865304928570032
AZD0530	ENSG00000139644	1.2864488827368952	1.2864488827368952	1.2864488827368952
AZD0530	ENSG00000170473	1.2863824336548644	1.2863824336548644	1.2863824336548644
AZD0530	ENSG00000160183	1.2861785799457437	1.2861785799457437	1.2861785799457437
AZD0530	ENSG00000122482	1.2859658147300552	1.2859658147300552	1.2859658147300552
AZD0530	ENSG00000110721	1.2859644682470621	1.2859644682470621	1.2859644682470621
AZD0530	ENSG00000173093	1.2858540378278749	1.2858540378278749	1.2858540378278749
AZD0530	FLJ44054	1.2857706473140569	1.2857706473140569	1.2857706473140569
AZD0530	ENSG00000155324	1.2854748207972035	1.2854748207972035	1.2854748207972035
AZD0530	C19orf55	1.2854218322080018	1.2854218322080018	1.2854218322080018
AZD0530	ENSG00000183963	1.285321759058639	1.285321759058639	1.285321759058639
AZD0530	ENSG00000173409	1.2853159579135631	1.2853159579135631	1.2853159579135631
AZD0530	ENSG00000160214	1.2851925601464431	1.2851925601464431	1.2851925601464431
AZD0530	ENSG00000129226	1.2845917137415777	1.2845917137415777	1.2845917137415777
AZD0530	ENSG00000153207	1.2845679324161754	1.2845679324161754	1.2845679324161754
AZD0530	ENSG00000137203	1.2844527671870474	1.2844527671870474	1.2844527671870474
AZD0530	ENSG00000106013	1.2843978087365164	1.2843978087365164	1.2843978087365164
AZD0530	ENSG00000078902	1.2843766826049898	1.2843766826049898	1.2843766826049898
AZD0530	ENSG00000058262	1.28437463557658	1.28437463557658	1.28437463557658
AZD0530	ENSG00000169604	1.2843723972092875	1.2843723972092875	1.2843723972092875
AZD0530	ENSG00000177519	1.2843178686651482	1.2843178686651482	1.2843178686651482
AZD0530	ENSG00000198000	1.2841073226156186	1.2841073226156186	1.2841073226156186
AZD0530	ENSG00000179348	1.2840895272244708	1.2840895272244708	1.2840895272244708
AZD0530	ENSG00000114923	1.2840530020581462	1.2840530020581462	1.2840530020581462
AZD0530	ENSG00000167535	1.2839830488625699	1.2839830488625699	1.2839830488625699
AZD0530	ENSG00000064218	1.2838795512662722	1.2838795512662722	1.2838795512662722
AZD0530	ENSG00000011105	1.2837137311637226	1.2837137311637226	1.2837137311637226
AZD0530	ENSG00000125967	1.2835868897917924	1.2835868897917924	1.2835868897917924
AZD0530	ENSG00000159873	1.2834553076533266	1.2834553076533266	1.2834553076533266
AZD0530	LRG_494	1.283273261094364	1.283273261094364	1.283273261094364
AZD0530	ENSG00000165752	1.282794491908033	1.282794491908033	1.282794491908033
AZD0530	ENSG00000112902	1.2824935441831011	1.2824935441831011	1.2824935441831011
AZD0530	ENSG00000197102	1.2824383144238818	1.2824383144238818	1.2824383144238818
AZD0530	ENSG00000184014	1.2821949097975904	1.2821949097975904	1.2821949097975904
AZD0530	ENSG00000174903	1.2821006137495508	1.2821006137495508	1.2821006137495508
AZD0530	ENSG00000066382	1.2818189445310288	1.2818189445310288	1.2818189445310288
AZD0530	ENSG00000163803	1.281652821553158	1.281652821553158	1.281652821553158
AZD0530	ENSG00000131351	1.2815881255640296	1.2815881255640296	1.2815881255640296
AZD0530	ENSG00000277893	1.2814496346625979	1.2814496346625979	1.2814496346625979
AZD0530	ENSG00000183060	1.2812122608476058	1.2812122608476058	1.2812122608476058
AZD0530	ENSG00000125814	1.281054018787639	1.281054018787639	1.281054018787639
AZD0530	ENSG00000164406	1.2810027821683239	1.2810027821683239	1.2810027821683239
AZD0530	ENSG00000244607	1.2808570615045474	1.2808570615045474	1.2808570615045474
AZD0530	LRG_246	1.280792832368389	1.280792832368389	1.280792832368389
AZD0530	ENSG00000171984	1.2807104626798678	1.2807104626798678	1.2807104626798678
AZD0530	ENSG00000151729	1.2800907002766773	1.2800907002766773	1.2800907002766773
AZD0530	ENSG00000174898	1.2800660988368224	1.2800660988368224	1.2800660988368224
AZD0530	ENSG00000197119	1.2800536745984084	1.2800536745984084	1.2800536745984084
AZD0530	ENSG00000125843	1.2800119028351677	1.2800119028351677	1.2800119028351677
AZD0530	ENSG00000250479	1.2798075325311298	1.2798075325311298	1.2798075325311298
AZD0530	ENSG00000162896	1.279667796332032	1.279667796332032	1.279667796332032
AZD0530	FLJ14107	1.2796468029691888	1.2796468029691888	1.2796468029691888
AZD0530	ENSG00000156218	1.2795097498323003	1.2795097498323003	1.2795097498323003
AZD0530	ENSG00000177558	1.2793677791875409	1.2793677791875409	1.2793677791875409
AZD0530	ENSG00000109519	1.2792078421384705	1.2792078421384705	1.2792078421384705
AZD0530	ENSG00000165819	1.2790928516333153	1.2790928516333153	1.2790928516333153
AZD0530	ENSG00000176153	1.2789181785212085	1.2789181785212085	1.2789181785212085
AZD0530	ENSG00000188107	1.2788667451348696	1.2788667451348696	1.2788667451348696
AZD0530	ENSG00000275498	1.2788524629064069	1.2788524629064069	1.2788524629064069
AZD0530	ENSG00000099256	1.2784263148042385	1.2784263148042385	1.2784263148042385
AZD0530	ENSG00000176595	1.278391210058714	1.278391210058714	1.278391210058714
AZD0530	ENSG00000145675	1.2783812647623058	1.2783812647623058	1.2783812647623058
AZD0530	ENSG00000146281	1.2783318146464886	1.2783318146464886	1.2783318146464886
AZD0530	ENSG00000197937	1.2780773495204991	1.2780773495204991	1.2780773495204991
AZD0530	ENSG00000106477	1.2780099175773958	1.2780099175773958	1.2780099175773958
AZD0530	ENSG00000114098	1.2779777899193367	1.2779777899193367	1.2779777899193367
AZD0530	LOC100130700	1.2778567591180128	1.2778567591180128	1.2778567591180128
AZD0530	ENSG00000137561	1.277844747113451	1.277844747113451	1.277844747113451
AZD0530	ENSG00000064932	1.2776683593713072	1.2776683593713072	1.2776683593713072
AZD0530	ENSG00000087237	1.2776232024666665	1.2776232024666665	1.2776232024666665
AZD0530	ENSG00000112414	1.2776159822689113	1.2776159822689113	1.2776159822689113
AZD0530	ENSG00000149743	1.277607926683905	1.277607926683905	1.277607926683905
AZD0530	ENSG00000221946	1.277532028266469	1.277532028266469	1.277532028266469
AZD0530	ENSG00000160993	1.277404149782967	1.277404149782967	1.277404149782967
AZD0530	ENSG00000172175	1.2773703729330135	1.2773703729330135	1.2773703729330135
AZD0530	ENSG00000173482	1.2773120255025536	1.2773120255025536	1.2773120255025536
AZD0530	ENSG00000156482	1.277285470572419	1.277285470572419	1.277285470572419
AZD0530	ENSG00000167077	1.2770793185910883	1.2770793185910883	1.2770793185910883
AZD0530	ENSG00000105607	1.276993359245946	1.276993359245946	1.276993359245946
AZD0530	ENSG00000131981	1.2768120856220935	1.2768120856220935	1.2768120856220935
AZD0530	ENSG00000116266	1.276473764241246	1.276473764241246	1.276473764241246
AZD0530	ENSG00000073067	1.2763472641979559	1.2763472641979559	1.2763472641979559
AZD0530	ENSG00000111537	1.2762083327338263	1.2762083327338263	1.2762083327338263
AZD0530	LOC100505555	1.2761019634863224	1.2761019634863224	1.2761019634863224
AZD0530	ENSG00000127663	1.275844073859721	1.275844073859721	1.275844073859721
AZD0530	ENSG00000171320	1.2758225874492064	1.2758225874492064	1.2758225874492064
AZD0530	ENSG00000106948	1.2757720696633994	1.2757720696633994	1.2757720696633994
AZD0530	ENSG00000176783	1.275681352518534	1.275681352518534	1.275681352518534
AZD0530	ENSG00000147133	1.275629404458425	1.275629404458425	1.275629404458425
AZD0530	ENSG00000117090	1.2755306556281572	1.2755306556281572	1.2755306556281572
AZD0530	ENSG00000177051	1.2754697657181537	1.2754697657181537	1.2754697657181537
AZD0530	ENSG00000066468	1.2751683595897054	1.2751683595897054	1.2751683595897054
AZD0530	ENSG00000108352	1.2750517000270496	1.2750517000270496	1.2750517000270496
AZD0530	ENSG00000214415	1.2750417117787718	1.2750417117787718	1.2750417117787718
AZD0530	FAM108C1	1.274901248138639	1.274901248138639	1.274901248138639
AZD0530	ENSG00000186479	1.274858895201911	1.274858895201911	1.274858895201911
AZD0530	ENSG00000174953	1.2746692701584936	1.2746692701584936	1.2746692701584936
AZD0530	ENSG00000114656	1.2745449526960817	1.2745449526960817	1.2745449526960817
AZD0530	ENSG00000179813	1.2745174010319849	1.2745174010319849	1.2745174010319849
AZD0530	ENSG00000104853	1.274457057228072	1.274457057228072	1.274457057228072
AZD0530	ENSG00000164600	1.2743267837779908	1.2743267837779908	1.2743267837779908
AZD0530	ENSG00000164163	1.2742904354457891	1.2742904354457891	1.2742904354457891
AZD0530	ENSG00000198954	1.2741790038234733	1.2741790038234733	1.2741790038234733
AZD0530	ENSG00000148429	1.2741376549597863	1.2741376549597863	1.2741376549597863
AZD0530	ENSG00000168397	1.2740233234614895	1.2740233234614895	1.2740233234614895
AZD0530	ENSG00000177932	1.273851177748901	1.273851177748901	1.273851177748901
AZD0530	ENSG00000081041	1.2738179596201051	1.2738179596201051	1.2738179596201051
AZD0530	ENSG00000105186	1.2738157337420852	1.2738157337420852	1.2738157337420852
AZD0530	ENSG00000023902	1.273635199671216	1.273635199671216	1.273635199671216
AZD0530	ENSG00000108309	1.2735848609292373	1.2735848609292373	1.2735848609292373
AZD0530	ENSG00000128923	1.273484597649996	1.273484597649996	1.273484597649996
AZD0530	C20orf151	1.2734189493638186	1.2734189493638186	1.2734189493638186
AZD0530	ENSG00000147465	1.273354416166904	1.273354416166904	1.273354416166904
AZD0530	ENSG00000180155	1.2732354897315543	1.2732354897315543	1.2732354897315543
AZD0530	ENSG00000095587	1.273197356397654	1.273197356397654	1.273197356397654
AZD0530	ENSG00000091947	1.273190558704885	1.273190558704885	1.273190558704885
AZD0530	ENSG00000254838	1.2729777658824892	1.2729777658824892	1.2729777658824892
AZD0530	ENSG00000251247	1.2728826977655265	1.2728826977655265	1.2728826977655265
AZD0530	ENSG00000187969	1.2728694518653927	1.2728694518653927	1.2728694518653927
AZD0530	ENSG00000138101	1.272830413756617	1.272830413756617	1.272830413756617
AZD0530	ENSG00000112996	1.2725897866029323	1.2725897866029323	1.2725897866029323
AZD0530	ENSG00000110344	1.2725859996152282	1.2725859996152282	1.2725859996152282
AZD0530	ENSG00000169221	1.272304891365134	1.272304891365134	1.272304891365134
AZD0530	ENSG00000197928	1.2723024275660038	1.2723024275660038	1.2723024275660038
AZD0530	ENSG00000151687	1.272254130815699	1.272254130815699	1.272254130815699
AZD0530	ENSG00000254349	1.2721312090655288	1.2721312090655288	1.2721312090655288
AZD0530	ENSG00000082212	1.271893416090098	1.271893416090098	1.271893416090098
AZD0530	ENSG00000161265	1.2718057638718212	1.2718057638718212	1.2718057638718212
AZD0530	ENSG00000198816	1.2717819344761883	1.2717819344761883	1.2717819344761883
AZD0530	ENSG00000095951	1.2717301094659448	1.2717301094659448	1.2717301094659448
AZD0530	ENSG00000145016	1.2717007762930042	1.2717007762930042	1.2717007762930042
AZD0530	ENSG00000029363	1.2715656960339166	1.2715656960339166	1.2715656960339166
AZD0530	ENSG00000109265	1.2713844393233027	1.2713844393233027	1.2713844393233027
AZD0530	ENSG00000123131	1.271060287104732	1.271060287104732	1.271060287104732
AZD0530	ENSG00000065621	1.2709664668504308	1.2709664668504308	1.2709664668504308
AZD0530	ENSG00000101464	1.2709100558897541	1.2709100558897541	1.2709100558897541
AZD0530	ENSG00000113761	1.2708082334432873	1.2708082334432873	1.2708082334432873
AZD0530	ENSG00000158793	1.2703297735431827	1.2703297735431827	1.2703297735431827
AZD0530	ENSG00000197124	1.270315436878159	1.270315436878159	1.270315436878159
AZD0530	ENSG00000040199	1.2703080194815473	1.2703080194815473	1.2703080194815473
AZD0530	ENSG00000182704	1.2701475220748581	1.2701475220748581	1.2701475220748581
AZD0530	ENSG00000125995	1.2701236575390618	1.2701236575390618	1.2701236575390618
AZD0530	ENSG00000079156	1.2698029307377574	1.2698029307377574	1.2698029307377574
AZD0530	ENSG00000146192	1.2697952810401483	1.2697952810401483	1.2697952810401483
AZD0530	ENSG00000168701	1.2697578442397328	1.2697578442397328	1.2697578442397328
AZD0530	ENSG00000147408	1.2694598311459209	1.2694598311459209	1.2694598311459209
AZD0530	ENSG00000058404	1.269352055207602	1.269352055207602	1.269352055207602
AZD0530	ENSG00000163141	1.2692122572853952	1.2692122572853952	1.2692122572853952
AZD0530	ENSG00000276982	1.2689880897364478	1.2689880897364478	1.2689880897364478
AZD0530	ENSG00000236834	1.2689237833597455	1.2689237833597455	1.2689237833597455
AZD0530	ENSG00000108439	1.2687969479041212	1.2687969479041212	1.2687969479041212
AZD0530	ENSG00000119714	1.2687760476329972	1.2687760476329972	1.2687760476329972
AZD0530	ENSG00000155833	1.2686770959467015	1.2686770959467015	1.2686770959467015
AZD0530	ENSG00000169894	1.2684572730795596	1.2684572730795596	1.2684572730795596
AZD0530	ENSG00000167104	1.268286012936813	1.268286012936813	1.268286012936813
AZD0530	ENSG00000035681	1.2682421936417732	1.2682421936417732	1.2682421936417732
AZD0530	ENSG00000137801	1.2682296397078594	1.2682296397078594	1.2682296397078594
AZD0530	LOC729059	1.268184529454244	1.268184529454244	1.268184529454244
AZD0530	LOC100652850	1.2678608755991003	1.2678608755991003	1.2678608755991003
AZD0530	ENSG00000131668	1.267439332859884	1.267439332859884	1.267439332859884
AZD0530	ENSG00000183520	1.2673334890370522	1.2673334890370522	1.2673334890370522
AZD0530	LOC100507111	1.266731526009844	1.266731526009844	1.266731526009844
AZD0530	HNRPLL	1.2662430340345787	1.2662430340345787	1.2662430340345787
AZD0530	ENSG00000114349	1.2659481957540664	1.2659481957540664	1.2659481957540664
AZD0530	ENSG00000163541	1.265892624782301	1.265892624782301	1.265892624782301
AZD0530	ENSG00000073756	1.2657021168242786	1.2657021168242786	1.2657021168242786
AZD0530	ENSG00000196083	1.2655775964787301	1.2655775964787301	1.2655775964787301
AZD0530	ENSG00000185046	1.2653846560762996	1.2653846560762996	1.2653846560762996
AZD0530	ENSG00000186998	1.2647883676576044	1.2647883676576044	1.2647883676576044
AZD0530	ENSG00000166352	1.264710795677396	1.264710795677396	1.264710795677396
AZD0530	ENSG00000100558	1.2646094070904361	1.2646094070904361	1.2646094070904361
AZD0530	ENSG00000114670	1.2645334224074773	1.2645334224074773	1.2645334224074773
AZD0530	ENSG00000159199	1.2645016687081403	1.2645016687081403	1.2645016687081403
AZD0530	ENSG00000165476	1.2644873960675866	1.2644873960675866	1.2644873960675866
AZD0530	ENSG00000278812	1.2642275871185498	1.2642275871185498	1.2642275871185498
AZD0530	ENSG00000028277	1.264139092470971	1.264139092470971	1.264139092470971
AZD0530	ENSG00000130810	1.2638460009455517	1.2638460009455517	1.2638460009455517
AZD0530	ENSG00000196150	1.2634252249160893	1.2634252249160893	1.2634252249160893
AZD0530	ENSG00000188404	1.2632665746276959	1.2632665746276959	1.2632665746276959
AZD0530	ENSG00000142444	1.2629777337516945	1.2629777337516945	1.2629777337516945
AZD0530	RGNEF	1.2629555637961132	1.2629555637961132	1.2629555637961132
AZD0530	ENSG00000134258	1.262934434430961	1.262934434430961	1.262934434430961
AZD0530	ENSG00000205649	1.2627876833757412	1.2627876833757412	1.2627876833757412
AZD0530	LOC100286925	1.2627299592739545	1.2627299592739545	1.2627299592739545
AZD0530	FAM158A	1.2627122206877408	1.2627122206877408	1.2627122206877408
AZD0530	ENSG00000187957	1.262614873165198	1.262614873165198	1.262614873165198
AZD0530	ENSG00000164466	1.2625615753640145	1.2625615753640145	1.2625615753640145
AZD0530	ENSG00000122779	1.2625048165190964	1.2625048165190964	1.2625048165190964
AZD0530	ENSG00000153975	1.2623785955692604	1.2623785955692604	1.2623785955692604
AZD0530	ENSG00000117226	1.2621817318264779	1.2621817318264779	1.2621817318264779
AZD0530	ENSG00000106399	1.26211065285489	1.26211065285489	1.26211065285489
AZD0530	ENSG00000123094	1.2621027945105139	1.2621027945105139	1.2621027945105139
AZD0530	ENSG00000160746	1.2619314794675474	1.2619314794675474	1.2619314794675474
AZD0530	ENSG00000168481	1.2616845812646316	1.2616845812646316	1.2616845812646316
AZD0530	ENSG00000115459	1.2616599691847146	1.2616599691847146	1.2616599691847146
AZD0530	LOC100652972	1.2616365013960946	1.2616365013960946	1.2616365013960946
AZD0530	ENSG00000113108	1.261588697937894	1.261588697937894	1.261588697937894
AZD0530	ENSG00000159840	1.2615640456784538	1.2615640456784538	1.2615640456784538
AZD0530	ENSG00000171049	1.2614934977480516	1.2614934977480516	1.2614934977480516
AZD0530	ENSG00000171817	1.261488229245361	1.261488229245361	1.261488229245361
AZD0530	ENSG00000213139	1.2611941293850757	1.2611941293850757	1.2611941293850757
AZD0530	LOC100652912	1.261181612671986	1.261181612671986	1.261181612671986
AZD0530	ENSG00000184205	1.2610606852070236	1.2610606852070236	1.2610606852070236
AZD0530	C21orf88	1.2609733905705975	1.2609733905705975	1.2609733905705975
AZD0530	ENSG00000151500	1.2607152371191912	1.2607152371191912	1.2607152371191912
AZD0530	ENSG00000179820	1.2605110787663443	1.2605110787663443	1.2605110787663443
AZD0530	ENSG00000105339	1.260387638574027	1.260387638574027	1.260387638574027
AZD0530	ENSG00000101213	1.2600420162003505	1.2600420162003505	1.2600420162003505
AZD0530	ENSG00000130768	1.2599359057088946	1.2599359057088946	1.2599359057088946
AZD0530	ENSG00000128604	1.2597970689669302	1.2597970689669302	1.2597970689669302
AZD0530	C1orf212	1.259660330410399	1.259660330410399	1.259660330410399
AZD0530	LOC100506642	1.2595483641817289	1.2595483641817289	1.2595483641817289
AZD0530	ENSG00000169891	1.2594182910105742	1.2594182910105742	1.2594182910105742
AZD0530	ENSG00000141759	1.2593443443735004	1.2593443443735004	1.2593443443735004
AZD0530	ENSG00000178773	1.2591457946346039	1.2591457946346039	1.2591457946346039
AZD0530	ENSG00000110756	1.2590801362292743	1.2590801362292743	1.2590801362292743
AZD0530	LOC219347	1.2590261583376576	1.2590261583376576	1.2590261583376576
AZD0530	ENSG00000117305	1.2589511638351074	1.2589511638351074	1.2589511638351074
AZD0530	LRG_183	1.2589428051475426	1.2589428051475426	1.2589428051475426
AZD0530	ENSG00000167173	1.258937827171013	1.258937827171013	1.258937827171013
AZD0530	ENSG00000104369	1.258790848352334	1.258790848352334	1.258790848352334
AZD0530	ENSG00000143819	1.2587851776721353	1.2587851776721353	1.2587851776721353
AZD0530	ENSG00000140107	1.2586272805469527	1.2586272805469527	1.2586272805469527
AZD0530	ENSG00000198719	1.258534530325519	1.258534530325519	1.258534530325519
AZD0530	ENSG00000133275	1.2582490303004128	1.2582490303004128	1.2582490303004128
AZD0530	ENSG00000135502	1.2581899121820879	1.2581899121820879	1.2581899121820879
AZD0530	ENSG00000254531	1.2576784383150068	1.2576784383150068	1.2576784383150068
AZD0530	ENSG00000165733	1.2575704787907223	1.2575704787907223	1.2575704787907223
AZD0530	LOC285326	1.2575530941408959	1.2575530941408959	1.2575530941408959
AZD0530	ENSG00000131966	1.257437494338531	1.257437494338531	1.257437494338531
AZD0530	ENSG00000168803	1.257218568161217	1.257218568161217	1.257218568161217
AZD0530	ENSG00000233237	1.2570902168834708	1.2570902168834708	1.2570902168834708
AZD0530	ENSG00000155897	1.257018736751481	1.257018736751481	1.257018736751481
AZD0530	C16orf3	1.2566502429543807	1.2566502429543807	1.2566502429543807
AZD0530	LOC100652765	1.2564471098747434	1.2564471098747434	1.2564471098747434
AZD0530	ENSG00000154258	1.2564419490344942	1.2564419490344942	1.2564419490344942
AZD0530	ENSG00000174944	1.2564405380614714	1.2564405380614714	1.2564405380614714
AZD0530	ENSG00000211751	1.2563536360546108	1.2563536360546108	1.2563536360546108
AZD0530	ENSG00000106591	1.2563474691588068	1.2563474691588068	1.2563474691588068
AZD0530	ENSG00000076604	1.2563144645690976	1.2563144645690976	1.2563144645690976
AZD0530	ENSG00000105983	1.2561406232548733	1.2561406232548733	1.2561406232548733
AZD0530	ENSG00000128805	1.2558475502961455	1.2558475502961455	1.2558475502961455
AZD0530	ENSG00000129055	1.2557860770097151	1.2557860770097151	1.2557860770097151
AZD0530	ENSG00000091972	1.2556441505539984	1.2556441505539984	1.2556441505539984
AZD0530	ENSG00000016082	1.2555830805249397	1.2555830805249397	1.2555830805249397
AZD0530	ENSG00000117419	1.2555822352997694	1.2555822352997694	1.2555822352997694
AZD0530	ENSG00000006282	1.2552976085460013	1.2552976085460013	1.2552976085460013
AZD0530	ENSG00000163605	1.2550718939666599	1.2550718939666599	1.2550718939666599
AZD0530	ENSG00000164610	1.255061863754122	1.255061863754122	1.255061863754122
AZD0530	ENSG00000122729	1.2550172774003114	1.2550172774003114	1.2550172774003114
AZD0530	ENSG00000126562	1.2549459071699436	1.2549459071699436	1.2549459071699436
AZD0530	ENSG00000186765	1.254892418451268	1.254892418451268	1.254892418451268
AZD0530	ENSG00000156140	1.2547662250272633	1.2547662250272633	1.2547662250272633
AZD0530	ENSG00000123268	1.2545586617788256	1.2545586617788256	1.2545586617788256
AZD0530	ENSG00000226913	1.254247344685554	1.254247344685554	1.254247344685554
AZD0530	ENSG00000131323	1.2542104075744556	1.2542104075744556	1.2542104075744556
AZD0530	ENSG00000111644	1.2539774293773651	1.2539774293773651	1.2539774293773651
AZD0530	ENSG00000101745	1.253951332528013	1.253951332528013	1.253951332528013
AZD0530	ENSG00000164893	1.2537688516953556	1.2537688516953556	1.2537688516953556
AZD0530	ENSG00000275395	1.2537410582830746	1.2537410582830746	1.2537410582830746
AZD0530	ENSG00000105479	1.2532951337247642	1.2532951337247642	1.2532951337247642
AZD0530	ENSG00000203880	1.2532563193904258	1.2532563193904258	1.2532563193904258
AZD0530	ENSG00000109832	1.2530788764648753	1.2530788764648753	1.2530788764648753
AZD0530	ENSG00000135018	1.252783429072159	1.252783429072159	1.252783429072159
AZD0530	ENSG00000139998	1.2527724557632343	1.2527724557632343	1.2527724557632343
AZD0530	ENSG00000197989	1.2526661084168143	1.2526661084168143	1.2526661084168143
AZD0530	ENSG00000105072	1.2523862722527848	1.2523862722527848	1.2523862722527848
AZD0530	ENSG00000118900	1.2523115767678734	1.2523115767678734	1.2523115767678734
AZD0530	ENSG00000187736	1.2523077249860226	1.2523077249860226	1.2523077249860226
AZD0530	ENSG00000006071	1.2522873696438601	1.2522873696438601	1.2522873696438601
AZD0530	ENSG00000117525	1.2519746766957174	1.2519746766957174	1.2519746766957174
AZD0530	ENSG00000159650	1.2519287530396985	1.2519287530396985	1.2519287530396985
AZD0530	ENSG00000143954	1.2518413610602572	1.2518413610602572	1.2518413610602572
AZD0530	ENSG00000162775	1.2516812731067941	1.2516812731067941	1.2516812731067941
AZD0530	LOC100272217	1.2513907117598082	1.2513907117598082	1.2513907117598082
AZD0530	ENSG00000134278	1.2513167065037523	1.2513167065037523	1.2513167065037523
AZD0530	ENSG00000180198	1.2512626764814905	1.2512626764814905	1.2512626764814905
AZD0530	ENSG00000111907	1.2510319689119573	1.2510319689119573	1.2510319689119573
AZD0530	LOC389458	1.2510065473871812	1.2510065473871812	1.2510065473871812
AZD0530	ENSG00000137575	1.250876059973078	1.250876059973078	1.250876059973078
AZD0530	ENSG00000197057	1.2507357698365118	1.2507357698365118	1.2507357698365118
AZD0530	ENSG00000164944	1.2505861954005086	1.2505861954005086	1.2505861954005086
AZD0530	LOC100506802	1.2504571524608556	1.2504571524608556	1.2504571524608556
AZD0530	ENSG00000140465	1.2501368768635237	1.2501368768635237	1.2501368768635237
AZD0530	ENSG00000180902	1.2498386485842006	1.2498386485842006	1.2498386485842006
AZD0530	LRG_174	1.249799175939397	1.249799175939397	1.249799175939397
AZD0530	ENSG00000275099	1.2497282739802262	1.2497282739802262	1.2497282739802262
AZD0530	ENSG00000173917	1.2496643194183807	1.2496643194183807	1.2496643194183807
AZD0530	ENSG00000114405	1.2494409339078068	1.2494409339078068	1.2494409339078068
AZD0530	ENSG00000159069	1.2493894825503733	1.2493894825503733	1.2493894825503733
AZD0530	ENSG00000174038	1.2492960790452463	1.2492960790452463	1.2492960790452463
AZD0530	ENSG00000113205	1.2492946601038852	1.2492946601038852	1.2492946601038852
AZD0530	ENSG00000118492	1.249162077881623	1.249162077881623	1.249162077881623
AZD0530	ENSG00000183111	1.2488721837477887	1.2488721837477887	1.2488721837477887
AZD0530	ENSG00000198944	1.2487054412661802	1.2487054412661802	1.2487054412661802
AZD0530	ENSG00000110876	1.2484013855508382	1.2484013855508382	1.2484013855508382
AZD0530	ENSG00000147251	1.2483125982913035	1.2483125982913035	1.2483125982913035
AZD0530	ENSG00000180697	1.248279932126784	1.248279932126784	1.248279932126784
AZD0530	ENSG00000173227	1.2482750007555619	1.2482750007555619	1.2482750007555619
AZD0530	ENSG00000124006	1.2482119728760084	1.2482119728760084	1.2482119728760084
AZD0530	ENSG00000071539	1.2481208925593696	1.2481208925593696	1.2481208925593696
AZD0530	ENSG00000102271	1.2480839008497029	1.2480839008497029	1.2480839008497029
AZD0530	ENSG00000001461	1.2477817390796397	1.2477817390796397	1.2477817390796397
AZD0530	ENSG00000174332	1.2477649106617805	1.2477649106617805	1.2477649106617805
AZD0530	LOC283547	1.2476686018261318	1.2476686018261318	1.2476686018261318
AZD0530	ENSG00000205269	1.2476570738768702	1.2476570738768702	1.2476570738768702
AZD0530	ENSG00000106052	1.247545316032326	1.247545316032326	1.247545316032326
AZD0530	ENSG00000101098	1.2474256816877236	1.2474256816877236	1.2474256816877236
AZD0530	KIAA1731	1.2473550433568723	1.2473550433568723	1.2473550433568723
AZD0530	ENSG00000197483	1.2472999414233021	1.2472999414233021	1.2472999414233021
AZD0530	LOC100506813	1.2472943012635744	1.2472943012635744	1.2472943012635744
AZD0530	ENSG00000187024	1.2472318647589755	1.2472318647589755	1.2472318647589755
AZD0530	ENSG00000103472	1.246931596443509	1.246931596443509	1.246931596443509
AZD0530	ENSG00000051620	1.2468225282289191	1.2468225282289191	1.2468225282289191
AZD0530	ENSG00000169750	1.246628734176116	1.246628734176116	1.246628734176116
AZD0530	ENSG00000173928	1.2465756747694305	1.2465756747694305	1.2465756747694305
AZD0530	ENSG00000159784	1.2464290622479477	1.2464290622479477	1.2464290622479477
AZD0530	ENSG00000230679	1.246229485735097	1.246229485735097	1.246229485735097
AZD0530	ENSG00000214510	1.2461167848698889	1.2461167848698889	1.2461167848698889
AZD0530	ENSG00000134539	1.2460357188825095	1.2460357188825095	1.2460357188825095
AZD0530	ENSG00000177239	1.2459315321121622	1.2459315321121622	1.2459315321121622
AZD0530	ENSG00000105321	1.2458829362143786	1.2458829362143786	1.2458829362143786
AZD0530	ENSG00000125735	1.2457550473627872	1.2457550473627872	1.2457550473627872
AZD0530	ENSG00000145041	1.2456411982020452	1.2456411982020452	1.2456411982020452
AZD0530	ENSG00000104442	1.2455581136946943	1.2455581136946943	1.2455581136946943
AZD0530	LOC100507653	1.2452945541646157	1.2452945541646157	1.2452945541646157
AZD0530	ENSG00000022267	1.2452783129904543	1.2452783129904543	1.2452783129904543
AZD0530	ENSG00000197959	1.2452117589460148	1.2452117589460148	1.2452117589460148
AZD0530	ENSG00000134900	1.2449892090466017	1.2449892090466017	1.2449892090466017
AZD0530	ENSG00000099139	1.2449476757256424	1.2449476757256424	1.2449476757256424
AZD0530	MGC14436	1.2448202851265815	1.2448202851265815	1.2448202851265815
AZD0530	ENSG00000198590	1.2447010232943592	1.2447010232943592	1.2447010232943592
AZD0530	ENSG00000179532	1.2445697079394449	1.2445697079394449	1.2445697079394449
AZD0530	ENSG00000164296	1.2445577958921779	1.2445577958921779	1.2445577958921779
AZD0530	ENSG00000099804	1.2443505093832565	1.2443505093832565	1.2443505093832565
AZD0530	LRG_451	1.244243026180575	1.244243026180575	1.244243026180575
AZD0530	ENSG00000164778	1.2441200567647372	1.2441200567647372	1.2441200567647372
AZD0530	ENSG00000254004	1.244038533982534	1.244038533982534	1.244038533982534
AZD0530	ENSG00000213931	1.2439952837081452	1.2439952837081452	1.2439952837081452
AZD0530	ENSG00000006118	1.2436893284711579	1.2436893284711579	1.2436893284711579
AZD0530	ENSG00000142082	1.2434934175549603	1.2434934175549603	1.2434934175549603
AZD0530	ENSG00000163618	1.2434851603925363	1.2434851603925363	1.2434851603925363
AZD0530	ENSG00000181444	1.2434539020572166	1.2434539020572166	1.2434539020572166
AZD0530	ENSG00000138674	1.2433693520313323	1.2433693520313323	1.2433693520313323
AZD0530	ENSG00000125363	1.243350647298312	1.243350647298312	1.243350647298312
AZD0530	ENSG00000131495	1.2433003573384953	1.2433003573384953	1.2433003573384953
AZD0530	ENSG00000124003	1.243213038698422	1.243213038698422	1.243213038698422
AZD0530	ENSG00000166073	1.2430590197712676	1.2430590197712676	1.2430590197712676
AZD0530	ENSG00000139914	1.2429193426141145	1.2429193426141145	1.2429193426141145
AZD0530	ENSG00000113119	1.2428628693252548	1.2428628693252548	1.2428628693252548
AZD0530	ENSG00000151881	1.2422535344336405	1.2422535344336405	1.2422535344336405
AZD0530	ENSG00000004809	1.242214350488106	1.242214350488106	1.242214350488106
AZD0530	ENSG00000141564	1.2421806505322237	1.2421806505322237	1.2421806505322237
AZD0530	ENSG00000127083	1.2420972096595102	1.2420972096595102	1.2420972096595102
AZD0530	ENSG00000079691	1.241782793871519	1.241782793871519	1.241782793871519
AZD0530	ENSG00000211934	1.2417446597467527	1.2417446597467527	1.2417446597467527
AZD0530	LOC100505649	1.241707696249426	1.241707696249426	1.241707696249426
AZD0530	ENSG00000188739	1.241669811669742	1.241669811669742	1.241669811669742
AZD0530	ENSG00000185862	1.2416597227008133	1.2416597227008133	1.2416597227008133
AZD0530	ENSG00000111145	1.241616100917879	1.241616100917879	1.241616100917879
AZD0530	ENSG00000164161	1.2414565328307743	1.2414565328307743	1.2414565328307743
AZD0530	ENSG00000196526	1.2413353375562997	1.2413353375562997	1.2413353375562997
AZD0530	ENSG00000145945	1.2412031640423988	1.2412031640423988	1.2412031640423988
AZD0530	ENSG00000164190	1.2411778783910803	1.2411778783910803	1.2411778783910803
AZD0530	ENSG00000214548	1.2411468180800749	1.2411468180800749	1.2411468180800749
AZD0530	LOC100131496	1.241110489083394	1.241110489083394	1.241110489083394
AZD0530	ENSG00000077935	1.241106436581146	1.241106436581146	1.241106436581146
AZD0530	ENSG00000100078	1.2408819625038574	1.2408819625038574	1.2408819625038574
AZD0530	ENSG00000130164	1.2408333952290551	1.2408333952290551	1.2408333952290551
AZD0530	ENSG00000203859	1.2405920771013135	1.2405920771013135	1.2405920771013135
AZD0530	TRBV7-8	1.2405624000159903	1.2405624000159903	1.2405624000159903
AZD0530	ENSG00000100084	1.2404996278182217	1.2404996278182217	1.2404996278182217
AZD0530	ENSG00000148660	1.2403135241992413	1.2403135241992413	1.2403135241992413
AZD0530	ENSG00000125910	1.2402803455266023	1.2402803455266023	1.2402803455266023
AZD0530	ENSG00000142700	1.2402548558813697	1.2402548558813697	1.2402548558813697
AZD0530	ENSG00000244045	1.2402396230505723	1.2402396230505723	1.2402396230505723
AZD0530	ENSG00000166922	1.2402142752699734	1.2402142752699734	1.2402142752699734
AZD0530	ENSG00000131126	1.2401535681574316	1.2401535681574316	1.2401535681574316
AZD0530	ENSG00000211818	1.240041648760728	1.240041648760728	1.240041648760728
AZD0530	ENSG00000211460	1.2399225027886955	1.2399225027886955	1.2399225027886955
AZD0530	ENSG00000232119	1.2398833134243037	1.2398833134243037	1.2398833134243037
AZD0530	ENSG00000120217	1.2393828233383957	1.2393828233383957	1.2393828233383957
AZD0530	ENSG00000136891	1.2390703437522457	1.2390703437522457	1.2390703437522457
AZD0530	ENSG00000274047	1.23901370264076	1.23901370264076	1.23901370264076
AZD0530	ENSG00000164253	1.2388810176708462	1.2388810176708462	1.2388810176708462
AZD0530	ENSG00000141447	1.238846265652763	1.238846265652763	1.238846265652763
AZD0530	LOC100507228	1.238832299229102	1.238832299229102	1.238832299229102
AZD0530	ENSG00000164932	1.2385944115235772	1.2385944115235772	1.2385944115235772
AZD0530	ENSG00000137880	1.2385733191562804	1.2385733191562804	1.2385733191562804
AZD0530	LRG_469	1.2385241219105807	1.2385241219105807	1.2385241219105807
AZD0530	ENSG00000072274	1.238185959124479	1.238185959124479	1.238185959124479
AZD0530	ENSG00000105639	1.2380214483655485	1.2380214483655485	1.2380214483655485
AZD0530	ENSG00000179029	1.2378356713852767	1.2378356713852767	1.2378356713852767
AZD0530	ENSG00000167258	1.2378128528948376	1.2378128528948376	1.2378128528948376
AZD0530	ENSG00000100219	1.2373203640108041	1.2373203640108041	1.2373203640108041
AZD0530	ENSG00000068878	1.237296842405848	1.237296842405848	1.237296842405848
AZD0530	ENSG00000122223	1.237268333830838	1.237268333830838	1.237268333830838
AZD0530	ENSG00000067842	1.2371349774921154	1.2371349774921154	1.2371349774921154
AZD0530	ENSG00000139549	1.237127389719053	1.237127389719053	1.237127389719053
AZD0530	ENSG00000120242	1.237011660599716	1.237011660599716	1.237011660599716
AZD0530	ENSG00000109705	1.2368503159571935	1.2368503159571935	1.2368503159571935
AZD0530	ENSG00000146426	1.2368434634708134	1.2368434634708134	1.2368434634708134
AZD0530	CYBASC3	1.2364391786785385	1.2364391786785385	1.2364391786785385
AZD0530	ENSG00000183644	1.2363818761649512	1.2363818761649512	1.2363818761649512
AZD0530	ENSG00000197658	1.2363672690392704	1.2363672690392704	1.2363672690392704
AZD0530	ENSG00000168288	1.2358757702800451	1.2358757702800451	1.2358757702800451
AZD0530	ENSG00000063761	1.235678770051016	1.235678770051016	1.235678770051016
AZD0530	ENSG00000086717	1.2356366046304739	1.2356366046304739	1.2356366046304739
AZD0530	ENSG00000124157	1.2356109828864186	1.2356109828864186	1.2356109828864186
AZD0530	ENSG00000112655	1.2355898178013105	1.2355898178013105	1.2355898178013105
AZD0530	ENSG00000155368	1.2355584707078693	1.2355584707078693	1.2355584707078693
AZD0530	C7orf29	1.2353142192847175	1.2353142192847175	1.2353142192847175
AZD0530	ENSG00000188811	1.2352578694389704	1.2352578694389704	1.2352578694389704
AZD0530	ENSG00000134717	1.2351621331939497	1.2351621331939497	1.2351621331939497
AZD0530	ENSG00000205922	1.2351321317617578	1.2351321317617578	1.2351321317617578
AZD0530	ENSG00000068028	1.2351271401382926	1.2351271401382926	1.2351271401382926
AZD0530	LRG_53	1.2350536455160972	1.2350536455160972	1.2350536455160972
AZD0530	ENSG00000107742	1.2349515020027206	1.2349515020027206	1.2349515020027206
AZD0530	ENSG00000089234	1.2348632070327357	1.2348632070327357	1.2348632070327357
AZD0530	ENSG00000178279	1.2347838095481933	1.2347838095481933	1.2347838095481933
AZD0530	ENSG00000100024	1.2344549890182575	1.2344549890182575	1.2344549890182575
AZD0530	ENSG00000236632	1.234112295341202	1.234112295341202	1.234112295341202
AZD0530	ENSG00000184925	1.2339939328932426	1.2339939328932426	1.2339939328932426
AZD0530	ENSG00000198496	1.2339408915949501	1.2339408915949501	1.2339408915949501
AZD0530	LOC100507603	1.2336775396993722	1.2336775396993722	1.2336775396993722
AZD0530	ENSG00000176444	1.2336756919505554	1.2336756919505554	1.2336756919505554
AZD0530	ENSG00000099331	1.2334056512205454	1.2334056512205454	1.2334056512205454
AZD0530	ENSG00000163110	1.2333277225165649	1.2333277225165649	1.2333277225165649
AZD0530	ENSG00000171469	1.2330168905178531	1.2330168905178531	1.2330168905178531
AZD0530	ENSG00000101752	1.23208955982558	1.23208955982558	1.23208955982558
AZD0530	ENSG00000115966	1.232029977739009	1.232029977739009	1.232029977739009
AZD0530	LOC100506403	1.2320097112087305	1.2320097112087305	1.2320097112087305
AZD0530	ENSG00000128617	1.2319504218344068	1.2319504218344068	1.2319504218344068
AZD0530	ENSG00000228691	1.2318396031921004	1.2318396031921004	1.2318396031921004
AZD0530	ENSG00000072134	1.2317172454700211	1.2317172454700211	1.2317172454700211
AZD0530	ENSG00000105610	1.23149882121147	1.23149882121147	1.23149882121147
AZD0530	ENSG00000161642	1.2314833591305194	1.2314833591305194	1.2314833591305194
AZD0530	ENSG00000169129	1.2314555772617273	1.2314555772617273	1.2314555772617273
AZD0530	ENSG00000188486	1.2313914612837025	1.2313914612837025	1.2313914612837025
AZD0530	ENSG00000188315	1.2312321576203327	1.2312321576203327	1.2312321576203327
AZD0530	ENSG00000236287	1.2311370841352454	1.2311370841352454	1.2311370841352454
AZD0530	ENSG00000273703	1.2309404614669344	1.2309404614669344	1.2309404614669344
AZD0530	ENSG00000198331	1.2307263096582646	1.2307263096582646	1.2307263096582646
AZD0530	ENSG00000152558	1.230649333373601	1.230649333373601	1.230649333373601
AZD0530	ENSG00000120215	1.2303358057010005	1.2303358057010005	1.2303358057010005
AZD0530	ENSG00000166317	1.2300654985259087	1.2300654985259087	1.2300654985259087
AZD0530	ENSG00000197217	1.229825790509955	1.229825790509955	1.229825790509955
AZD0530	ENSG00000122863	1.2297665542062617	1.2297665542062617	1.2297665542062617
AZD0530	ENSG00000160131	1.2297645622425155	1.2297645622425155	1.2297645622425155
AZD0530	ENSG00000168944	1.22973721862683	1.22973721862683	1.22973721862683
AZD0530	ENSG00000139874	1.2296323986224131	1.2296323986224131	1.2296323986224131
AZD0530	ENSG00000101251	1.2295107534178118	1.2295107534178118	1.2295107534178118
AZD0530	ENSG00000143951	1.2294332090216136	1.2294332090216136	1.2294332090216136
AZD0530	ENSG00000185905	1.229368699006753	1.229368699006753	1.229368699006753
AZD0530	ENSG00000174136	1.2289385837281115	1.2289385837281115	1.2289385837281115
AZD0530	ENSG00000197461	1.2288283246732137	1.2288283246732137	1.2288283246732137
AZD0530	ENSG00000143125	1.228764063915278	1.228764063915278	1.228764063915278
AZD0530	ENSG00000145632	1.2285278018132977	1.2285278018132977	1.2285278018132977
AZD0530	ENSG00000196358	1.228229836717873	1.228229836717873	1.228229836717873
AZD0530	ENSG00000123575	1.2281516981673624	1.2281516981673624	1.2281516981673624
AZD0530	ENSG00000079432	1.2280282723479787	1.2280282723479787	1.2280282723479787
AZD0530	LOC283663	1.2278444870233962	1.2278444870233962	1.2278444870233962
AZD0530	ENSG00000237054	1.2277366576645201	1.2277366576645201	1.2277366576645201
AZD0530	ENSG00000214022	1.22758763231002	1.22758763231002	1.22758763231002
AZD0530	ENSG00000244405	1.2273383946318515	1.2273383946318515	1.2273383946318515
AZD0530	LOC200772	1.2271805679123335	1.2271805679123335	1.2271805679123335
AZD0530	ENSG00000166342	1.2270740213590123	1.2270740213590123	1.2270740213590123
AZD0530	ENSG00000093000	1.22694030691916	1.22694030691916	1.22694030691916
AZD0530	ENSG00000148408	1.2268460792102378	1.2268460792102378	1.2268460792102378
AZD0530	ENSG00000073711	1.2268041441407793	1.2268041441407793	1.2268041441407793
AZD0530	ENSG00000073417	1.226776049547525	1.226776049547525	1.226776049547525
AZD0530	ENSG00000144645	1.2265547454590033	1.2265547454590033	1.2265547454590033
AZD0530	ENSG00000120280	1.2265141062668334	1.2265141062668334	1.2265141062668334
AZD0530	ENSG00000249948	1.2263751127770381	1.2263751127770381	1.2263751127770381
AZD0530	ENSG00000120509	1.2262734088310803	1.2262734088310803	1.2262734088310803
AZD0530	ENSG00000138640	1.2262166461750024	1.2262166461750024	1.2262166461750024
AZD0530	ENSG00000114796	1.226165206181114	1.226165206181114	1.226165206181114
AZD0530	ENSG00000182896	1.2259215489578577	1.2259215489578577	1.2259215489578577
AZD0530	ENSG00000042304	1.2258092559850393	1.2258092559850393	1.2258092559850393
AZD0530	ENSG00000042429	1.225794585994726	1.225794585994726	1.225794585994726
AZD0530	ENSG00000240038	1.225759672471783	1.225759672471783	1.225759672471783
AZD0530	LOC286190	1.2257065267430047	1.2257065267430047	1.2257065267430047
AZD0530	ENSG00000153246	1.2254355574156535	1.2254355574156535	1.2254355574156535
AZD0530	ENSG00000196428	1.2253970592036754	1.2253970592036754	1.2253970592036754
AZD0530	ENSG00000231825	1.2252357349386844	1.2252357349386844	1.2252357349386844
AZD0530	ENSG00000155744	1.2251782794725494	1.2251782794725494	1.2251782794725494
AZD0530	ENSG00000180777	1.2250836265220424	1.2250836265220424	1.2250836265220424
AZD0530	ENSG00000158050	1.2249574465780513	1.2249574465780513	1.2249574465780513
AZD0530	ENSG00000142621	1.2248853146706964	1.2248853146706964	1.2248853146706964
AZD0530	KIAA1804	1.2248321630806016	1.2248321630806016	1.2248321630806016
AZD0530	ENSG00000184730	1.224812723480934	1.224812723480934	1.224812723480934
AZD0530	ENSG00000155959	1.2248114211409111	1.2248114211409111	1.2248114211409111
AZD0530	ENSG00000170604	1.224678886759489	1.224678886759489	1.224678886759489
AZD0530	C17orf63	1.2246654421715752	1.2246654421715752	1.2246654421715752
AZD0530	ENSG00000135476	1.224210022540591	1.224210022540591	1.224210022540591
AZD0530	ENSG00000128218	1.2241355779281942	1.2241355779281942	1.2241355779281942
AZD0530	ENSG00000188386	1.2240784687700565	1.2240784687700565	1.2240784687700565
AZD0530	LOC286002	1.224037337202839	1.224037337202839	1.224037337202839
AZD0530	ENSG00000181781	1.223986766924596	1.223986766924596	1.223986766924596
AZD0530	ENSG00000070495	1.2239705403064527	1.2239705403064527	1.2239705403064527
AZD0530	ENSG00000113328	1.2239617335185133	1.2239617335185133	1.2239617335185133
AZD0530	ENSG00000112303	1.2239610409049428	1.2239610409049428	1.2239610409049428
AZD0530	ENSG00000114423	1.2236970824441786	1.2236970824441786	1.2236970824441786
AZD0530	ENSG00000163346	1.2235785031470106	1.2235785031470106	1.2235785031470106
AZD0530	ENSG00000105705	1.2234145206487073	1.2234145206487073	1.2234145206487073
AZD0530	ENSG00000133247	1.2233254314044544	1.2233254314044544	1.2233254314044544
AZD0530	ENSG00000118640	1.2233204521744947	1.2233204521744947	1.2233204521744947
AZD0530	LOC339874	1.2232587463258946	1.2232587463258946	1.2232587463258946
AZD0530	ENSG00000147614	1.223082165530723	1.223082165530723	1.223082165530723
AZD0530	ENSG00000142627	1.2229046354991115	1.2229046354991115	1.2229046354991115
AZD0530	ENSG00000151332	1.2228490995655283	1.2228490995655283	1.2228490995655283
AZD0530	ENSG00000065675	1.2225419052636122	1.2225419052636122	1.2225419052636122
AZD0530	ENSG00000182580	1.222486287472701	1.222486287472701	1.222486287472701
AZD0530	LOC100289361	1.2224698557784148	1.2224698557784148	1.2224698557784148
AZD0530	ENSG00000196498	1.221940232118961	1.221940232118961	1.221940232118961
AZD0530	ENSG00000187391	1.2217989732992525	1.2217989732992525	1.2217989732992525
AZD0530	ENSG00000175395	1.221783010262307	1.221783010262307	1.221783010262307
AZD0530	ZNF192	1.2215200281084637	1.2215200281084637	1.2215200281084637
AZD0530	ENSG00000146648	1.221463950867181	1.221463950867181	1.221463950867181
AZD0530	ENSG00000125571	1.2213420528447971	1.2213420528447971	1.2213420528447971
AZD0530	ENSG00000112530	1.2213098123847745	1.2213098123847745	1.2213098123847745
AZD0530	ENSG00000152578	1.2212649621488136	1.2212649621488136	1.2212649621488136
AZD0530	ENSG00000067646	1.2211782557621027	1.2211782557621027	1.2211782557621027
AZD0530	ENSG00000118418	1.2210787370220426	1.2210787370220426	1.2210787370220426
AZD0530	ENSG00000268104	1.2210736372372435	1.2210736372372435	1.2210736372372435
AZD0530	ENSG00000163660	1.220986357164467	1.220986357164467	1.220986357164467
AZD0530	ENSG00000184203	1.2207949964633762	1.2207949964633762	1.2207949964633762
AZD0530	ENSG00000131171	1.2205740451854588	1.2205740451854588	1.2205740451854588
AZD0530	ENSG00000183354	1.2205508067917907	1.2205508067917907	1.2205508067917907
AZD0530	ENSG00000141086	1.2205060782892454	1.2205060782892454	1.2205060782892454
AZD0530	ENSG00000146757	1.2203608490388171	1.2203608490388171	1.2203608490388171
AZD0530	ENSG00000130037	1.2203274210427797	1.2203274210427797	1.2203274210427797
AZD0530	C17orf61	1.2202970487539146	1.2202970487539146	1.2202970487539146
AZD0530	ENSG00000183674	1.2199413391879372	1.2199413391879372	1.2199413391879372
AZD0530	ENSG00000101109	1.2193063292141457	1.2193063292141457	1.2193063292141457
AZD0530	ENSG00000143387	1.2192552806551014	1.2192552806551014	1.2192552806551014
AZD0530	LOC286178	1.2190940413847549	1.2190940413847549	1.2190940413847549
AZD0530	ENSG00000136487	1.2190515057633011	1.2190515057633011	1.2190515057633011
AZD0530	ENSG00000133131	1.2189869760338976	1.2189869760338976	1.2189869760338976
AZD0530	ENSG00000019995	1.2189255309635307	1.2189255309635307	1.2189255309635307
AZD0530	ENSG00000101940	1.21845049470579	1.21845049470579	1.21845049470579
AZD0530	ENSG00000168148	1.2183245878158389	1.2183245878158389	1.2183245878158389
AZD0530	ENSG00000113532	1.2182593054724373	1.2182593054724373	1.2182593054724373
AZD0530	ENSG00000234420	1.218089328295654	1.218089328295654	1.218089328295654
AZD0530	ENSG00000067208	1.218031594507311	1.218031594507311	1.218031594507311
AZD0530	ENSG00000196273	1.2177089470990259	1.2177089470990259	1.2177089470990259
AZD0530	ENSG00000164066	1.2175593519247403	1.2175593519247403	1.2175593519247403
AZD0530	ENSG00000174607	1.2170968744908084	1.2170968744908084	1.2170968744908084
AZD0530	ENSG00000109762	1.2169882256824762	1.2169882256824762	1.2169882256824762
AZD0530	ENSG00000124702	1.2163582751816644	1.2163582751816644	1.2163582751816644
AZD0530	ENSG00000139668	1.21627842448594	1.21627842448594	1.21627842448594
AZD0530	ENSG00000161714	1.2162411465411502	1.2162411465411502	1.2162411465411502
AZD0530	ENSG00000159212	1.2161853526892934	1.2161853526892934	1.2161853526892934
AZD0530	ENSG00000163521	1.2161050745533584	1.2161050745533584	1.2161050745533584
AZD0530	ENSG00000184007	1.215996568235569	1.215996568235569	1.215996568235569
AZD0530	ENSG00000186501	1.2159611561406478	1.2159611561406478	1.2159611561406478
AZD0530	ENSG00000107130	1.21593554661606	1.21593554661606	1.21593554661606
AZD0530	ENSG00000180304	1.2159186363065881	1.2159186363065881	1.2159186363065881
AZD0530	KIAA0564	1.2158954732976421	1.2158954732976421	1.2158954732976421
AZD0530	LOC151174	1.2156254074200088	1.2156254074200088	1.2156254074200088
AZD0530	ENSG00000100030	1.215513425210239	1.215513425210239	1.215513425210239
AZD0530	ENSG00000132694	1.2154806035509242	1.2154806035509242	1.2154806035509242
AZD0530	ENSG00000123144	1.215395305699517	1.215395305699517	1.215395305699517
AZD0530	ENSG00000188938	1.2152054728300263	1.2152054728300263	1.2152054728300263
AZD0530	ENSG00000121316	1.2151175169311865	1.2151175169311865	1.2151175169311865
AZD0530	ENSG00000214107	1.2150898408146023	1.2150898408146023	1.2150898408146023
AZD0530	ENSG00000125977	1.2149706652897556	1.2149706652897556	1.2149706652897556
AZD0530	ENSG00000141959	1.2149020349786077	1.2149020349786077	1.2149020349786077
AZD0530	ENSG00000106331	1.214710180475979	1.214710180475979	1.214710180475979
AZD0530	ENSG00000110107	1.2146412367091477	1.2146412367091477	1.2146412367091477
AZD0530	C8orf45	1.2143102279877653	1.2143102279877653	1.2143102279877653
AZD0530	OBFC2A	1.2142035153844126	1.2142035153844126	1.2142035153844126
AZD0530	MGC45800	1.2140978484173253	1.2140978484173253	1.2140978484173253
AZD0530	ENSG00000174672	1.2139151397096097	1.2139151397096097	1.2139151397096097
AZD0530	LOC100130950	1.2138530202965998	1.2138530202965998	1.2138530202965998
AZD0530	ENSG00000161021	1.2137598001866645	1.2137598001866645	1.2137598001866645
AZD0530	ENSG00000132879	1.2136410698603513	1.2136410698603513	1.2136410698603513
AZD0530	ENSG00000168961	1.2134945787212885	1.2134945787212885	1.2134945787212885
AZD0530	ENSG00000131711	1.2134815256648128	1.2134815256648128	1.2134815256648128
AZD0530	ENSG00000178804	1.2134732562627804	1.2134732562627804	1.2134732562627804
AZD0530	ENSG00000081059	1.2134643996789485	1.2134643996789485	1.2134643996789485
AZD0530	ENSG00000130592	1.2132604038732706	1.2132604038732706	1.2132604038732706
AZD0530	ENSG00000121680	1.2132244046064768	1.2132244046064768	1.2132244046064768
AZD0530	ZNF767	1.2132130467137086	1.2132130467137086	1.2132130467137086
AZD0530	ENSG00000010932	1.2131972531002826	1.2131972531002826	1.2131972531002826
AZD0530	ENSG00000128335	1.2130790873476098	1.2130790873476098	1.2130790873476098
AZD0530	ENSG00000262406	1.2130366183056225	1.2130366183056225	1.2130366183056225
AZD0530	ENSG00000170893	1.2129105955009376	1.2129105955009376	1.2129105955009376
AZD0530	ENSG00000183035	1.2128030860139563	1.2128030860139563	1.2128030860139563
AZD0530	ENSG00000131503	1.2127844253233175	1.2127844253233175	1.2127844253233175
AZD0530	ENSG00000113924	1.212544417450639	1.212544417450639	1.212544417450639
AZD0530	LOC100507009	1.2124206449279686	1.2124206449279686	1.2124206449279686
AZD0530	ENSG00000130943	1.2123361239144521	1.2123361239144521	1.2123361239144521
AZD0530	ENSG00000120798	1.2121034589904849	1.2121034589904849	1.2121034589904849
AZD0530	ENSG00000150753	1.2119670834656318	1.2119670834656318	1.2119670834656318
AZD0530	ENSG00000145911	1.2119483254146601	1.2119483254146601	1.2119483254146601
AZD0530	ENSG00000230514	1.211907745268986	1.211907745268986	1.211907745268986
AZD0530	ENSG00000143303	1.211869320819415	1.211869320819415	1.211869320819415
AZD0530	ENSG00000165349	1.2117005817150375	1.2117005817150375	1.2117005817150375
AZD0530	ENSG00000108840	1.211130724502934	1.211130724502934	1.211130724502934
AZD0530	ENSG00000178732	1.2107391829766507	1.2107391829766507	1.2107391829766507
AZD0530	ENSG00000148229	1.2106079186787126	1.2106079186787126	1.2106079186787126
AZD0530	LOC100652787	1.2105236825175514	1.2105236825175514	1.2105236825175514
AZD0530	ENSG00000012061	1.2104495111006028	1.2104495111006028	1.2104495111006028
AZD0530	ENSG00000103266	1.2103254973928583	1.2103254973928583	1.2103254973928583
AZD0530	ENSG00000047648	1.2102254390640534	1.2102254390640534	1.2102254390640534
AZD0530	ENSG00000172071	1.210149664092665	1.210149664092665	1.210149664092665
AZD0530	ENSG00000182134	1.2101369891020828	1.2101369891020828	1.2101369891020828
AZD0530	ENSG00000101901	1.210014769305583	1.210014769305583	1.210014769305583
AZD0530	ENSG00000105556	1.2098254984266887	1.2098254984266887	1.2098254984266887
AZD0530	ENSG00000106554	1.2097488068195488	1.2097488068195488	1.2097488068195488
AZD0530	ENSG00000176884	1.2096994849114457	1.2096994849114457	1.2096994849114457
AZD0530	ENSG00000182324	1.2094879443330842	1.2094879443330842	1.2094879443330842
AZD0530	ENSG00000132357	1.2092770562256743	1.2092770562256743	1.2092770562256743
AZD0530	ENSG00000166860	1.209221411954871	1.209221411954871	1.209221411954871
AZD0530	ENSG00000170367	1.209079457429942	1.209079457429942	1.209079457429942
AZD0530	ENSG00000148444	1.2090521568803532	1.2090521568803532	1.2090521568803532
AZD0530	ENSG00000211782	1.2089249482868136	1.2089249482868136	1.2089249482868136
AZD0530	ENSG00000164185	1.208893666441035	1.208893666441035	1.208893666441035
AZD0530	ENSG00000126549	1.2087791945494957	1.2087791945494957	1.2087791945494957
AZD0530	ENSG00000259849	1.2087495669115529	1.2087495669115529	1.2087495669115529
AZD0530	ENSG00000163607	1.208745524576225	1.208745524576225	1.208745524576225
AZD0530	ENSG00000143322	1.2085380768916654	1.2085380768916654	1.2085380768916654
AZD0530	ENSG00000114021	1.2084907794120783	1.2084907794120783	1.2084907794120783
AZD0530	LOC100506219	1.2084199642953515	1.2084199642953515	1.2084199642953515
AZD0530	ENSG00000071859	1.208137010462903	1.208137010462903	1.208137010462903
AZD0530	ENSG00000269404	1.2081247994457927	1.2081247994457927	1.2081247994457927
AZD0530	ENSG00000197324	1.2079518510577139	1.2079518510577139	1.2079518510577139
AZD0530	ENSG00000154478	1.2078855855916366	1.2078855855916366	1.2078855855916366
AZD0530	ENSG00000185924	1.2077240512356953	1.2077240512356953	1.2077240512356953
AZD0530	ENSG00000138286	1.2077223505439638	1.2077223505439638	1.2077223505439638
AZD0530	ENSG00000063978	1.2076522349063399	1.2076522349063399	1.2076522349063399
AZD0530	ENSG00000011405	1.2072894658896398	1.2072894658896398	1.2072894658896398
AZD0530	ENSG00000185437	1.2069234070686443	1.2069234070686443	1.2069234070686443
AZD0530	ENSG00000137198	1.20690323639733	1.20690323639733	1.20690323639733
AZD0530	ENSG00000188549	1.2066519436200653	1.2066519436200653	1.2066519436200653
AZD0530	ENSG00000113946	1.2065324230718135	1.2065324230718135	1.2065324230718135
AZD0530	ENSG00000177494	1.206407659092795	1.206407659092795	1.206407659092795
AZD0530	ENSG00000236353	1.206402223731004	1.206402223731004	1.206402223731004
AZD0530	ENSG00000011198	1.2059515796083138	1.2059515796083138	1.2059515796083138
AZD0530	ENSG00000140937	1.20574098236223	1.20574098236223	1.20574098236223
AZD0530	ENSG00000234836	1.2057249067811664	1.2057249067811664	1.2057249067811664
AZD0530	ENSG00000146242	1.2053181099003936	1.2053181099003936	1.2053181099003936
AZD0530	ENSG00000160294	1.2052161701387532	1.2052161701387532	1.2052161701387532
AZD0530	ENSG00000134057	1.2051319601488892	1.2051319601488892	1.2051319601488892
AZD0530	ENSG00000163249	1.20510760501399	1.20510760501399	1.20510760501399
AZD0530	ENSG00000162511	1.2050150702306852	1.2050150702306852	1.2050150702306852
AZD0530	ENSG00000147689	1.204887310563381	1.204887310563381	1.204887310563381
AZD0530	ENSG00000138433	1.2048437634345663	1.2048437634345663	1.2048437634345663
AZD0530	ENSG00000140025	1.2047794629314585	1.2047794629314585	1.2047794629314585
AZD0530	ENSG00000186075	1.2045789832865517	1.2045789832865517	1.2045789832865517
AZD0530	ENSG00000114812	1.2044267300804992	1.2044267300804992	1.2044267300804992
AZD0530	ENSG00000112062	1.2042797984606017	1.2042797984606017	1.2042797984606017
AZD0530	ENSG00000120008	1.2042458715436066	1.2042458715436066	1.2042458715436066
AZD0530	ENSG00000173641	1.2040292161284012	1.2040292161284012	1.2040292161284012
AZD0530	ENSG00000105711	1.2039831559808518	1.2039831559808518	1.2039831559808518
AZD0530	ENSG00000167635	1.2038883445805229	1.2038883445805229	1.2038883445805229
AZD0530	ENSG00000101255	1.2037835328240052	1.2037835328240052	1.2037835328240052
AZD0530	ENSG00000079101	1.2037513656016716	1.2037513656016716	1.2037513656016716
AZD0530	LRG_610	1.2036636349079255	1.2036636349079255	1.2036636349079255
AZD0530	ENSG00000100321	1.2036562115015348	1.2036562115015348	1.2036562115015348
AZD0530	ENSG00000184719	1.2035325392009617	1.2035325392009617	1.2035325392009617
AZD0530	ENSG00000146872	1.2034526658243414	1.2034526658243414	1.2034526658243414
AZD0530	ENSG00000160446	1.2034404456384695	1.2034404456384695	1.2034404456384695
AZD0530	ENSG00000118903	1.2034357055664378	1.2034357055664378	1.2034357055664378
AZD0530	ENSG00000149021	1.203239807495202	1.203239807495202	1.203239807495202
AZD0530	ENSG00000099958	1.2032014407075602	1.2032014407075602	1.2032014407075602
AZD0530	ENSG00000170791	1.2030386765209373	1.2030386765209373	1.2030386765209373
AZD0530	ENSG00000277775	1.2028331253323827	1.2028331253323827	1.2028331253323827
AZD0530	ENSG00000130787	1.2028073704870004	1.2028073704870004	1.2028073704870004
AZD0530	ENSG00000124089	1.2027117330177437	1.2027117330177437	1.2027117330177437
AZD0530	LOC100507201	1.202634325336936	1.202634325336936	1.202634325336936
AZD0530	ENSG00000101180	1.2023932681555225	1.2023932681555225	1.2023932681555225
AZD0530	LOC100131691	1.2023607845725677	1.2023607845725677	1.2023607845725677
AZD0530	ENSG00000120440	1.2022384129109072	1.2022384129109072	1.2022384129109072
AZD0530	C9orf79	1.2022191213760702	1.2022191213760702	1.2022191213760702
AZD0530	ENSG00000170185	1.2021301373774007	1.2021301373774007	1.2021301373774007
AZD0530	ENSG00000198670	1.2019823330173947	1.2019823330173947	1.2019823330173947
AZD0530	ENSG00000182389	1.2019562889459086	1.2019562889459086	1.2019562889459086
AZD0530	ENSG00000206561	1.2019542240698335	1.2019542240698335	1.2019542240698335
AZD0530	ENSG00000104856	1.2016547739898613	1.2016547739898613	1.2016547739898613
AZD0530	ENSG00000136450	1.2016073032569465	1.2016073032569465	1.2016073032569465
AZD0530	LOC729678	1.201341729095721	1.201341729095721	1.201341729095721
AZD0530	ENSG00000126016	1.2013296511501526	1.2013296511501526	1.2013296511501526
AZD0530	ENSG00000278129	1.2009746232248493	1.2009746232248493	1.2009746232248493
AZD0530	ENSG00000185630	1.200882208131379	1.200882208131379	1.200882208131379
AZD0530	ENSG00000153113	1.2006738076000545	1.2006738076000545	1.2006738076000545
AZD0530	ENSG00000169194	1.2005494000010386	1.2005494000010386	1.2005494000010386
AZD0530	ENSG00000134042	1.200457507629043	1.200457507629043	1.200457507629043
AZD0530	ENSG00000180357	1.2001862789101754	1.2001862789101754	1.2001862789101754
AZD0530	ENSG00000224399	1.2000251608362944	1.2000251608362944	1.2000251608362944
AZD0530	ENSG00000131437	1.1999446339811188	1.1999446339811188	1.1999446339811188
AZD0530	ENSG00000150625	1.1998099242579168	1.1998099242579168	1.1998099242579168
AZD0530	ENSG00000159455	1.199773545545566	1.199773545545566	1.199773545545566
AZD0530	ENSG00000125630	1.1993749943291534	1.1993749943291534	1.1993749943291534
AZD0530	ENSG00000185664	1.199351348908592	1.199351348908592	1.199351348908592
AZD0530	ENSG00000128585	1.1992445738066748	1.1992445738066748	1.1992445738066748
AZD0530	ENSG00000170775	1.1985396843552523	1.1985396843552523	1.1985396843552523
AZD0530	ENSG00000139194	1.1979765134327212	1.1979765134327212	1.1979765134327212
AZD0530	ENSG00000006128	1.197808503648205	1.197808503648205	1.197808503648205
AZD0530	ENSG00000174695	1.197669584094426	1.197669584094426	1.197669584094426
AZD0530	ENSG00000132801	1.1976414709018695	1.1976414709018695	1.1976414709018695
AZD0530	LRG_192	1.1974435191573642	1.1974435191573642	1.1974435191573642
AZD0530	ENSG00000087087	1.1972893787862273	1.1972893787862273	1.1972893787862273
AZD0530	ENSG00000074410	1.1971993297249977	1.1971993297249977	1.1971993297249977
AZD0530	ENSG00000069956	1.1970813379258953	1.1970813379258953	1.1970813379258953
AZD0530	ENSG00000185052	1.197056412471629	1.197056412471629	1.197056412471629
AZD0530	ENSG00000180914	1.1967244963396035	1.1967244963396035	1.1967244963396035
AZD0530	ENSG00000099985	1.196704674337253	1.196704674337253	1.196704674337253
AZD0530	ENSG00000221890	1.1966409257501607	1.1966409257501607	1.1966409257501607
AZD0530	ENSG00000108349	1.1964838570610405	1.1964838570610405	1.1964838570610405
AZD0530	ENSG00000198488	1.1964298049480018	1.1964298049480018	1.1964298049480018
AZD0530	LOC729852	1.1963671179770456	1.1963671179770456	1.1963671179770456
AZD0530	ENSG00000121101	1.1963273509430687	1.1963273509430687	1.1963273509430687
AZD0530	ENSG00000144596	1.196222917585901	1.196222917585901	1.196222917585901
AZD0530	ENSG00000105404	1.1961737900026992	1.1961737900026992	1.1961737900026992
AZD0530	ENSG00000144354	1.19615404047055	1.19615404047055	1.19615404047055
AZD0530	ENSG00000156853	1.1959100071423285	1.1959100071423285	1.1959100071423285
AZD0530	ENSG00000146399	1.1958621408091408	1.1958621408091408	1.1958621408091408
AZD0530	ENSG00000182327	1.1958458320254868	1.1958458320254868	1.1958458320254868
AZD0530	ENSG00000120696	1.1957052402784782	1.1957052402784782	1.1957052402784782
AZD0530	OSTalpha	1.1956798574982002	1.1956798574982002	1.1956798574982002
AZD0530	ENSG00000085832	1.1952560241091377	1.1952560241091377	1.1952560241091377
AZD0530	ENSG00000136960	1.1949806181336913	1.1949806181336913	1.1949806181336913
AZD0530	ENSG00000161526	1.1948737795017765	1.1948737795017765	1.1948737795017765
AZD0530	ENSG00000117682	1.194720743999367	1.194720743999367	1.194720743999367
AZD0530	ENSG00000168356	1.1942910224886643	1.1942910224886643	1.1942910224886643
AZD0530	ENSG00000162623	1.1940096489576837	1.1940096489576837	1.1940096489576837
AZD0530	ENSG00000171045	1.1938277256134626	1.1938277256134626	1.1938277256134626
AZD0530	ENSG00000162618	1.1938255883634044	1.1938255883634044	1.1938255883634044
AZD0530	ENSG00000256980	1.1936823864213701	1.1936823864213701	1.1936823864213701
AZD0530	ENSG00000176728	1.19363896408746	1.19363896408746	1.19363896408746
AZD0530	ENSG00000037280	1.1935057981094959	1.1935057981094959	1.1935057981094959
AZD0530	ENSG00000152818	1.193493949967707	1.193493949967707	1.193493949967707
AZD0530	C9orf103	1.1933666183709695	1.1933666183709695	1.1933666183709695
AZD0530	ENSG00000005102	1.1930372266511435	1.1930372266511435	1.1930372266511435
AZD0530	ENSG00000162542	1.1930325433961795	1.1930325433961795	1.1930325433961795
AZD0530	LOC100128737	1.192992036639961	1.192992036639961	1.192992036639961
AZD0530	ENSG00000104863	1.1929396095685663	1.1929396095685663	1.1929396095685663
AZD0530	LOC100506521	1.1928265792806272	1.1928265792806272	1.1928265792806272
AZD0530	ENSG00000197405	1.1927856239339436	1.1927856239339436	1.1927856239339436
AZD0530	ENSG00000166340	1.192774417141401	1.192774417141401	1.192774417141401
AZD0530	ENSG00000250571	1.1927591765244403	1.1927591765244403	1.1927591765244403
AZD0530	ENSG00000215580	1.1927081094926917	1.1927081094926917	1.1927081094926917
AZD0530	ENSG00000243811	1.192656203884839	1.192656203884839	1.192656203884839
AZD0530	ENSG00000160951	1.1925800559452393	1.1925800559452393	1.1925800559452393
AZD0530	ENSG00000115866	1.1925221476728343	1.1925221476728343	1.1925221476728343
AZD0530	ENSG00000143653	1.1923218418411268	1.1923218418411268	1.1923218418411268
AZD0530	ENSG00000198208	1.192315169938758	1.192315169938758	1.192315169938758
AZD0530	ENSG00000144115	1.1922479947391929	1.1922479947391929	1.1922479947391929
AZD0530	ENSG00000123892	1.1920099000158977	1.1920099000158977	1.1920099000158977
AZD0530	ENSG00000189079	1.1917449491614742	1.1917449491614742	1.1917449491614742
AZD0530	ENSG00000163806	1.1915823429938923	1.1915823429938923	1.1915823429938923
AZD0530	ENSG00000201839	1.1915383333342462	1.1915383333342462	1.1915383333342462
AZD0530	ENSG00000134183	1.1915361064695933	1.1915361064695933	1.1915361064695933
AZD0530	ENSG00000137804	1.191457375322295	1.191457375322295	1.191457375322295
AZD0530	ENSG00000160318	1.1907641194265002	1.1907641194265002	1.1907641194265002
AZD0530	ENSG00000274829	1.1906975953255363	1.1906975953255363	1.1906975953255363
AZD0530	ENSG00000132563	1.1905810487434607	1.1905810487434607	1.1905810487434607
AZD0530	NAPRT1	1.1903928114766067	1.1903928114766067	1.1903928114766067
AZD0530	ENSG00000181873	1.190085836381768	1.190085836381768	1.190085836381768
AZD0530	ENSG00000227345	1.189895025545358	1.189895025545358	1.189895025545358
AZD0530	ENSG00000104312	1.189779795898674	1.189779795898674	1.189779795898674
AZD0530	ENSG00000140474	1.1896269926526748	1.1896269926526748	1.1896269926526748
AZD0530	ENSG00000143178	1.1895005917111952	1.1895005917111952	1.1895005917111952
AZD0530	LOC100271722	1.1890912123270507	1.1890912123270507	1.1890912123270507
AZD0530	ENSG00000249773	1.1889983226052885	1.1889983226052885	1.1889983226052885
AZD0530	ENSG00000167513	1.1888438018898153	1.1888438018898153	1.1888438018898153
AZD0530	ENSG00000104524	1.1886840909366856	1.1886840909366856	1.1886840909366856
AZD0530	ENSG00000154380	1.1885276445184403	1.1885276445184403	1.1885276445184403
AZD0530	LOC100506571	1.1878777995649958	1.1878777995649958	1.1878777995649958
AZD0530	ENSG00000168071	1.1878128866877526	1.1878128866877526	1.1878128866877526
AZD0530	ENSG00000187607	1.1877806203760977	1.1877806203760977	1.1877806203760977
AZD0530	ENSG00000165192	1.187622695143028	1.187622695143028	1.187622695143028
AZD0530	ENSG00000146839	1.1871882973018102	1.1871882973018102	1.1871882973018102
AZD0530	ENSG00000120805	1.1869261670301372	1.1869261670301372	1.1869261670301372
AZD0530	ENSG00000114529	1.186911025913991	1.186911025913991	1.186911025913991
AZD0530	ENSG00000096093	1.186778352444581	1.186778352444581	1.186778352444581
AZD0530	ENSG00000134247	1.1866515325454863	1.1866515325454863	1.1866515325454863
AZD0530	ENSG00000112139	1.1866319459808126	1.1866319459808126	1.1866319459808126
AZD0530	ENSG00000151474	1.1865671842893335	1.1865671842893335	1.1865671842893335
AZD0530	ENSG00000135046	1.1865309449759929	1.1865309449759929	1.1865309449759929
AZD0530	ENSG00000158089	1.1863663979842471	1.1863663979842471	1.1863663979842471
AZD0530	ENSG00000151338	1.1863634435358141	1.1863634435358141	1.1863634435358141
AZD0530	ENSG00000140259	1.1862627910532009	1.1862627910532009	1.1862627910532009
AZD0530	ENSG00000256812	1.1861186711589569	1.1861186711589569	1.1861186711589569
AZD0530	ENSG00000109099	1.1861040308791133	1.1861040308791133	1.1861040308791133
AZD0530	ENSG00000115919	1.185783741729789	1.185783741729789	1.185783741729789
AZD0530	ENSG00000166825	1.1857507606414028	1.1857507606414028	1.1857507606414028
AZD0530	ENSG00000166261	1.185712031885039	1.185712031885039	1.185712031885039
AZD0530	ENSG00000128519	1.1856045232310992	1.1856045232310992	1.1856045232310992
AZD0530	ENSG00000258498	1.1852456994791714	1.1852456994791714	1.1852456994791714
AZD0530	ENSG00000167419	1.1852329307296776	1.1852329307296776	1.1852329307296776
AZD0530	ENSG00000183734	1.185118369234445	1.185118369234445	1.185118369234445
AZD0530	ENSG00000211598	1.1849736540680675	1.1849736540680675	1.1849736540680675
AZD0530	ENSG00000183337	1.1848922174134224	1.1848922174134224	1.1848922174134224
AZD0530	ENSG00000075188	1.1847230333062766	1.1847230333062766	1.1847230333062766
AZD0530	ENSG00000082515	1.1846898285050853	1.1846898285050853	1.1846898285050853
AZD0530	ENSG00000090857	1.1845332357080167	1.1845332357080167	1.1845332357080167
AZD0530	ENSG00000171033	1.1840763730918031	1.1840763730918031	1.1840763730918031
AZD0530	ENSG00000162873	1.1840534024320815	1.1840534024320815	1.1840534024320815
AZD0530	ENSG00000101654	1.1840453989657405	1.1840453989657405	1.1840453989657405
AZD0530	ENSG00000071553	1.1839212773460253	1.1839212773460253	1.1839212773460253
AZD0530	ENSG00000143294	1.1838643702112153	1.1838643702112153	1.1838643702112153
AZD0530	ENSG00000116661	1.1837934724230195	1.1837934724230195	1.1837934724230195
AZD0530	ENSG00000172456	1.1836671812933048	1.1836671812933048	1.1836671812933048
AZD0530	ENSG00000177125	1.1835423856562057	1.1835423856562057	1.1835423856562057
AZD0530	ENSG00000184345	1.1834704124239606	1.1834704124239606	1.1834704124239606
AZD0530	ENSG00000139220	1.1831729422049166	1.1831729422049166	1.1831729422049166
AZD0530	ENSG00000089154	1.1829925410437563	1.1829925410437563	1.1829925410437563
AZD0530	ENSG00000168264	1.182622128819905	1.182622128819905	1.182622128819905
AZD0530	ENSG00000078269	1.1822980840577597	1.1822980840577597	1.1822980840577597
AZD0530	ENSG00000115310	1.1822513509318404	1.1822513509318404	1.1822513509318404
AZD0530	ENSG00000175482	1.1822108133025224	1.1822108133025224	1.1822108133025224
AZD0530	ENSG00000186132	1.182132825805957	1.182132825805957	1.182132825805957
AZD0530	ENSG00000170153	1.182040453714738	1.182040453714738	1.182040453714738
AZD0530	ENSG00000028528	1.1817869419089775	1.1817869419089775	1.1817869419089775
AZD0530	ENSG00000120029	1.1816270716476351	1.1816270716476351	1.1816270716476351
AZD0530	ENSG00000178078	1.1814731463456924	1.1814731463456924	1.1814731463456924
AZD0530	ENSG00000144959	1.1804851602735322	1.1804851602735322	1.1804851602735322
AZD0530	ENSG00000038382	1.1801314137658534	1.1801314137658534	1.1801314137658534
AZD0530	ENSG00000259494	1.1799794124811258	1.1799794124811258	1.1799794124811258
AZD0530	ENSG00000213614	1.1798931935108208	1.1798931935108208	1.1798931935108208
AZD0530	ENSG00000185404	1.1798836056022013	1.1798836056022013	1.1798836056022013
AZD0530	LOC100506312	1.1798212815851845	1.1798212815851845	1.1798212815851845
AZD0530	ENSG00000168306	1.1798084685140156	1.1798084685140156	1.1798084685140156
AZD0530	ENSG00000124209	1.1794076912869296	1.1794076912869296	1.1794076912869296
AZD0530	ENSG00000162814	1.1793627827909356	1.1793627827909356	1.1793627827909356
AZD0530	ENSG00000184786	1.1792650702838334	1.1792650702838334	1.1792650702838334
AZD0530	ENSG00000163554	1.1792368145549732	1.1792368145549732	1.1792368145549732
AZD0530	ENSG00000116171	1.1790142747685064	1.1790142747685064	1.1790142747685064
AZD0530	LOC401176	1.1789201083078846	1.1789201083078846	1.1789201083078846
AZD0530	ENSG00000136305	1.1788852207768896	1.1788852207768896	1.1788852207768896
AZD0530	ENSG00000107815	1.1788251188894314	1.1788251188894314	1.1788251188894314
AZD0530	FAM123B	1.178683782921056	1.178683782921056	1.178683782921056
AZD0530	ENSG00000162869	1.1785886599951945	1.1785886599951945	1.1785886599951945
AZD0530	ENSG00000165355	1.1785717534000804	1.1785717534000804	1.1785717534000804
AZD0530	ENSG00000198908	1.1782278552349945	1.1782278552349945	1.1782278552349945
AZD0530	ENSG00000188283	1.1782082997978978	1.1782082997978978	1.1782082997978978
AZD0530	ENSG00000170456	1.1780989527125163	1.1780989527125163	1.1780989527125163
AZD0530	ENSG00000235711	1.1780700683148706	1.1780700683148706	1.1780700683148706
AZD0530	LOC440704	1.178031376781862	1.178031376781862	1.178031376781862
AZD0530	ENSG00000165553	1.1780226456507357	1.1780226456507357	1.1780226456507357
AZD0530	ENSG00000197380	1.1776890023205493	1.1776890023205493	1.1776890023205493
AZD0530	ENSG00000025772	1.1776871766644545	1.1776871766644545	1.1776871766644545
AZD0530	C12orf55	1.1776801067803324	1.1776801067803324	1.1776801067803324
AZD0530	ENSG00000151849	1.1774900611363406	1.1774900611363406	1.1774900611363406
AZD0530	ENSG00000129675	1.1770176339156606	1.1770176339156606	1.1770176339156606
AZD0530	ENSG00000224941	1.1767504613890065	1.1767504613890065	1.1767504613890065
AZD0530	ENSG00000135083	1.1766900875548088	1.1766900875548088	1.1766900875548088
AZD0530	ENSG00000102452	1.1766761044937795	1.1766761044937795	1.1766761044937795
AZD0530	ENSG00000103647	1.176657866025074	1.176657866025074	1.176657866025074
AZD0530	ENSG00000185947	1.1765244994890824	1.1765244994890824	1.1765244994890824
AZD0530	ENSG00000117425	1.1764882168269206	1.1764882168269206	1.1764882168269206
AZD0530	ENSG00000135932	1.176282665131623	1.176282665131623	1.176282665131623
AZD0530	ENSG00000135916	1.1762329173679988	1.1762329173679988	1.1762329173679988
AZD0530	ENSG00000171720	1.17591722963006	1.17591722963006	1.17591722963006
AZD0530	ENSG00000002079	1.1757890001780766	1.1757890001780766	1.1757890001780766
AZD0530	ENSG00000105409	1.1756426415736072	1.1756426415736072	1.1756426415736072
AZD0530	ENSG00000275019	1.175521505993104	1.175521505993104	1.175521505993104
AZD0530	ENSG00000243069	1.1755156127439745	1.1755156127439745	1.1755156127439745
AZD0530	ENSG00000180011	1.1749504849484729	1.1749504849484729	1.1749504849484729
AZD0530	ENSG00000127483	1.1747719969543737	1.1747719969543737	1.1747719969543737
AZD0530	ENSG00000006747	1.1746655667192627	1.1746655667192627	1.1746655667192627
AZD0530	ENSG00000171858	1.1745186705247488	1.1745186705247488	1.1745186705247488
AZD0530	ENSG00000127084	1.1744248781200441	1.1744248781200441	1.1744248781200441
AZD0530	LOC100505986	1.1744072428538428	1.1744072428538428	1.1744072428538428
AZD0530	ENSG00000168010	1.1743378620504408	1.1743378620504408	1.1743378620504408
AZD0530	ENSG00000136694	1.1741431815305141	1.1741431815305141	1.1741431815305141
AZD0530	ENSG00000136436	1.174059148526832	1.174059148526832	1.174059148526832
AZD0530	ENSG00000150977	1.1740547208695262	1.1740547208695262	1.1740547208695262
AZD0530	ENSG00000123485	1.1738881615469619	1.1738881615469619	1.1738881615469619
AZD0530	ENSG00000108602	1.173860567954616	1.173860567954616	1.173860567954616
AZD0530	ENSG00000132017	1.1738580398002942	1.1738580398002942	1.1738580398002942
AZD0530	ENSG00000116690	1.173745349806686	1.173745349806686	1.173745349806686
AZD0530	ENSG00000160602	1.1737430660593717	1.1737430660593717	1.1737430660593717
AZD0530	ENSG00000162493	1.173640069821696	1.173640069821696	1.173640069821696
AZD0530	ENSG00000134201	1.1733868322495267	1.1733868322495267	1.1733868322495267
AZD0530	ENSG00000134686	1.1731769001848877	1.1731769001848877	1.1731769001848877
AZD0530	ENSG00000142731	1.1731464791240849	1.1731464791240849	1.1731464791240849
AZD0530	ENSG00000068697	1.1731264591475141	1.1731264591475141	1.1731264591475141
AZD0530	ENSG00000102055	1.1730688003145213	1.1730688003145213	1.1730688003145213
AZD0530	ENSG00000180259	1.173042475639634	1.173042475639634	1.173042475639634
AZD0530	CXorf69	1.173039318507584	1.173039318507584	1.173039318507584
AZD0530	ENSG00000124194	1.1728960674974243	1.1728960674974243	1.1728960674974243
AZD0530	LOC100379224	1.1727854559595459	1.1727854559595459	1.1727854559595459
AZD0530	ENSG00000160999	1.1727608000242218	1.1727608000242218	1.1727608000242218
AZD0530	ENSG00000108852	1.1727053619701644	1.1727053619701644	1.1727053619701644
AZD0530	LOC145694	1.1726937376071331	1.1726937376071331	1.1726937376071331
AZD0530	ENSG00000157625	1.1726409911869449	1.1726409911869449	1.1726409911869449
AZD0530	ENSG00000267365	1.1724938706533534	1.1724938706533534	1.1724938706533534
AZD0530	ENSG00000147536	1.172426016170432	1.172426016170432	1.172426016170432
AZD0530	LOC286083	1.172107989317445	1.172107989317445	1.172107989317445
AZD0530	ENSG00000178996	1.1718886893114921	1.1718886893114921	1.1718886893114921
AZD0530	ENSG00000088448	1.1718543207209016	1.1718543207209016	1.1718543207209016
AZD0530	ENSG00000026036	1.1717806975657519	1.1717806975657519	1.1717806975657519
AZD0530	ENSG00000134595	1.1717020949697416	1.1717020949697416	1.1717020949697416
AZD0530	ENSG00000164338	1.171171427762876	1.171171427762876	1.171171427762876
AZD0530	ENSG00000158716	1.1711427996428152	1.1711427996428152	1.1711427996428152
AZD0530	ENSG00000225745	1.1710453722602931	1.1710453722602931	1.1710453722602931
AZD0530	ENSG00000068912	1.1708632465094986	1.1708632465094986	1.1708632465094986
AZD0530	ENSG00000116106	1.1707793462534353	1.1707793462534353	1.1707793462534353
AZD0530	LOC100506089	1.1703828233551512	1.1703828233551512	1.1703828233551512
AZD0530	ENSG00000171490	1.170351324082254	1.170351324082254	1.170351324082254
AZD0530	ENSG00000172828	1.1703293004787163	1.1703293004787163	1.1703293004787163
AZD0530	ENSG00000107819	1.1701247760808247	1.1701247760808247	1.1701247760808247
AZD0530	ENSG00000179195	1.169995090577448	1.169995090577448	1.169995090577448
AZD0530	C1orf55	1.1698996790366412	1.1698996790366412	1.1698996790366412
AZD0530	ENSG00000167642	1.1698287822726845	1.1698287822726845	1.1698287822726845
AZD0530	ENSG00000189007	1.1697843247500108	1.1697843247500108	1.1697843247500108
AZD0530	ENSG00000226111	1.1695067189714121	1.1695067189714121	1.1695067189714121
AZD0530	ENSG00000184148	1.1694887104608236	1.1694887104608236	1.1694887104608236
AZD0530	ENSG00000138071	1.1694380739561914	1.1694380739561914	1.1694380739561914
AZD0530	ENSG00000198090	1.1694222982364817	1.1694222982364817	1.1694222982364817
AZD0530	ENSG00000131730	1.1692934890481919	1.1692934890481919	1.1692934890481919
AZD0530	ENSG00000122870	1.169235694587523	1.169235694587523	1.169235694587523
AZD0530	LOC643837	1.169082563985059	1.169082563985059	1.169082563985059
AZD0530	ENSG00000116096	1.1689106811472367	1.1689106811472367	1.1689106811472367
AZD0530	ENSG00000167112	1.1684973148127065	1.1684973148127065	1.1684973148127065
AZD0530	LOC254312	1.1684338742542941	1.1684338742542941	1.1684338742542941
AZD0530	ENSG00000178188	1.1683601329093423	1.1683601329093423	1.1683601329093423
AZD0530	ENSG00000132024	1.1682620358596232	1.1682620358596232	1.1682620358596232
AZD0530	ENSG00000140285	1.168203436029623	1.168203436029623	1.168203436029623
AZD0530	ENSG00000163702	1.1681484545960839	1.1681484545960839	1.1681484545960839
AZD0530	ENSG00000169621	1.168127800752149	1.168127800752149	1.168127800752149
AZD0530	ENSG00000079393	1.1681178435540058	1.1681178435540058	1.1681178435540058
AZD0530	C15orf5	1.1680751365247104	1.1680751365247104	1.1680751365247104
AZD0530	ENSG00000091831	1.1680164153494115	1.1680164153494115	1.1680164153494115
AZD0530	ENSG00000173275	1.1679975172691266	1.1679975172691266	1.1679975172691266
AZD0530	LOC100652904	1.1678593918409708	1.1678593918409708	1.1678593918409708
AZD0530	ENSG00000157343	1.1678528597350908	1.1678528597350908	1.1678528597350908
AZD0530	ENSG00000276220	1.1672416091241	1.1672416091241	1.1672416091241
AZD0530	ENSG00000138796	1.1671294850727298	1.1671294850727298	1.1671294850727298
AZD0530	ENSG00000159147	1.1671252329935582	1.1671252329935582	1.1671252329935582
AZD0530	ENSG00000111540	1.1670861389745213	1.1670861389745213	1.1670861389745213
AZD0530	ENSG00000181220	1.1669398751816167	1.1669398751816167	1.1669398751816167
AZD0530	ENSG00000057019	1.1668941188469732	1.1668941188469732	1.1668941188469732
AZD0530	ENSG00000125246	1.1667360113145193	1.1667360113145193	1.1667360113145193
AZD0530	ENSG00000072694	1.1665268632498735	1.1665268632498735	1.1665268632498735
AZD0530	ENSG00000112576	1.1664388141561886	1.1664388141561886	1.1664388141561886
AZD0530	ENSG00000145919	1.1661838223737193	1.1661838223737193	1.1661838223737193
AZD0530	ENSG00000113492	1.16591359514585	1.16591359514585	1.16591359514585
AZD0530	ENSG00000205364	1.1657961243777342	1.1657961243777342	1.1657961243777342
AZD0530	C2orf55	1.1656927961041195	1.1656927961041195	1.1656927961041195
AZD0530	LRG_168	1.1655620033268097	1.1655620033268097	1.1655620033268097
AZD0530	ENSG00000125971	1.165471915639421	1.165471915639421	1.165471915639421
AZD0530	ENSG00000181631	1.165352096037658	1.165352096037658	1.165352096037658
AZD0530	ENSG00000106305	1.1652994340358247	1.1652994340358247	1.1652994340358247
AZD0530	ENSG00000070476	1.165282783236769	1.165282783236769	1.165282783236769
AZD0530	ENSG00000167380	1.1650406036503453	1.1650406036503453	1.1650406036503453
AZD0530	ENSG00000134250	1.1648563848660354	1.1648563848660354	1.1648563848660354
AZD0530	ENSG00000189120	1.1646850511198983	1.1646850511198983	1.1646850511198983
AZD0530	ENSG00000136099	1.1646069896697966	1.1646069896697966	1.1646069896697966
AZD0530	GDEP	1.1645424146265007	1.1645424146265007	1.1645424146265007
AZD0530	LOC100507291	1.1644278504127954	1.1644278504127954	1.1644278504127954
AZD0530	ENSG00000087303	1.1643944348745277	1.1643944348745277	1.1643944348745277
AZD0530	ENSG00000054116	1.1639715252078175	1.1639715252078175	1.1639715252078175
AZD0530	ENSG00000144580	1.1639418071730743	1.1639418071730743	1.1639418071730743
AZD0530	ENSG00000176340	1.1639325921337764	1.1639325921337764	1.1639325921337764
AZD0530	ENSG00000112874	1.163927081498237	1.163927081498237	1.163927081498237
AZD0530	ENSG00000137054	1.163847658261967	1.163847658261967	1.163847658261967
AZD0530	ENSG00000156983	1.1638036523657238	1.1638036523657238	1.1638036523657238
AZD0530	ENSG00000168229	1.1637668626261546	1.1637668626261546	1.1637668626261546
AZD0530	ENSG00000149231	1.163580209330906	1.163580209330906	1.163580209330906
AZD0530	ENSG00000141013	1.1631835160506065	1.1631835160506065	1.1631835160506065
AZD0530	LOC100505746	1.1631549927349092	1.1631549927349092	1.1631549927349092
AZD0530	ENSG00000174307	1.1628371216111026	1.1628371216111026	1.1628371216111026
AZD0530	ENSG00000109606	1.1628256666670014	1.1628256666670014	1.1628256666670014
AZD0530	ENSG00000182180	1.1627978994411718	1.1627978994411718	1.1627978994411718
AZD0530	ENSG00000099622	1.1627868223015803	1.1627868223015803	1.1627868223015803
AZD0530	LRG_270	1.1626964339096186	1.1626964339096186	1.1626964339096186
AZD0530	ENSG00000157399	1.1626567256967222	1.1626567256967222	1.1626567256967222
AZD0530	LOC100128191	1.1624580707276957	1.1624580707276957	1.1624580707276957
AZD0530	ENSG00000163590	1.1622222003761111	1.1622222003761111	1.1622222003761111
AZD0530	ARMCX5-GPRASP2	1.1621599376730691	1.1621599376730691	1.1621599376730691
AZD0530	ENSG00000234456	1.1621006231729862	1.1621006231729862	1.1621006231729862
AZD0530	ENSG00000165660	1.1620198823144903	1.1620198823144903	1.1620198823144903
AZD0530	ENSG00000189266	1.1620176389829373	1.1620176389829373	1.1620176389829373
AZD0530	ENSG00000124440	1.162004381530099	1.162004381530099	1.162004381530099
AZD0530	ENSG00000101327	1.1618284018209952	1.1618284018209952	1.1618284018209952
AZD0530	ENSG00000160741	1.1618080736780445	1.1618080736780445	1.1618080736780445
AZD0530	ENSG00000138459	1.1616511098118485	1.1616511098118485	1.1616511098118485
AZD0530	O3FAR1	1.1615520895399902	1.1615520895399902	1.1615520895399902
AZD0530	ENSG00000170417	1.1615458864262878	1.1615458864262878	1.1615458864262878
AZD0530	ENSG00000121774	1.1611693779527223	1.1611693779527223	1.1611693779527223
AZD0530	ENSG00000162139	1.1610404879398704	1.1610404879398704	1.1610404879398704
AZD0530	ENSG00000167011	1.16096418961254	1.16096418961254	1.16096418961254
AZD0530	ENSG00000137221	1.1608714665473194	1.1608714665473194	1.1608714665473194
AZD0530	ENSG00000081721	1.160776616045201	1.160776616045201	1.160776616045201
AZD0530	ENSG00000142347	1.1607709625430582	1.1607709625430582	1.1607709625430582
AZD0530	ENSG00000059573	1.1606030085594308	1.1606030085594308	1.1606030085594308
AZD0530	ENSG00000118473	1.1604165951623326	1.1604165951623326	1.1604165951623326
AZD0530	ENSG00000138279	1.160356289176103	1.160356289176103	1.160356289176103
AZD0530	ENSG00000196090	1.16030496377854	1.16030496377854	1.16030496377854
AZD0530	ENSG00000167363	1.1602737442519553	1.1602737442519553	1.1602737442519553
AZD0530	KIAA1737	1.1602127748561826	1.1602127748561826	1.1602127748561826
AZD0530	ENSG00000198055	1.1601461093766539	1.1601461093766539	1.1601461093766539
AZD0530	ENSG00000161610	1.1600626849133435	1.1600626849133435	1.1600626849133435
AZD0530	ENSG00000101057	1.1599878561927046	1.1599878561927046	1.1599878561927046
AZD0530	ENSG00000087245	1.1598515100571596	1.1598515100571596	1.1598515100571596
AZD0530	ENSG00000130590	1.159696379618184	1.159696379618184	1.159696379618184
AZD0530	ENSG00000116918	1.1596581243577269	1.1596581243577269	1.1596581243577269
AZD0530	ENSG00000134222	1.159566211756816	1.159566211756816	1.159566211756816
AZD0530	ENSG00000137090	1.1595630141577022	1.1595630141577022	1.1595630141577022
AZD0530	ENSG00000105854	1.1593896054221604	1.1593896054221604	1.1593896054221604
AZD0530	ENSG00000103495	1.159368043516425	1.159368043516425	1.159368043516425
AZD0530	ENSG00000028310	1.1590424825698795	1.1590424825698795	1.1590424825698795
AZD0530	ENSG00000228723	1.1585041280211905	1.1585041280211905	1.1585041280211905
AZD0530	ENSG00000172671	1.1584298186052233	1.1584298186052233	1.1584298186052233
AZD0530	ENSG00000163867	1.158409487502161	1.158409487502161	1.158409487502161
AZD0530	ENSG00000009790	1.1582691514907322	1.1582691514907322	1.1582691514907322
AZD0530	ENSG00000171115	1.1579573775935719	1.1579573775935719	1.1579573775935719
AZD0530	ENSG00000001036	1.1578820718090859	1.1578820718090859	1.1578820718090859
AZD0530	ENSG00000105202	1.1578673967400896	1.1578673967400896	1.1578673967400896
AZD0530	ENSG00000144736	1.157854841149808	1.157854841149808	1.157854841149808
AZD0530	LOC100505854	1.1577413372103031	1.1577413372103031	1.1577413372103031
AZD0530	AGXT2L2	1.1577120498293645	1.1577120498293645	1.1577120498293645
AZD0530	ENSG00000092439	1.1575835647292536	1.1575835647292536	1.1575835647292536
AZD0530	ENSG00000155008	1.1575203534168697	1.1575203534168697	1.1575203534168697
AZD0530	ENSG00000004478	1.1574370475557552	1.1574370475557552	1.1574370475557552
AZD0530	C15orf29	1.1574212962984434	1.1574212962984434	1.1574212962984434
AZD0530	ENSG00000110921	1.1573519003644126	1.1573519003644126	1.1573519003644126
AZD0530	ENSG00000100600	1.157123678417488	1.157123678417488	1.157123678417488
AZD0530	ENSG00000129534	1.156932793912578	1.156932793912578	1.156932793912578
AZD0530	ENSG00000197177	1.1567668058087042	1.1567668058087042	1.1567668058087042
AZD0530	LRG_227	1.1566642379374172	1.1566642379374172	1.1566642379374172
AZD0530	ENSG00000175283	1.1565464378790096	1.1565464378790096	1.1565464378790096
AZD0530	ENSG00000185972	1.156384724462326	1.156384724462326	1.156384724462326
AZD0530	ENSG00000168903	1.1563484356822484	1.1563484356822484	1.1563484356822484
AZD0530	ENSG00000128487	1.1562706501404687	1.1562706501404687	1.1562706501404687
AZD0530	ENSG00000197903	1.156261758520366	1.156261758520366	1.156261758520366
AZD0530	ENSG00000184470	1.1562417311851707	1.1562417311851707	1.1562417311851707
AZD0530	MTERFD1	1.1561619290545893	1.1561619290545893	1.1561619290545893
AZD0530	ENSG00000110203	1.1560708185060686	1.1560708185060686	1.1560708185060686
AZD0530	ENSG00000134013	1.1560210491767844	1.1560210491767844	1.1560210491767844
AZD0530	ENSG00000179091	1.1558736706309027	1.1558736706309027	1.1558736706309027
AZD0530	ENSG00000171310	1.1558206051820128	1.1558206051820128	1.1558206051820128
AZD0530	C21orf7	1.1557861283762356	1.1557861283762356	1.1557861283762356
AZD0530	ENSG00000214357	1.1556885399313537	1.1556885399313537	1.1556885399313537
AZD0530	LOC100507156	1.1556279815262835	1.1556279815262835	1.1556279815262835
AZD0530	ENSG00000117308	1.1555780045840232	1.1555780045840232	1.1555780045840232
AZD0530	ENSG00000162374	1.1555749782789506	1.1555749782789506	1.1555749782789506
AZD0530	ENSG00000064419	1.155533203781086	1.155533203781086	1.155533203781086
AZD0530	ENSG00000142273	1.1554595767110345	1.1554595767110345	1.1554595767110345
AZD0530	ENSG00000179144	1.1552541176713282	1.1552541176713282	1.1552541176713282
AZD0530	ENSG00000116703	1.155178892721265	1.155178892721265	1.155178892721265
AZD0530	ENSG00000236398	1.1546802153706075	1.1546802153706075	1.1546802153706075
AZD0530	ENSG00000169515	1.1543648597426484	1.1543648597426484	1.1543648597426484
AZD0530	ENSG00000173728	1.154359893662889	1.154359893662889	1.154359893662889
AZD0530	ENSG00000069493	1.1543250174521633	1.1543250174521633	1.1543250174521633
AZD0530	ENSG00000224196	1.1542871288316046	1.1542871288316046	1.1542871288316046
AZD0530	ENSG00000248483	1.1541708713144545	1.1541708713144545	1.1541708713144545
AZD0530	ENSG00000133710	1.1539800870262493	1.1539800870262493	1.1539800870262493
AZD0530	ENSG00000131263	1.153885429792611	1.153885429792611	1.153885429792611
AZD0530	ENSG00000180071	1.15385560887861	1.15385560887861	1.15385560887861
AZD0530	ENSG00000112977	1.153787189521007	1.153787189521007	1.153787189521007
AZD0530	ENSG00000064547	1.1536995334419553	1.1536995334419553	1.1536995334419553
AZD0530	ENSG00000118507	1.1536643654923835	1.1536643654923835	1.1536643654923835
AZD0530	ENSG00000100034	1.153426524417963	1.153426524417963	1.153426524417963
AZD0530	C5orf41	1.153394858318192	1.153394858318192	1.153394858318192
AZD0530	ENSG00000154016	1.1533626561190797	1.1533626561190797	1.1533626561190797
AZD0530	LOC400752	1.1533525628328343	1.1533525628328343	1.1533525628328343
AZD0530	ENSG00000134049	1.1531382040646068	1.1531382040646068	1.1531382040646068
AZD0530	ENSG00000164129	1.1530402422398327	1.1530402422398327	1.1530402422398327
AZD0530	ENSG00000144468	1.153007511617029	1.153007511617029	1.153007511617029
AZD0530	LOC728537	1.1529304786443535	1.1529304786443535	1.1529304786443535
AZD0530	ENSG00000115607	1.1529254009820102	1.1529254009820102	1.1529254009820102
AZD0530	C20orf112	1.1529180163007693	1.1529180163007693	1.1529180163007693
AZD0530	ENSG00000197050	1.1523988859853158	1.1523988859853158	1.1523988859853158
AZD0530	ENSG00000176986	1.1522518207375256	1.1522518207375256	1.1522518207375256
AZD0530	ENSG00000131558	1.1522192347187459	1.1522192347187459	1.1522192347187459
AZD0530	ENSG00000049323	1.1521576543841705	1.1521576543841705	1.1521576543841705
AZD0530	ENSG00000162782	1.1519971519940178	1.1519971519940178	1.1519971519940178
AZD0530	ENSG00000167858	1.1519243949727755	1.1519243949727755	1.1519243949727755
AZD0530	ENSG00000205822	1.1516905097933714	1.1516905097933714	1.1516905097933714
AZD0530	ENSG00000080815	1.1515243192106097	1.1515243192106097	1.1515243192106097
AZD0530	ENSG00000163629	1.1514645446963487	1.1514645446963487	1.1514645446963487
AZD0530	ENSG00000229847	1.1513729019551888	1.1513729019551888	1.1513729019551888
AZD0530	ENSG00000179600	1.1512125488652472	1.1512125488652472	1.1512125488652472
AZD0530	ENSG00000162851	1.151173516595031	1.151173516595031	1.151173516595031
AZD0530	ENSG00000143473	1.1510518258232154	1.1510518258232154	1.1510518258232154
AZD0530	ENSG00000060642	1.1510218196746878	1.1510218196746878	1.1510218196746878
AZD0530	ENSG00000123595	1.1509845978818207	1.1509845978818207	1.1509845978818207
AZD0530	ENSG00000187690	1.1509227449497115	1.1509227449497115	1.1509227449497115
AZD0530	ENSG00000053702	1.150546685939713	1.150546685939713	1.150546685939713
AZD0530	ENSG00000104960	1.1504541633374104	1.1504541633374104	1.1504541633374104
AZD0530	ENSG00000142484	1.14993014714104	1.14993014714104	1.14993014714104
AZD0530	LRG_540	1.1499273484932413	1.1499273484932413	1.1499273484932413
AZD0530	ENSG00000231436	1.149843618273088	1.149843618273088	1.149843618273088
AZD0530	ENSG00000141574	1.1498272304427455	1.1498272304427455	1.1498272304427455
AZD0530	ENSG00000224227	1.149766535220416	1.149766535220416	1.149766535220416
AZD0530	LOC100506994	1.1495609780462928	1.1495609780462928	1.1495609780462928
AZD0530	ENSG00000128039	1.1492666585623448	1.1492666585623448	1.1492666585623448
AZD0530	LOC100169752	1.1492103461365113	1.1492103461365113	1.1492103461365113
AZD0530	ENSG00000160339	1.1488948775793768	1.1488948775793768	1.1488948775793768
AZD0530	ENSG00000183607	1.148684934823959	1.148684934823959	1.148684934823959
AZD0530	ENSG00000229685	1.1486278600230642	1.1486278600230642	1.1486278600230642
AZD0530	ENSG00000072042	1.1485688591735306	1.1485688591735306	1.1485688591735306
AZD0530	ENSG00000099338	1.1485503310839358	1.1485503310839358	1.1485503310839358
AZD0530	ENSG00000168434	1.148491767311636	1.148491767311636	1.148491767311636
AZD0530	ENSG00000164591	1.1484299189594722	1.1484299189594722	1.1484299189594722
AZD0530	ENSG00000013523	1.1483327553609024	1.1483327553609024	1.1483327553609024
AZD0530	ENSG00000132613	1.148262676668539	1.148262676668539	1.148262676668539
AZD0530	ENSG00000229391	1.1482302431601334	1.1482302431601334	1.1482302431601334
AZD0530	ENSG00000134369	1.1481285702334345	1.1481285702334345	1.1481285702334345
AZD0530	ENSG00000116981	1.1481113315357232	1.1481113315357232	1.1481113315357232
AZD0530	ENSG00000164919	1.1480713749107776	1.1480713749107776	1.1480713749107776
AZD0530	ENSG00000176566	1.1480236674896696	1.1480236674896696	1.1480236674896696
AZD0530	LOC100506107	1.1480013484256515	1.1480013484256515	1.1480013484256515
AZD0530	ENSG00000059377	1.147971755063964	1.147971755063964	1.147971755063964
AZD0530	ENSG00000121851	1.1478618178506637	1.1478618178506637	1.1478618178506637
AZD0530	ENSG00000068784	1.1476399941886863	1.1476399941886863	1.1476399941886863
AZD0530	ENSG00000141873	1.147613789333513	1.147613789333513	1.147613789333513
AZD0530	ENSG00000164683	1.1474545006151637	1.1474545006151637	1.1474545006151637
AZD0530	ENSG00000263528	1.1471639754257308	1.1471639754257308	1.1471639754257308
AZD0530	ENSG00000159200	1.1470269469348482	1.1470269469348482	1.1470269469348482
AZD0530	ENSG00000120253	1.1470045577442125	1.1470045577442125	1.1470045577442125
AZD0530	ENSG00000124939	1.1469530073090015	1.1469530073090015	1.1469530073090015
AZD0530	ENSG00000130749	1.1469180724921515	1.1469180724921515	1.1469180724921515
AZD0530	ENSG00000149485	1.1466881637663777	1.1466881637663777	1.1466881637663777
AZD0530	C8orf42	1.1466174222372416	1.1466174222372416	1.1466174222372416
AZD0530	ENSG00000216490	1.1463562018414668	1.1463562018414668	1.1463562018414668
AZD0530	ENSG00000101311	1.1458971806199756	1.1458971806199756	1.1458971806199756
AZD0530	LOC100506577	1.1458497026649308	1.1458497026649308	1.1458497026649308
AZD0530	ENSG00000175203	1.1457676003132402	1.1457676003132402	1.1457676003132402
AZD0530	ENSG00000038358	1.145464534789397	1.145464534789397	1.145464534789397
AZD0530	ENSG00000172955	1.1454195799121827	1.1454195799121827	1.1454195799121827
AZD0530	ENSG00000136261	1.145231376314908	1.145231376314908	1.145231376314908
AZD0530	ENSG00000147606	1.145126871643167	1.145126871643167	1.145126871643167
AZD0530	ENSG00000181481	1.145105870936134	1.145105870936134	1.145105870936134
AZD0530	ENSG00000204406	1.1447157936873533	1.1447157936873533	1.1447157936873533
AZD0530	ENSG00000215790	1.1446890221406096	1.1446890221406096	1.1446890221406096
AZD0530	ENSG00000114520	1.1446512485565812	1.1446512485565812	1.1446512485565812
AZD0530	ENSG00000176697	1.144632650156928	1.144632650156928	1.144632650156928
AZD0530	ENSG00000124743	1.144589776860391	1.144589776860391	1.144589776860391
AZD0530	ENSG00000146676	1.1444508106458042	1.1444508106458042	1.1444508106458042
AZD0530	ENSG00000146966	1.1443270513344472	1.1443270513344472	1.1443270513344472
AZD0530	C6orf162	1.144316440936364	1.144316440936364	1.144316440936364
AZD0530	ENSG00000119820	1.1438725860546548	1.1438725860546548	1.1438725860546548
AZD0530	ENSG00000271503	1.1438674497204766	1.1438674497204766	1.1438674497204766
AZD0530	ENSG00000009780	1.1437669548642062	1.1437669548642062	1.1437669548642062
AZD0530	LRG_422	1.1437017780841432	1.1437017780841432	1.1437017780841432
AZD0530	ENSG00000240764	1.1434208826145136	1.1434208826145136	1.1434208826145136
AZD0530	ENSG00000164181	1.1434033329637103	1.1434033329637103	1.1434033329637103
AZD0530	ENSG00000007255	1.1432404810117935	1.1432404810117935	1.1432404810117935
AZD0530	ENSG00000183077	1.1430683298308424	1.1430683298308424	1.1430683298308424
AZD0530	ENSG00000171401	1.143048689655343	1.143048689655343	1.143048689655343
AZD0530	ENSG00000206052	1.1427089068276228	1.1427089068276228	1.1427089068276228
AZD0530	ENSG00000181915	1.1426432884543047	1.1426432884543047	1.1426432884543047
AZD0530	ENSG00000254535	1.142512858033345	1.142512858033345	1.142512858033345
AZD0530	ENSG00000175787	1.1423709655216496	1.1423709655216496	1.1423709655216496
AZD0530	ENSG00000213654	1.141990502292553	1.141990502292553	1.141990502292553
AZD0530	ENSG00000132825	1.1418791905898318	1.1418791905898318	1.1418791905898318
AZD0530	ENSG00000130311	1.1414955021523976	1.1414955021523976	1.1414955021523976
AZD0530	ENSG00000173818	1.141235782009654	1.141235782009654	1.141235782009654
AZD0530	ENSG00000147383	1.141108711157054	1.141108711157054	1.141108711157054
AZD0530	ENSG00000087086	1.1410716722293412	1.1410716722293412	1.1410716722293412
AZD0530	ENSG00000130522	1.1408655711352225	1.1408655711352225	1.1408655711352225
AZD0530	ENSG00000103710	1.1408631015350255	1.1408631015350255	1.1408631015350255
AZD0530	ENSG00000116809	1.1407009189782233	1.1407009189782233	1.1407009189782233
AZD0530	ENSG00000107263	1.140682443797524	1.140682443797524	1.140682443797524
AZD0530	ENSG00000205208	1.1406423497799911	1.1406423497799911	1.1406423497799911
AZD0530	ENSG00000169248	1.1406005620499906	1.1406005620499906	1.1406005620499906
AZD0530	ENSG00000196118	1.1405869185392592	1.1405869185392592	1.1405869185392592
AZD0530	ENSG00000111880	1.1405085793040695	1.1405085793040695	1.1405085793040695
AZD0530	ENSG00000154153	1.140503114609987	1.140503114609987	1.140503114609987
AZD0530	ENSG00000081087	1.14046228801833	1.14046228801833	1.14046228801833
AZD0530	ENSG00000109111	1.1404346919204604	1.1404346919204604	1.1404346919204604
AZD0530	ENSG00000151208	1.1403603926038213	1.1403603926038213	1.1403603926038213
AZD0530	ENSG00000182492	1.1402654607150868	1.1402654607150868	1.1402654607150868
AZD0530	ENSG00000130717	1.1402382656431833	1.1402382656431833	1.1402382656431833
AZD0530	ENSG00000102409	1.1400150526497674	1.1400150526497674	1.1400150526497674
AZD0530	ENSG00000100170	1.139040192788015	1.139040192788015	1.139040192788015
AZD0530	ENSG00000147654	1.138930087187935	1.138930087187935	1.138930087187935
AZD0530	LRG_485	1.1387961627943406	1.1387961627943406	1.1387961627943406
AZD0530	ENSG00000140955	1.138766595105351	1.138766595105351	1.138766595105351
AZD0530	ENSG00000109458	1.1386936128632483	1.1386936128632483	1.1386936128632483
AZD0530	ENSG00000275410	1.138554526895004	1.138554526895004	1.138554526895004
AZD0530	ENSG00000171806	1.1381569519358123	1.1381569519358123	1.1381569519358123
AZD0530	ENSG00000111199	1.1381213060458673	1.1381213060458673	1.1381213060458673
AZD0530	ENSG00000051128	1.1379692313429692	1.1379692313429692	1.1379692313429692
AZD0530	ENSG00000182899	1.1377938637719704	1.1377938637719704	1.1377938637719704
AZD0530	ENSG00000163131	1.1377763152891935	1.1377763152891935	1.1377763152891935
AZD0530	ENSG00000197487	1.1377008870258911	1.1377008870258911	1.1377008870258911
AZD0530	ENSG00000111837	1.1375077606944286	1.1375077606944286	1.1375077606944286
AZD0530	ENSG00000174780	1.1374026283961256	1.1374026283961256	1.1374026283961256
AZD0530	LOC100506029	1.136990477008126	1.136990477008126	1.136990477008126
AZD0530	ENSG00000127837	1.1368835211706747	1.1368835211706747	1.1368835211706747
AZD0530	ENSG00000211949	1.1368622877771386	1.1368622877771386	1.1368622877771386
AZD0530	ENSG00000226634	1.136636852106888	1.136636852106888	1.136636852106888
AZD0530	ENSG00000177143	1.1365242088117395	1.1365242088117395	1.1365242088117395
AZD0530	ENSG00000162747	1.136312963029545	1.136312963029545	1.136312963029545
AZD0530	ENSG00000138756	1.136189069584365	1.136189069584365	1.136189069584365
AZD0530	ENSG00000170262	1.1361439541551441	1.1361439541551441	1.1361439541551441
AZD0530	ENSG00000179172	1.1360413285537978	1.1360413285537978	1.1360413285537978
AZD0530	ENSG00000161281	1.1360068254301117	1.1360068254301117	1.1360068254301117
AZD0530	ENSG00000065600	1.1358948371704465	1.1358948371704465	1.1358948371704465
AZD0530	ENSG00000188554	1.1358280152910165	1.1358280152910165	1.1358280152910165
AZD0530	ENSG00000217555	1.1355249451440685	1.1355249451440685	1.1355249451440685
AZD0530	ENSG00000171714	1.135445933719648	1.135445933719648	1.135445933719648
AZD0530	ENSG00000235280	1.1353067106380963	1.1353067106380963	1.1353067106380963
AZD0530	ENSG00000145721	1.1351079056212772	1.1351079056212772	1.1351079056212772
AZD0530	ENSG00000096060	1.135097390377329	1.135097390377329	1.135097390377329
AZD0530	ENSG00000139547	1.1348713493118576	1.1348713493118576	1.1348713493118576
AZD0530	ENSG00000041880	1.1347989675893553	1.1347989675893553	1.1347989675893553
AZD0530	ENSG00000169991	1.1344675729748217	1.1344675729748217	1.1344675729748217
AZD0530	ENSG00000148334	1.134409513806817	1.134409513806817	1.134409513806817
AZD0530	ENSG00000154122	1.1341909095915146	1.1341909095915146	1.1341909095915146
AZD0530	ENSG00000111843	1.1341819357632847	1.1341819357632847	1.1341819357632847
AZD0530	ENSG00000156860	1.1340374282258021	1.1340374282258021	1.1340374282258021
AZD0530	ENSG00000170275	1.1339897027225414	1.1339897027225414	1.1339897027225414
AZD0530	ENSG00000080293	1.1338933050507614	1.1338933050507614	1.1338933050507614
AZD0530	ENSG00000160285	1.1337437679539806	1.1337437679539806	1.1337437679539806
AZD0530	LOC100507495	1.1337003314912255	1.1337003314912255	1.1337003314912255
AZD0530	TTLL13	1.1336912538689818	1.1336912538689818	1.1336912538689818
AZD0530	ENSG00000163497	1.133686626388729	1.133686626388729	1.133686626388729
AZD0530	ENSG00000011304	1.133337755352004	1.133337755352004	1.133337755352004
AZD0530	LOC100505715	1.1332684393530066	1.1332684393530066	1.1332684393530066
AZD0530	ENSG00000133619	1.1330608494603878	1.1330608494603878	1.1330608494603878
AZD0530	SPG20OS	1.1330157318756084	1.1330157318756084	1.1330157318756084
AZD0530	ENSG00000065548	1.1329221445034685	1.1329221445034685	1.1329221445034685
AZD0530	ENSG00000171345	1.1326862113773375	1.1326862113773375	1.1326862113773375
AZD0530	ENSG00000250120	1.132652997763561	1.132652997763561	1.132652997763561
AZD0530	ENSG00000138944	1.1324646058217904	1.1324646058217904	1.1324646058217904
AZD0530	LOC100506790	1.1323754081293016	1.1323754081293016	1.1323754081293016
AZD0530	ENSG00000115641	1.1322189500000683	1.1322189500000683	1.1322189500000683
AZD0530	ENSG00000164168	1.1321706858631897	1.1321706858631897	1.1321706858631897
AZD0530	TXNDC3	1.1320787570064639	1.1320787570064639	1.1320787570064639
AZD0530	ENSG00000079150	1.1320661141520798	1.1320661141520798	1.1320661141520798
AZD0530	ENSG00000134470	1.1319385411704492	1.1319385411704492	1.1319385411704492
AZD0530	LOC100507217	1.1317232605327745	1.1317232605327745	1.1317232605327745
AZD0530	ENSG00000176049	1.1316518589924676	1.1316518589924676	1.1316518589924676
AZD0530	ENSG00000185264	1.1315107178572192	1.1315107178572192	1.1315107178572192
AZD0530	ENSG00000138813	1.1314976284806666	1.1314976284806666	1.1314976284806666
AZD0530	ENSG00000134058	1.1313755398511947	1.1313755398511947	1.1313755398511947
AZD0530	ENSG00000168876	1.1313107445180741	1.1313107445180741	1.1313107445180741
AZD0530	ENSG00000167332	1.1312872518239383	1.1312872518239383	1.1312872518239383
AZD0530	ENSG00000281164	1.1312337431618875	1.1312337431618875	1.1312337431618875
AZD0530	ENSG00000123975	1.1309197367722952	1.1309197367722952	1.1309197367722952
AZD0530	ENSG00000148655	1.1307246400209487	1.1307246400209487	1.1307246400209487
AZD0530	ENSG00000182362	1.1306736102691883	1.1306736102691883	1.1306736102691883
AZD0530	ENSG00000119782	1.1306405838982492	1.1306405838982492	1.1306405838982492
AZD0530	ENSG00000172830	1.1305390709376586	1.1305390709376586	1.1305390709376586
AZD0530	ENSG00000251493	1.1304322835746345	1.1304322835746345	1.1304322835746345
AZD0530	LOC100506497	1.1304019965668173	1.1304019965668173	1.1304019965668173
AZD0530	ENSG00000065413	1.130171497311727	1.130171497311727	1.130171497311727
AZD0530	ENSG00000138399	1.1301294512044495	1.1301294512044495	1.1301294512044495
AZD0530	ENSG00000165131	1.1301226016183203	1.1301226016183203	1.1301226016183203
AZD0530	ENSG00000032742	1.1296351448692752	1.1296351448692752	1.1296351448692752
AZD0530	LRG_204	1.1295467297609572	1.1295467297609572	1.1295467297609572
AZD0530	ENSG00000188227	1.12953652245816	1.12953652245816	1.12953652245816
AZD0530	ENSG00000111339	1.1294825357880378	1.1294825357880378	1.1294825357880378
AZD0530	C10orf114	1.1294343801556017	1.1294343801556017	1.1294343801556017
AZD0530	ENSG00000188419	1.1294044001777441	1.1294044001777441	1.1294044001777441
AZD0530	LOC386758	1.1292477252345314	1.1292477252345314	1.1292477252345314
AZD0530	ENSG00000167644	1.1291886781139475	1.1291886781139475	1.1291886781139475
AZD0530	ENSG00000112115	1.1291778140954947	1.1291778140954947	1.1291778140954947
AZD0530	ZFP161	1.1291279809320698	1.1291279809320698	1.1291279809320698
AZD0530	LOC100131825	1.1290778941402064	1.1290778941402064	1.1290778941402064
AZD0530	ENSG00000233725	1.1287598477717207	1.1287598477717207	1.1287598477717207
AZD0530	ENSG00000186517	1.128485311384188	1.128485311384188	1.128485311384188
AZD0530	ENSG00000132535	1.1284015350632495	1.1284015350632495	1.1284015350632495
AZD0530	ENSG00000133561	1.128386488418017	1.128386488418017	1.128386488418017
AZD0530	ENSG00000123552	1.1283303402401588	1.1283303402401588	1.1283303402401588
AZD0530	ENSG00000110321	1.1283243874650946	1.1283243874650946	1.1283243874650946
AZD0530	ENSG00000166068	1.128278796012263	1.128278796012263	1.128278796012263
AZD0530	ENSG00000182575	1.128225519436799	1.128225519436799	1.128225519436799
AZD0530	ENSG00000156239	1.1281547996401082	1.1281547996401082	1.1281547996401082
AZD0530	ENSG00000010219	1.128151078788448	1.128151078788448	1.128151078788448
AZD0530	ENSG00000138336	1.1277888990357838	1.1277888990357838	1.1277888990357838
AZD0530	ENSG00000263163	1.1277158341285207	1.1277158341285207	1.1277158341285207
AZD0530	ENSG00000140481	1.1275659897133752	1.1275659897133752	1.1275659897133752
AZD0530	ENSG00000168582	1.1273984016175396	1.1273984016175396	1.1273984016175396
AZD0530	ENSG00000138109	1.1273878249515308	1.1273878249515308	1.1273878249515308
AZD0530	ENSG00000133858	1.12737188556969	1.12737188556969	1.12737188556969
AZD0530	GTPBP5	1.1272992408090088	1.1272992408090088	1.1272992408090088
AZD0530	ENSG00000009950	1.1272601806271167	1.1272601806271167	1.1272601806271167
AZD0530	ENSG00000184613	1.12710007558193	1.12710007558193	1.12710007558193
AZD0530	ENSG00000122484	1.127083753405875	1.127083753405875	1.127083753405875
AZD0530	LOC100507520	1.12707643850021	1.12707643850021	1.12707643850021
AZD0530	ENSG00000182796	1.1266472385007396	1.1266472385007396	1.1266472385007396
AZD0530	LOC100270679	1.1266042025285876	1.1266042025285876	1.1266042025285876
AZD0530	ENSG00000108688	1.1264205381053016	1.1264205381053016	1.1264205381053016
AZD0530	ENSG00000188981	1.1262768479925491	1.1262768479925491	1.1262768479925491
AZD0530	ENSG00000087250	1.1262566136611856	1.1262566136611856	1.1262566136611856
AZD0530	ENSG00000198780	1.126253739837043	1.126253739837043	1.126253739837043
AZD0530	ENSG00000116668	1.126224975801121	1.126224975801121	1.126224975801121
AZD0530	ENSG00000140382	1.1258808990537812	1.1258808990537812	1.1258808990537812
AZD0530	LRG_403	1.1258410937142538	1.1258410937142538	1.1258410937142538
AZD0530	ENSG00000103657	1.1256230791054171	1.1256230791054171	1.1256230791054171
AZD0530	ENSG00000165644	1.1255685827972293	1.1255685827972293	1.1255685827972293
AZD0530	ENSG00000127080	1.125437067185845	1.125437067185845	1.125437067185845
AZD0530	C17orf110	1.1252517299408942	1.1252517299408942	1.1252517299408942
AZD0530	RP11-165H20.1	1.1245742685149045	1.1245742685149045	1.1245742685149045
AZD0530	ENSG00000136895	1.124569958109418	1.124569958109418	1.124569958109418
AZD0530	ENSG00000107807	1.1244345102190958	1.1244345102190958	1.1244345102190958
AZD0530	ENSG00000147912	1.1242024260520944	1.1242024260520944	1.1242024260520944
AZD0530	ENSG00000198842	1.124030230199723	1.124030230199723	1.124030230199723
AZD0530	ENSG00000095303	1.1239637539627712	1.1239637539627712	1.1239637539627712
AZD0530	ENSG00000171700	1.1237745771327714	1.1237745771327714	1.1237745771327714
AZD0530	ENSG00000143324	1.1234495708334638	1.1234495708334638	1.1234495708334638
AZD0530	ENSG00000058668	1.1233385833083944	1.1233385833083944	1.1233385833083944
AZD0530	LOC283404	1.1232535354082818	1.1232535354082818	1.1232535354082818
AZD0530	ENSG00000007376	1.1228913143175727	1.1228913143175727	1.1228913143175727
AZD0530	ENSG00000073146	1.1226873611700052	1.1226873611700052	1.1226873611700052
AZD0530	ENSG00000130176	1.1226747424888908	1.1226747424888908	1.1226747424888908
AZD0530	ENSG00000135537	1.1225180166505373	1.1225180166505373	1.1225180166505373
AZD0530	ENSG00000091879	1.1224747835354407	1.1224747835354407	1.1224747835354407
AZD0530	ENSG00000164654	1.122383932175758	1.122383932175758	1.122383932175758
AZD0530	ENSG00000119801	1.1222982308445608	1.1222982308445608	1.1222982308445608
AZD0530	ENSG00000215883	1.1221186296159913	1.1221186296159913	1.1221186296159913
AZD0530	ENSG00000136002	1.1220037884933278	1.1220037884933278	1.1220037884933278
AZD0530	ENSG00000121898	1.1219637729295953	1.1219637729295953	1.1219637729295953
AZD0530	ENSG00000062822	1.1219027257353982	1.1219027257353982	1.1219027257353982
AZD0530	ENSG00000238104	1.1217873664466647	1.1217873664466647	1.1217873664466647
AZD0530	ENSG00000103353	1.1217718227571463	1.1217718227571463	1.1217718227571463
AZD0530	ENSG00000198624	1.1215413403483048	1.1215413403483048	1.1215413403483048
AZD0530	ENSG00000157111	1.121528099585057	1.121528099585057	1.121528099585057
AZD0530	C10orf85	1.1213680946845603	1.1213680946845603	1.1213680946845603
AZD0530	ENSG00000144369	1.1213015269252702	1.1213015269252702	1.1213015269252702
AZD0530	ENSG00000254685	1.1212757571184404	1.1212757571184404	1.1212757571184404
AZD0530	ENSG00000067221	1.1212652890811687	1.1212652890811687	1.1212652890811687
AZD0530	ENSG00000213221	1.1212599908157546	1.1212599908157546	1.1212599908157546
AZD0530	ENSG00000156206	1.121217640189875	1.121217640189875	1.121217640189875
AZD0530	ENSG00000183773	1.1210976413664178	1.1210976413664178	1.1210976413664178
AZD0530	ENSG00000124688	1.1209452258509733	1.1209452258509733	1.1209452258509733
AZD0530	ENSG00000182902	1.1209195724776988	1.1209195724776988	1.1209195724776988
AZD0530	ENSG00000171940	1.1208286375421073	1.1208286375421073	1.1208286375421073
AZD0530	ENSG00000169856	1.1207878921525731	1.1207878921525731	1.1207878921525731
AZD0530	ENSG00000147475	1.120524330810963	1.120524330810963	1.120524330810963
AZD0530	ENSG00000132507	1.1199257856904241	1.1199257856904241	1.1199257856904241
AZD0530	ENSG00000143952	1.1199079497172872	1.1199079497172872	1.1199079497172872
AZD0530	ENSG00000167920	1.1198455922768142	1.1198455922768142	1.1198455922768142
AZD0530	ENSG00000167272	1.119822977211971	1.119822977211971	1.119822977211971
AZD0530	ENSG00000143797	1.1194182921403075	1.1194182921403075	1.1194182921403075
AZD0530	ENSG00000255974	1.1192490817084666	1.1192490817084666	1.1192490817084666
AZD0530	ENSG00000189362	1.1189933719424412	1.1189933719424412	1.1189933719424412
AZD0530	ENSG00000061918	1.1187163565653957	1.1187163565653957	1.1187163565653957
AZD0530	ENSG00000100450	1.118603052487311	1.118603052487311	1.118603052487311
AZD0530	ENSG00000181038	1.1184692328502186	1.1184692328502186	1.1184692328502186
AZD0530	LOC285696	1.118399626174538	1.118399626174538	1.118399626174538
AZD0530	ENSG00000181788	1.1181093069221173	1.1181093069221173	1.1181093069221173
AZD0530	LOC100505933	1.1180971840044895	1.1180971840044895	1.1180971840044895
AZD0530	ENSG00000113312	1.1179515643769211	1.1179515643769211	1.1179515643769211
AZD0530	INTS4L1	1.1179213261776877	1.1179213261776877	1.1179213261776877
AZD0530	ENSG00000125398	1.117920228750476	1.117920228750476	1.117920228750476
AZD0530	ENSG00000140368	1.1177975737737456	1.1177975737737456	1.1177975737737456
AZD0530	ENSG00000071051	1.1174237184539833	1.1174237184539833	1.1174237184539833
AZD0530	ENSG00000117152	1.117351300297688	1.117351300297688	1.117351300297688
AZD0530	ENSG00000174939	1.1171341086268243	1.1171341086268243	1.1171341086268243
AZD0530	ENSG00000197208	1.1171021691761978	1.1171021691761978	1.1171021691761978
AZD0530	ENSG00000136732	1.117099110390076	1.117099110390076	1.117099110390076
AZD0530	ENSG00000139160	1.1167630543726237	1.1167630543726237	1.1167630543726237
AZD0530	ENSG00000101194	1.1167389788151643	1.1167389788151643	1.1167389788151643
AZD0530	ENSG00000171643	1.1166567554825513	1.1166567554825513	1.1166567554825513
AZD0530	ENSG00000136859	1.11638380300671	1.11638380300671	1.11638380300671
AZD0530	ENSG00000130479	1.1161586081918204	1.1161586081918204	1.1161586081918204
AZD0530	ENSG00000115290	1.1161560548967988	1.1161560548967988	1.1161560548967988
AZD0530	ENSG00000166734	1.1157462708218076	1.1157462708218076	1.1157462708218076
AZD0530	ENSG00000108523	1.1156307074699117	1.1156307074699117	1.1156307074699117
AZD0530	ENSG00000135677	1.1153507762414228	1.1153507762414228	1.1153507762414228
AZD0530	ENSG00000095787	1.1152068140527747	1.1152068140527747	1.1152068140527747
AZD0530	ENSG00000172482	1.1151665139309275	1.1151665139309275	1.1151665139309275
AZD0530	ENSG00000069869	1.1150693155534896	1.1150693155534896	1.1150693155534896
AZD0530	ENSG00000162735	1.1149551334833314	1.1149551334833314	1.1149551334833314
AZD0530	ENSG00000109685	1.1148753418987596	1.1148753418987596	1.1148753418987596
AZD0530	ENSG00000150656	1.1146830329974642	1.1146830329974642	1.1146830329974642
AZD0530	ENSG00000074696	1.1145959568423152	1.1145959568423152	1.1145959568423152
AZD0530	ENSG00000113163	1.1145179606786215	1.1145179606786215	1.1145179606786215
AZD0530	CXorf61	1.1144982545251942	1.1144982545251942	1.1144982545251942
AZD0530	ENSG00000237009	1.1143344148073255	1.1143344148073255	1.1143344148073255
AZD0530	MGC4294	1.1142245585747128	1.1142245585747128	1.1142245585747128
AZD0530	ENSG00000057608	1.1140917896420899	1.1140917896420899	1.1140917896420899
AZD0530	ENSG00000153823	1.1140868071303307	1.1140868071303307	1.1140868071303307
AZD0530	ENSG00000115875	1.1140439565389302	1.1140439565389302	1.1140439565389302
AZD0530	LOC100505687	1.1140296235653055	1.1140296235653055	1.1140296235653055
AZD0530	FAM55C	1.1137664383156765	1.1137664383156765	1.1137664383156765
AZD0530	ENSG00000185955	1.1135705825056113	1.1135705825056113	1.1135705825056113
AZD0530	ENSG00000095059	1.1133832664008896	1.1133832664008896	1.1133832664008896
AZD0530	ENSG00000141756	1.1133662191160354	1.1133662191160354	1.1133662191160354
AZD0530	ENSG00000102531	1.113268388484706	1.113268388484706	1.113268388484706
AZD0530	ENSG00000156711	1.112949385905725	1.112949385905725	1.112949385905725
AZD0530	ENSG00000123496	1.1126766360777205	1.1126766360777205	1.1126766360777205
AZD0530	ENSG00000156453	1.1126594367293285	1.1126594367293285	1.1126594367293285
AZD0530	ENSG00000008083	1.1125030101336184	1.1125030101336184	1.1125030101336184
AZD0530	ENSG00000135486	1.1124008969824732	1.1124008969824732	1.1124008969824732
AZD0530	ENSG00000082482	1.1121188336673622	1.1121188336673622	1.1121188336673622
AZD0530	ENSG00000124785	1.11210564642576	1.11210564642576	1.11210564642576
AZD0530	ENSG00000196754	1.1120865719118822	1.1120865719118822	1.1120865719118822
AZD0530	ENSG00000160396	1.1120606893853342	1.1120606893853342	1.1120606893853342
AZD0530	ENSG00000076650	1.1119922417429604	1.1119922417429604	1.1119922417429604
AZD0530	ENSG00000105641	1.1117717507226097	1.1117717507226097	1.1117717507226097
AZD0530	ENSG00000171161	1.1117664925370483	1.1117664925370483	1.1117664925370483
AZD0530	ENSG00000128283	1.1116755087881958	1.1116755087881958	1.1116755087881958
AZD0530	ENSG00000182070	1.1116379214031873	1.1116379214031873	1.1116379214031873
AZD0530	ENSG00000149187	1.1113898813925494	1.1113898813925494	1.1113898813925494
AZD0530	ENSG00000138303	1.1113692722332293	1.1113692722332293	1.1113692722332293
AZD0530	ENSG00000005884	1.1113422440600182	1.1113422440600182	1.1113422440600182
AZD0530	ENSG00000173762	1.1110778027929589	1.1110778027929589	1.1110778027929589
AZD0530	ENSG00000140443	1.1107110820086485	1.1107110820086485	1.1107110820086485
AZD0530	ENSG00000205155	1.1106739971496626	1.1106739971496626	1.1106739971496626
AZD0530	ENSG00000214686	1.1105127715599405	1.1105127715599405	1.1105127715599405
AZD0530	ENSG00000280688	1.110374531771403	1.110374531771403	1.110374531771403
AZD0530	ENSG00000160075	1.1102877901189112	1.1102877901189112	1.1102877901189112
AZD0530	ENSG00000099194	1.1102113191289416	1.1102113191289416	1.1102113191289416
AZD0530	ENSG00000197077	1.110204754054267	1.110204754054267	1.110204754054267
AZD0530	ENSG00000168566	1.1097449258609056	1.1097449258609056	1.1097449258609056
AZD0530	ENSG00000276045	1.1096809593695005	1.1096809593695005	1.1096809593695005
AZD0530	ENSG00000108883	1.1096645889370054	1.1096645889370054	1.1096645889370054
AZD0530	ENSG00000187714	1.1095533323999849	1.1095533323999849	1.1095533323999849
AZD0530	LOC100130894	1.109510419126999	1.109510419126999	1.109510419126999
AZD0530	ENSG00000115468	1.1092482165627837	1.1092482165627837	1.1092482165627837
AZD0530	ENSG00000168575	1.1091259703006473	1.1091259703006473	1.1091259703006473
AZD0530	ENSG00000138738	1.109105359642811	1.109105359642811	1.109105359642811
AZD0530	ENSG00000161692	1.10904934817229	1.10904934817229	1.10904934817229
AZD0530	ENSG00000184154	1.1088509797850277	1.1088509797850277	1.1088509797850277
AZD0530	ENSG00000167346	1.1086409497267402	1.1086409497267402	1.1086409497267402
AZD0530	ENSG00000165617	1.1085345191043454	1.1085345191043454	1.1085345191043454
AZD0530	ENSG00000067365	1.108525082138035	1.108525082138035	1.108525082138035
AZD0530	ENSG00000008196	1.1084697581159524	1.1084697581159524	1.1084697581159524
AZD0530	ENSG00000224792	1.1084221323103838	1.1084221323103838	1.1084221323103838
AZD0530	ENSG00000160305	1.1083455838934568	1.1083455838934568	1.1083455838934568
AZD0530	ENSG00000149792	1.1083154259923838	1.1083154259923838	1.1083154259923838
AZD0530	ENSG00000172493	1.1080160448150598	1.1080160448150598	1.1080160448150598
AZD0530	ENSG00000076716	1.1079422747610517	1.1079422747610517	1.1079422747610517
AZD0530	ENSG00000186994	1.1078872627530598	1.1078872627530598	1.1078872627530598
AZD0530	ENSG00000185742	1.1078753150427005	1.1078753150427005	1.1078753150427005
AZD0530	ENSG00000196663	1.1077596403865373	1.1077596403865373	1.1077596403865373
AZD0530	ENSG00000066032	1.1077307011253057	1.1077307011253057	1.1077307011253057
AZD0530	FTSJD1	1.1075580834907626	1.1075580834907626	1.1075580834907626
AZD0530	FLJ40292	1.1073824985750367	1.1073824985750367	1.1073824985750367
AZD0530	ENSG00000181274	1.1073725819833733	1.1073725819833733	1.1073725819833733
AZD0530	ENSG00000115457	1.1073599078947907	1.1073599078947907	1.1073599078947907
AZD0530	ENSG00000110900	1.1072469970223315	1.1072469970223315	1.1072469970223315
AZD0530	ENSG00000108848	1.1071638019288	1.1071638019288	1.1071638019288
AZD0530	ENSG00000196208	1.1071285942517772	1.1071285942517772	1.1071285942517772
AZD0530	ENSG00000186376	1.1071254787905198	1.1071254787905198	1.1071254787905198
AZD0530	LRG_530	1.106827644763578	1.106827644763578	1.106827644763578
AZD0530	ENSG00000164920	1.1066182898367247	1.1066182898367247	1.1066182898367247
AZD0530	ENSG00000145012	1.1062852794988012	1.1062852794988012	1.1062852794988012
AZD0530	ENSG00000126231	1.1061500799005133	1.1061500799005133	1.1061500799005133
AZD0530	ENSG00000020129	1.1060890946207633	1.1060890946207633	1.1060890946207633
AZD0530	ENSG00000177464	1.1060511898012058	1.1060511898012058	1.1060511898012058
AZD0530	ENSG00000137710	1.105889301496473	1.105889301496473	1.105889301496473
AZD0530	ENSG00000141579	1.1057907463018701	1.1057907463018701	1.1057907463018701
AZD0530	ENSG00000168067	1.105548958713137	1.105548958713137	1.105548958713137
AZD0530	ENSG00000102401	1.1055419129518567	1.1055419129518567	1.1055419129518567
AZD0530	ENSG00000230006	1.10552351299366	1.10552351299366	1.10552351299366
AZD0530	ENSG00000143355	1.1055054615556554	1.1055054615556554	1.1055054615556554
AZD0530	ENSG00000181085	1.1053559803225912	1.1053559803225912	1.1053559803225912
AZD0530	C17orf108	1.1052696563058844	1.1052696563058844	1.1052696563058844
AZD0530	ENSG00000244161	1.105149947941575	1.105149947941575	1.105149947941575
AZD0530	ENSG00000138801	1.1049879030760548	1.1049879030760548	1.1049879030760548
AZD0530	ENSG00000120053	1.1049053645783606	1.1049053645783606	1.1049053645783606
AZD0530	LRG_529	1.1048719708516315	1.1048719708516315	1.1048719708516315
AZD0530	LOC255512	1.1047438320998395	1.1047438320998395	1.1047438320998395
AZD0530	ENSG00000130203	1.1046867537790444	1.1046867537790444	1.1046867537790444
AZD0530	ENSG00000037637	1.10459244721894	1.10459244721894	1.10459244721894
AZD0530	CHCHD8	1.1045871598786223	1.1045871598786223	1.1045871598786223
AZD0530	ENSG00000169857	1.104483365855781	1.104483365855781	1.104483365855781
AZD0530	ENSG00000156381	1.1043321470107266	1.1043321470107266	1.1043321470107266
AZD0530	ENSG00000157613	1.1042199447493364	1.1042199447493364	1.1042199447493364
AZD0530	ENSG00000119509	1.104072296564846	1.104072296564846	1.104072296564846
AZD0530	ENSG00000075292	1.103952326352022	1.103952326352022	1.103952326352022
AZD0530	ENSG00000088836	1.103751525029885	1.103751525029885	1.103751525029885
AZD0530	ENSG00000198765	1.103707546516751	1.103707546516751	1.103707546516751
AZD0530	ENSG00000182318	1.1037028518479575	1.1037028518479575	1.1037028518479575
AZD0530	ENSG00000117069	1.1034190683007599	1.1034190683007599	1.1034190683007599
AZD0530	ENSG00000184984	1.1033494247248887	1.1033494247248887	1.1033494247248887
AZD0530	ENSG00000167994	1.1032986778898843	1.1032986778898843	1.1032986778898843
AZD0530	ENSG00000197273	1.1032083026658352	1.1032083026658352	1.1032083026658352
AZD0530	ENSG00000154134	1.1029065969641862	1.1029065969641862	1.1029065969641862
AZD0530	LOC100506462	1.1028413758927573	1.1028413758927573	1.1028413758927573
AZD0530	SCAND2	1.102798436350206	1.102798436350206	1.102798436350206
AZD0530	ENSG00000196497	1.1027706920068705	1.1027706920068705	1.1027706920068705
AZD0530	ENSG00000104951	1.102690810923838	1.102690810923838	1.102690810923838
AZD0530	ENSG00000131097	1.1026141275743448	1.1026141275743448	1.1026141275743448
AZD0530	ENSG00000117395	1.1020307248005274	1.1020307248005274	1.1020307248005274
AZD0530	ENSG00000198841	1.1019681983830607	1.1019681983830607	1.1019681983830607
AZD0530	ENSG00000173612	1.1019626587439513	1.1019626587439513	1.1019626587439513
AZD0530	ENSG00000134198	1.1017196317006235	1.1017196317006235	1.1017196317006235
AZD0530	ENSG00000135164	1.1015257151628304	1.1015257151628304	1.1015257151628304
AZD0530	ENSG00000172738	1.101231468547548	1.101231468547548	1.101231468547548
AZD0530	ENSG00000176998	1.1011636883719067	1.1011636883719067	1.1011636883719067
AZD0530	ENSG00000002586	1.1011428132018701	1.1011428132018701	1.1011428132018701
AZD0530	ENSG00000173621	1.1010077633945776	1.1010077633945776	1.1010077633945776
AZD0530	ENSG00000155621	1.1009816758171782	1.1009816758171782	1.1009816758171782
AZD0530	ENSG00000112320	1.100977819832346	1.100977819832346	1.100977819832346
AZD0530	ENSG00000121741	1.1009687681126772	1.1009687681126772	1.1009687681126772
AZD0530	ENSG00000110042	1.1007473074112817	1.1007473074112817	1.1007473074112817
AZD0530	ENSG00000080819	1.1006901272539564	1.1006901272539564	1.1006901272539564
AZD0530	ENSG00000146433	1.1001981559574385	1.1001981559574385	1.1001981559574385
AZD0530	ENSG00000196172	1.100074530610718	1.100074530610718	1.100074530610718
AZD0530	ENSG00000171532	1.099882365814982	1.099882365814982	1.099882365814982
AZD0530	LOC100507557	1.0998811243925355	1.0998811243925355	1.0998811243925355
AZD0530	ENSG00000164877	1.0998806065203584	1.0998806065203584	1.0998806065203584
AZD0530	ENSG00000175877	1.0997540918962474	1.0997540918962474	1.0997540918962474
AZD0530	ENSG00000205038	1.0995268900107398	1.0995268900107398	1.0995268900107398
AZD0530	ENSG00000157483	1.0994724928890036	1.0994724928890036	1.0994724928890036
AZD0530	ENSG00000110076	1.0993767819127056	1.0993767819127056	1.0993767819127056
AZD0530	ENSG00000276163	1.0993550428326804	1.0993550428326804	1.0993550428326804
AZD0530	ENSG00000146828	1.0992574730445488	1.0992574730445488	1.0992574730445488
AZD0530	ENSG00000158481	1.0992114631410441	1.0992114631410441	1.0992114631410441
AZD0530	ENSG00000168348	1.099137355828108	1.099137355828108	1.099137355828108
AZD0530	ENSG00000183908	1.0990792809787318	1.0990792809787318	1.0990792809787318
AZD0530	ENSG00000152672	1.0988744710708453	1.0988744710708453	1.0988744710708453
AZD0530	ENSG00000170166	1.0988714606307424	1.0988714606307424	1.0988714606307424
AZD0530	ENSG00000169679	1.0988202908489113	1.0988202908489113	1.0988202908489113
AZD0530	ENSG00000197044	1.098740092140535	1.098740092140535	1.098740092140535
AZD0530	ENSG00000119242	1.0987270399635907	1.0987270399635907	1.0987270399635907
AZD0530	ENSG00000073605	1.098709882729454	1.098709882729454	1.098709882729454
AZD0530	LOC339400	1.098446181074148	1.098446181074148	1.098446181074148
AZD0530	ENSG00000235178	1.0984126585170815	1.0984126585170815	1.0984126585170815
AZD0530	ENSG00000168439	1.0983816472627015	1.0983816472627015	1.0983816472627015
AZD0530	ENSG00000125148	1.09837070360893	1.09837070360893	1.09837070360893
AZD0530	ENSG00000178163	1.09834585397603	1.09834585397603	1.09834585397603
AZD0530	ENSG00000006625	1.0983376887224627	1.0983376887224627	1.0983376887224627
AZD0530	LRG_787	1.0980624348244459	1.0980624348244459	1.0980624348244459
AZD0530	ENSG00000183098	1.0980074424021646	1.0980074424021646	1.0980074424021646
AZD0530	ENSG00000184481	1.097993854777904	1.097993854777904	1.097993854777904
AZD0530	ENSG00000213066	1.0977554459548795	1.0977554459548795	1.0977554459548795
AZD0530	ENSG00000055732	1.0975074503085658	1.0975074503085658	1.0975074503085658
AZD0530	ENSG00000037474	1.0973091063297173	1.0973091063297173	1.0973091063297173
AZD0530	ENSG00000101974	1.0971794527434942	1.0971794527434942	1.0971794527434942
AZD0530	C12orf51	1.0969173284465117	1.0969173284465117	1.0969173284465117
AZD0530	ENSG00000148798	1.0968620490612122	1.0968620490612122	1.0968620490612122
AZD0530	ENSG00000175793	1.096722808653746	1.096722808653746	1.096722808653746
AZD0530	ENSG00000188342	1.0960279472578507	1.0960279472578507	1.0960279472578507
AZD0530	LOC100507058	1.0959546775080695	1.0959546775080695	1.0959546775080695
AZD0530	ENSG00000131773	1.0958614746705544	1.0958614746705544	1.0958614746705544
AZD0530	LRG_612	1.0956919238035996	1.0956919238035996	1.0956919238035996
AZD0530	ENSG00000112299	1.0956827615611675	1.0956827615611675	1.0956827615611675
AZD0530	ENSG00000163608	1.095459918105113	1.095459918105113	1.095459918105113
AZD0530	ENSG00000130517	1.0951521774602981	1.0951521774602981	1.0951521774602981
AZD0530	ENSG00000100104	1.0951102732437248	1.0951102732437248	1.0951102732437248
AZD0530	ENSG00000162645	1.0948109712966283	1.0948109712966283	1.0948109712966283
AZD0530	ENSG00000122550	1.0947551053182352	1.0947551053182352	1.0947551053182352
AZD0530	LOC401074	1.0945740945090412	1.0945740945090412	1.0945740945090412
AZD0530	ENSG00000068745	1.0945164919925492	1.0945164919925492	1.0945164919925492
AZD0530	ENSG00000123213	1.0944336025913541	1.0944336025913541	1.0944336025913541
AZD0530	ENSG00000178096	1.0943478767253485	1.0943478767253485	1.0943478767253485
AZD0530	ENSG00000171855	1.0942392509922025	1.0942392509922025	1.0942392509922025
AZD0530	ENSG00000251359	1.094120178790076	1.094120178790076	1.094120178790076
AZD0530	ENSG00000135750	1.093998606025847	1.093998606025847	1.093998606025847
AZD0530	ENSG00000182359	1.0938573160376337	1.0938573160376337	1.0938573160376337
AZD0530	ENSG00000170542	1.0938436386655945	1.0938436386655945	1.0938436386655945
AZD0530	ENSG00000077721	1.0937925342948471	1.0937925342948471	1.0937925342948471
AZD0530	ENSG00000115295	1.0937264523063335	1.0937264523063335	1.0937264523063335
AZD0530	ENSG00000113580	1.0937243312379932	1.0937243312379932	1.0937243312379932
AZD0530	ENSG00000146221	1.0935243727819237	1.0935243727819237	1.0935243727819237
AZD0530	ENSG00000124780	1.0934491416292889	1.0934491416292889	1.0934491416292889
AZD0530	ENSG00000136888	1.0934425178169438	1.0934425178169438	1.0934425178169438
AZD0530	ENSG00000120705	1.09328300181124	1.09328300181124	1.09328300181124
AZD0530	ENSG00000225663	1.093269661202754	1.093269661202754	1.093269661202754
AZD0530	ENSG00000165548	1.0931720251096961	1.0931720251096961	1.0931720251096961
AZD0530	ENSG00000184515	1.093055960759277	1.093055960759277	1.093055960759277
AZD0530	LOC100505877	1.0930335175256036	1.0930335175256036	1.0930335175256036
AZD0530	ENSG00000152082	1.0929262247413423	1.0929262247413423	1.0929262247413423
AZD0530	ENSG00000006634	1.092909796911879	1.092909796911879	1.092909796911879
AZD0530	ENSG00000126353	1.0927175345365931	1.0927175345365931	1.0927175345365931
AZD0530	ENSG00000225968	1.0925295258478933	1.0925295258478933	1.0925295258478933
AZD0530	ENSG00000184524	1.09244554405728	1.09244554405728	1.09244554405728
AZD0530	LOC100506585	1.0924381760125514	1.0924381760125514	1.0924381760125514
AZD0530	LOC100505564	1.0923312842477106	1.0923312842477106	1.0923312842477106
AZD0530	ENSG00000131788	1.09217733781785	1.09217733781785	1.09217733781785
AZD0530	ENSG00000133401	1.0920512087008627	1.0920512087008627	1.0920512087008627
AZD0530	ENSG00000176834	1.0920439110618831	1.0920439110618831	1.0920439110618831
AZD0530	ENSG00000158055	1.0918079926193627	1.0918079926193627	1.0918079926193627
AZD0530	ENSG00000178301	1.0917939322267833	1.0917939322267833	1.0917939322267833
AZD0530	ENSG00000144460	1.0917409194207934	1.0917409194207934	1.0917409194207934
AZD0530	ENSG00000215424	1.0916506148122815	1.0916506148122815	1.0916506148122815
AZD0530	ENSG00000185352	1.0916157497785095	1.0916157497785095	1.0916157497785095
AZD0530	ENSG00000083844	1.0915997826944337	1.0915997826944337	1.0915997826944337
AZD0530	ENSG00000105370	1.0915583924557688	1.0915583924557688	1.0915583924557688
AZD0530	ENSG00000196588	1.0915426522516598	1.0915426522516598	1.0915426522516598
AZD0530	ENSG00000189195	1.0910825469672378	1.0910825469672378	1.0910825469672378
AZD0530	ENSG00000136883	1.0908735726357783	1.0908735726357783	1.0908735726357783
AZD0530	ENSG00000088256	1.0908484093862663	1.0908484093862663	1.0908484093862663
AZD0530	ENSG00000118194	1.090639072206618	1.090639072206618	1.090639072206618
AZD0530	ENSG00000176293	1.0906092349338514	1.0906092349338514	1.0906092349338514
AZD0530	ENSG00000171295	1.0903823842668035	1.0903823842668035	1.0903823842668035
AZD0530	ENSG00000072858	1.0902653989013709	1.0902653989013709	1.0902653989013709
AZD0530	ENSG00000185915	1.090132024353262	1.090132024353262	1.090132024353262
AZD0530	ENSG00000145217	1.0900449459466053	1.0900449459466053	1.0900449459466053
AZD0530	C14orf21	1.0900319041673108	1.0900319041673108	1.0900319041673108
AZD0530	ENSG00000127329	1.090024927963965	1.090024927963965	1.090024927963965
AZD0530	ENSG00000112238	1.0899231529096727	1.0899231529096727	1.0899231529096727
AZD0530	ENSG00000164134	1.089815178454967	1.089815178454967	1.089815178454967
AZD0530	ENSG00000136933	1.0896785291920201	1.0896785291920201	1.0896785291920201
AZD0530	ENSG00000110172	1.0896762783268548	1.0896762783268548	1.0896762783268548
AZD0530	LOC100506858	1.0894876115129286	1.0894876115129286	1.0894876115129286
AZD0530	ENSG00000138069	1.0892525020863522	1.0892525020863522	1.0892525020863522
AZD0530	ENSG00000112144	1.089246491501391	1.089246491501391	1.089246491501391
AZD0530	ENSG00000178935	1.0891868117706833	1.0891868117706833	1.0891868117706833
AZD0530	ENSG00000183255	1.0889992795412584	1.0889992795412584	1.0889992795412584
AZD0530	C12orf34	1.0889357005469047	1.0889357005469047	1.0889357005469047
AZD0530	ENSG00000177106	1.0888344300058133	1.0888344300058133	1.0888344300058133
AZD0530	ENSG00000137207	1.088726250677302	1.088726250677302	1.088726250677302
AZD0530	ENSG00000106538	1.0884572456558395	1.0884572456558395	1.0884572456558395
AZD0530	ENSG00000129910	1.0881847412990373	1.0881847412990373	1.0881847412990373
AZD0530	ENSG00000064195	1.0880522913673876	1.0880522913673876	1.0880522913673876
AZD0530	ENSG00000166682	1.0878777491170115	1.0878777491170115	1.0878777491170115
AZD0530	ENSG00000280830	1.0876729408262273	1.0876729408262273	1.0876729408262273
AZD0530	ENSG00000133105	1.0875950529238405	1.0875950529238405	1.0875950529238405
AZD0530	ENSG00000274267	1.087527765057009	1.087527765057009	1.087527765057009
AZD0530	LOC100506476	1.0874707127452319	1.0874707127452319	1.0874707127452319
AZD0530	CCDC76	1.087450588907454	1.087450588907454	1.087450588907454
AZD0530	ENSG00000164399	1.0870534645823355	1.0870534645823355	1.0870534645823355
AZD0530	ENSG00000196504	1.0869414327281306	1.0869414327281306	1.0869414327281306
AZD0530	ENSG00000125434	1.0867385094172326	1.0867385094172326	1.0867385094172326
AZD0530	MGC12982	1.0865803995911276	1.0865803995911276	1.0865803995911276
AZD0530	ENSG00000262246	1.0863259507753604	1.0863259507753604	1.0863259507753604
AZD0530	ENSG00000137441	1.0861734347315073	1.0861734347315073	1.0861734347315073
AZD0530	ENSG00000133731	1.0860916139620922	1.0860916139620922	1.0860916139620922
AZD0530	ENSG00000124205	1.0858050807307624	1.0858050807307624	1.0858050807307624
AZD0530	ENSG00000137563	1.085743342195913	1.085743342195913	1.085743342195913
AZD0530	ENSG00000243040	1.0857319020027532	1.0857319020027532	1.0857319020027532
AZD0530	LOC100507670	1.0856563429992692	1.0856563429992692	1.0856563429992692
AZD0530	LOC100506302	1.0856012822650183	1.0856012822650183	1.0856012822650183
AZD0530	ENSG00000152954	1.085584178335286	1.085584178335286	1.085584178335286
AZD0530	LOC100507218	1.0853527671799235	1.0853527671799235	1.0853527671799235
AZD0530	ENSG00000176953	1.0852901025491197	1.0852901025491197	1.0852901025491197
AZD0530	ENSG00000105613	1.0851955131929634	1.0851955131929634	1.0851955131929634
AZD0530	ENSG00000186625	1.0851915001269432	1.0851915001269432	1.0851915001269432
AZD0530	ENSG00000136231	1.085079704168416	1.085079704168416	1.085079704168416
AZD0530	ENSG00000100852	1.084944205228117	1.084944205228117	1.084944205228117
AZD0530	LRG_170	1.0846415359739385	1.0846415359739385	1.0846415359739385
AZD0530	ENSG00000182810	1.0844821862803269	1.0844821862803269	1.0844821862803269
AZD0530	ENSG00000111640	1.0844676118921701	1.0844676118921701	1.0844676118921701
AZD0530	ENSG00000135912	1.0844446240586088	1.0844446240586088	1.0844446240586088
AZD0530	CXorf26	1.0844287865444	1.0844287865444	1.0844287865444
AZD0530	ENSG00000137817	1.0842769091728515	1.0842769091728515	1.0842769091728515
AZD0530	ENSG00000130755	1.08418585104619	1.08418585104619	1.08418585104619
AZD0530	ENSG00000005961	1.0841792974039015	1.0841792974039015	1.0841792974039015
AZD0530	ENSG00000100445	1.084117181198515	1.084117181198515	1.084117181198515
AZD0530	ENSG00000170369	1.0840723456271875	1.0840723456271875	1.0840723456271875
AZD0530	ENSG00000227858	1.0840704557800853	1.0840704557800853	1.0840704557800853
AZD0530	ENSG00000171657	1.0840310676647402	1.0840310676647402	1.0840310676647402
AZD0530	LOC388588	1.0839832795937143	1.0839832795937143	1.0839832795937143
AZD0530	ENSG00000064313	1.0838306508694242	1.0838306508694242	1.0838306508694242
AZD0530	ENSG00000076706	1.083538907638495	1.083538907638495	1.083538907638495
AZD0530	ENSG00000135945	1.0834683929965085	1.0834683929965085	1.0834683929965085
AZD0530	ENSG00000141524	1.0834351822462527	1.0834351822462527	1.0834351822462527
AZD0530	ENSG00000154646	1.0831433845473546	1.0831433845473546	1.0831433845473546
AZD0530	ENSG00000106304	1.0831039841620478	1.0831039841620478	1.0831039841620478
AZD0530	ENSG00000177807	1.0831035676837912	1.0831035676837912	1.0831035676837912
AZD0530	ENSG00000263101	1.0829460235234005	1.0829460235234005	1.0829460235234005
AZD0530	ENSG00000021776	1.0829219003827266	1.0829219003827266	1.0829219003827266
AZD0530	ENSG00000114978	1.082814964780465	1.082814964780465	1.082814964780465
AZD0530	ENSG00000228575	1.0826529891278605	1.0826529891278605	1.0826529891278605
AZD0530	ENSG00000129946	1.0826227720479777	1.0826227720479777	1.0826227720479777
AZD0530	FLJ27352	1.0823820010153897	1.0823820010153897	1.0823820010153897
AZD0530	ENSG00000176476	1.081721523444507	1.081721523444507	1.081721523444507
AZD0530	ENSG00000176428	1.0814904241979963	1.0814904241979963	1.0814904241979963
AZD0530	ENSG00000153071	1.0814889704090918	1.0814889704090918	1.0814889704090918
AZD0530	ENSG00000278232	1.0814879388844842	1.0814879388844842	1.0814879388844842
AZD0530	ENSG00000130270	1.0813747469823147	1.0813747469823147	1.0813747469823147
AZD0530	ENSG00000211672	1.0811460647469826	1.0811460647469826	1.0811460647469826
AZD0530	ENSG00000165186	1.0808422463409095	1.0808422463409095	1.0808422463409095
AZD0530	ENSG00000154175	1.0807785552481657	1.0807785552481657	1.0807785552481657
AZD0530	ENSG00000162366	1.0806866907001393	1.0806866907001393	1.0806866907001393
AZD0530	ENSG00000005981	1.080585894202347	1.080585894202347	1.080585894202347
AZD0530	ENSG00000164821	1.0805687743105135	1.0805687743105135	1.0805687743105135
AZD0530	ENSG00000023892	1.0804258615902187	1.0804258615902187	1.0804258615902187
AZD0530	ENSG00000168530	1.0803759159072297	1.0803759159072297	1.0803759159072297
AZD0530	ENSG00000184900	1.080257060713021	1.080257060713021	1.080257060713021
AZD0530	LRG_751	1.0802204105640898	1.0802204105640898	1.0802204105640898
AZD0530	ENSG00000152760	1.0802133596517483	1.0802133596517483	1.0802133596517483
AZD0530	C10orf27	1.0800175674901271	1.0800175674901271	1.0800175674901271
AZD0530	ENSG00000131236	1.0799227920294205	1.0799227920294205	1.0799227920294205
AZD0530	ENSG00000129250	1.0797795339754703	1.0797795339754703	1.0797795339754703
AZD0530	ENSG00000196730	1.0796808357697947	1.0796808357697947	1.0796808357697947
AZD0530	ENSG00000181013	1.0795967668263706	1.0795967668263706	1.0795967668263706
AZD0530	ENSG00000188672	1.0795284662928133	1.0795284662928133	1.0795284662928133
AZD0530	ENSG00000198668	1.079365199215215	1.079365199215215	1.079365199215215
AZD0530	ENSG00000188505	1.0793014377465713	1.0793014377465713	1.0793014377465713
AZD0530	ENSG00000105726	1.0790384622154054	1.0790384622154054	1.0790384622154054
AZD0530	ENSG00000141527	1.0790316025022784	1.0790316025022784	1.0790316025022784
AZD0530	ENSG00000137345	1.079001560709628	1.079001560709628	1.079001560709628
AZD0530	ENSG00000135587	1.0788337453941785	1.0788337453941785	1.0788337453941785
AZD0530	ENSG00000183638	1.0786078393574028	1.0786078393574028	1.0786078393574028
AZD0530	ENSG00000000419	1.0784908187440443	1.0784908187440443	1.0784908187440443
AZD0530	ENSG00000120129	1.0784310815873426	1.0784310815873426	1.0784310815873426
AZD0530	LRG_318	1.0783935391705808	1.0783935391705808	1.0783935391705808
AZD0530	ENSG00000182885	1.0780981181649734	1.0780981181649734	1.0780981181649734
AZD0530	ENSG00000172379	1.0780778882039201	1.0780778882039201	1.0780778882039201
AZD0530	LOC51145	1.0777075527843394	1.0777075527843394	1.0777075527843394
AZD0530	ENSG00000102010	1.0773886184261539	1.0773886184261539	1.0773886184261539
AZD0530	ENSG00000125788	1.0773622283374158	1.0773622283374158	1.0773622283374158
AZD0530	KIAA0528	1.0767589445160655	1.0767589445160655	1.0767589445160655
AZD0530	ENSG00000109180	1.0766496180210812	1.0766496180210812	1.0766496180210812
AZD0530	ENSG00000143379	1.0765197835408402	1.0765197835408402	1.0765197835408402
AZD0530	ENSG00000047230	1.0764212348279745	1.0764212348279745	1.0764212348279745
AZD0530	ENSG00000179520	1.0763023666831366	1.0763023666831366	1.0763023666831366
AZD0530	ENSG00000164485	1.0761555745036335	1.0761555745036335	1.0761555745036335
AZD0530	ENSG00000110619	1.076141389188447	1.076141389188447	1.076141389188447
AZD0530	ENSG00000204604	1.0760824469444472	1.0760824469444472	1.0760824469444472
AZD0530	ENSG00000075785	1.0760584656703944	1.0760584656703944	1.0760584656703944
AZD0530	ENSG00000117600	1.076021372282427	1.076021372282427	1.076021372282427
AZD0530	ENSG00000145725	1.0759964005563856	1.0759964005563856	1.0759964005563856
AZD0530	ENSG00000206256	1.0759961456634233	1.0759961456634233	1.0759961456634233
AZD0530	ENSG00000235374	1.0758261867747256	1.0758261867747256	1.0758261867747256
AZD0530	FAM190A	1.0757771662075994	1.0757771662075994	1.0757771662075994
AZD0530	ENSG00000182108	1.0756370328306153	1.0756370328306153	1.0756370328306153
AZD0530	ENSG00000145907	1.0754911500580788	1.0754911500580788	1.0754911500580788
AZD0530	ENSG00000241945	1.0754328729246732	1.0754328729246732	1.0754328729246732
AZD0530	ENSG00000131467	1.0754235779962935	1.0754235779962935	1.0754235779962935
AZD0530	ENSG00000243709	1.0753285662970657	1.0753285662970657	1.0753285662970657
AZD0530	ENSG00000015676	1.0752229286797188	1.0752229286797188	1.0752229286797188
AZD0530	ENSG00000181163	1.0751300943270636	1.0751300943270636	1.0751300943270636
AZD0530	ENSG00000198054	1.0749787011892518	1.0749787011892518	1.0749787011892518
AZD0530	ENSG00000118961	1.0749244129768534	1.0749244129768534	1.0749244129768534
AZD0530	ENSG00000117479	1.0747275381188195	1.0747275381188195	1.0747275381188195
AZD0530	ENSG00000108854	1.0746830768777422	1.0746830768777422	1.0746830768777422
AZD0530	ENSG00000172752	1.0746302645947299	1.0746302645947299	1.0746302645947299
AZD0530	ENSG00000162692	1.0745923123159007	1.0745923123159007	1.0745923123159007
AZD0530	ENSG00000119596	1.0745595192550057	1.0745595192550057	1.0745595192550057
AZD0530	ENSG00000130748	1.0743689026731915	1.0743689026731915	1.0743689026731915
AZD0530	LRG_749	1.0743086078264354	1.0743086078264354	1.0743086078264354
AZD0530	ENSG00000172915	1.07410340064681	1.07410340064681	1.07410340064681
AZD0530	ENSG00000088247	1.0739901345905745	1.0739901345905745	1.0739901345905745
AZD0530	ENSG00000174842	1.0738962574746311	1.0738962574746311	1.0738962574746311
AZD0530	LOC283588	1.0738738941460297	1.0738738941460297	1.0738738941460297
AZD0530	ENSG00000263324	1.0738216696013803	1.0738216696013803	1.0738216696013803
AZD0530	ENSG00000120498	1.0733278901588035	1.0733278901588035	1.0733278901588035
AZD0530	ENSG00000115592	1.072857536520566	1.072857536520566	1.072857536520566
AZD0530	ENSG00000137822	1.0727206293306273	1.0727206293306273	1.0727206293306273
AZD0530	ENSG00000065970	1.0725834960055152	1.0725834960055152	1.0725834960055152
AZD0530	ENSG00000134107	1.072544379263424	1.072544379263424	1.072544379263424
AZD0530	ENSG00000182923	1.0721980661192505	1.0721980661192505	1.0721980661192505
AZD0530	ENSG00000197475	1.072137843567147	1.072137843567147	1.072137843567147
AZD0530	ENSG00000121933	1.0715256767389225	1.0715256767389225	1.0715256767389225
AZD0530	ENSG00000170054	1.0714092432374693	1.0714092432374693	1.0714092432374693
AZD0530	ENSG00000234616	1.0714080218453588	1.0714080218453588	1.0714080218453588
AZD0530	ENSG00000113812	1.0713978131208222	1.0713978131208222	1.0713978131208222
AZD0530	ENSG00000114745	1.0711007280789597	1.0711007280789597	1.0711007280789597
AZD0530	ENSG00000099999	1.0706141962496294	1.0706141962496294	1.0706141962496294
AZD0530	C6orf115	1.0705710328521914	1.0705710328521914	1.0705710328521914
AZD0530	ENSG00000273611	1.0704775090977676	1.0704775090977676	1.0704775090977676
AZD0530	ENSG00000164548	1.0703961323411832	1.0703961323411832	1.0703961323411832
AZD0530	ENSG00000274229	1.0702422449679914	1.0702422449679914	1.0702422449679914
AZD0530	ENSG00000111218	1.0700929321340336	1.0700929321340336	1.0700929321340336
AZD0530	ENSG00000132170	1.0697492454016013	1.0697492454016013	1.0697492454016013
AZD0530	ENSG00000120526	1.0694654782408017	1.0694654782408017	1.0694654782408017
AZD0530	LOC100506439	1.0691336814976602	1.0691336814976602	1.0691336814976602
AZD0530	ENSG00000130299	1.0690776862916238	1.0690776862916238	1.0690776862916238
AZD0530	ENSG00000146457	1.0690181944560457	1.0690181944560457	1.0690181944560457
AZD0530	ENSG00000170145	1.0686774484906492	1.0686774484906492	1.0686774484906492
AZD0530	ENSG00000197888	1.0686466131834857	1.0686466131834857	1.0686466131834857
AZD0530	ENSG00000117362	1.0686250550970928	1.0686250550970928	1.0686250550970928
AZD0530	ENSG00000168779	1.0685620094875972	1.0685620094875972	1.0685620094875972
AZD0530	ENSG00000011454	1.0685484767351234	1.0685484767351234	1.0685484767351234
AZD0530	ENSG00000220205	1.0685462452832568	1.0685462452832568	1.0685462452832568
AZD0530	ADAM1	1.0684665318750584	1.0684665318750584	1.0684665318750584
AZD0530	ENSG00000164176	1.0682658981621167	1.0682658981621167	1.0682658981621167
AZD0530	LRG_487	1.0682641518297624	1.0682641518297624	1.0682641518297624
AZD0530	ENSG00000168765	1.0682179472529425	1.0682179472529425	1.0682179472529425
AZD0530	ENSG00000277443	1.068112094229702	1.068112094229702	1.068112094229702
AZD0530	ENSG00000147613	1.0679526117190254	1.0679526117190254	1.0679526117190254
AZD0530	ENSG00000182606	1.0678421755900334	1.0678421755900334	1.0678421755900334
AZD0530	ENSG00000004777	1.0678107983456122	1.0678107983456122	1.0678107983456122
AZD0530	ENSG00000166448	1.0677599700478213	1.0677599700478213	1.0677599700478213
AZD0530	ENSG00000163632	1.0677458861884312	1.0677458861884312	1.0677458861884312
AZD0530	ENSG00000137720	1.0676247334316604	1.0676247334316604	1.0676247334316604
AZD0530	ENSG00000257727	1.0675955587518435	1.0675955587518435	1.0675955587518435
AZD0530	ENSG00000186474	1.0673250808138042	1.0673250808138042	1.0673250808138042
AZD0530	ENSG00000178919	1.0668446163971959	1.0668446163971959	1.0668446163971959
AZD0530	ENSG00000109184	1.0666242706081779	1.0666242706081779	1.0666242706081779
AZD0530	ENSG00000102383	1.0665223240275477	1.0665223240275477	1.0665223240275477
AZD0530	ENSG00000174606	1.0664597729943168	1.0664597729943168	1.0664597729943168
AZD0530	ENSG00000154928	1.066441664578936	1.066441664578936	1.066441664578936
AZD0530	ENSG00000087266	1.066388050243624	1.066388050243624	1.066388050243624
AZD0530	ENSG00000006740	1.066214057087035	1.066214057087035	1.066214057087035
AZD0530	ENSG00000183979	1.066160528031698	1.066160528031698	1.066160528031698
AZD0530	ENSG00000188042	1.0660503026076926	1.0660503026076926	1.0660503026076926
AZD0530	ENSG00000182944	1.0658488311092233	1.0658488311092233	1.0658488311092233
AZD0530	ENSG00000198440	1.0657701926672842	1.0657701926672842	1.0657701926672842
AZD0530	ENSG00000204852	1.0656852597629718	1.0656852597629718	1.0656852597629718
AZD0530	ENSG00000106025	1.0656010080444902	1.0656010080444902	1.0656010080444902
AZD0530	ENSG00000006047	1.0652569593149994	1.0652569593149994	1.0652569593149994
AZD0530	ENSG00000173585	1.0651582642694024	1.0651582642694024	1.0651582642694024
AZD0530	C9orf21	1.0648375792122482	1.0648375792122482	1.0648375792122482
AZD0530	ENSG00000227057	1.0645795723585145	1.0645795723585145	1.0645795723585145
AZD0530	ENSG00000158545	1.0644967738417725	1.0644967738417725	1.0644967738417725
AZD0530	ENSG00000119686	1.063988571517747	1.063988571517747	1.063988571517747
AZD0530	ENSG00000265992	1.063893401337703	1.063893401337703	1.063893401337703
AZD0530	ENSG00000222011	1.063826319862705	1.063826319862705	1.063826319862705
AZD0530	ENSG00000163518	1.0636326606040296	1.0636326606040296	1.0636326606040296
AZD0530	ENSG00000255408	1.0633725347149663	1.0633725347149663	1.0633725347149663
AZD0530	ENSG00000136045	1.063323083903322	1.063323083903322	1.063323083903322
AZD0530	LOC100287814	1.0632785075153723	1.0632785075153723	1.0632785075153723
AZD0530	ENSG00000186329	1.063272159220738	1.063272159220738	1.063272159220738
AZD0530	ENSG00000125966	1.063263344829644	1.063263344829644	1.063263344829644
AZD0530	ENSG00000196562	1.063201222771714	1.063201222771714	1.063201222771714
AZD0530	ENSG00000131480	1.063125460117929	1.063125460117929	1.063125460117929
AZD0530	ENSG00000166206	1.0630807365649182	1.0630807365649182	1.0630807365649182
AZD0530	ENSG00000078589	1.0629801897427553	1.0629801897427553	1.0629801897427553
AZD0530	ENSG00000121289	1.0629785576524828	1.0629785576524828	1.0629785576524828
AZD0530	ENSG00000170619	1.06288224471791	1.06288224471791	1.06288224471791
AZD0530	ENSG00000108651	1.0628041203710883	1.0628041203710883	1.0628041203710883
AZD0530	ENSG00000124570	1.0626721409892548	1.0626721409892548	1.0626721409892548
AZD0530	ENSG00000171311	1.0625230135513304	1.0625230135513304	1.0625230135513304
AZD0530	ENSG00000178184	1.0624877778748323	1.0624877778748323	1.0624877778748323
AZD0530	ENSG00000134769	1.0624454173773288	1.0624454173773288	1.0624454173773288
AZD0530	ENSG00000196954	1.0624219763605125	1.0624219763605125	1.0624219763605125
AZD0530	LRG_512	1.0623920296416787	1.0623920296416787	1.0623920296416787
AZD0530	ENSG00000166920	1.0623488424069654	1.0623488424069654	1.0623488424069654
AZD0530	ENSG00000044090	1.0622203180157637	1.0622203180157637	1.0622203180157637
AZD0530	ENSG00000139645	1.06218831375837	1.06218831375837	1.06218831375837
AZD0530	ENSG00000103363	1.062121523494212	1.062121523494212	1.062121523494212
AZD0530	ENSG00000103051	1.062069729346581	1.062069729346581	1.062069729346581
AZD0530	ENSG00000189042	1.0620323072834807	1.0620323072834807	1.0620323072834807
AZD0530	ENSG00000248487	1.061987328837456	1.061987328837456	1.061987328837456
AZD0530	LEPREL2	1.0617684560025942	1.0617684560025942	1.0617684560025942
AZD0530	ENSG00000170315	1.061763374088371	1.061763374088371	1.061763374088371
AZD0530	C4orf6	1.0615924079888137	1.0615924079888137	1.0615924079888137
AZD0530	ENSG00000122694	1.061495279574534	1.061495279574534	1.061495279574534
AZD0530	ENSG00000126709	1.0612767055917685	1.0612767055917685	1.0612767055917685
AZD0530	ENSG00000111725	1.0610442039624326	1.0610442039624326	1.0610442039624326
AZD0530	ENSG00000175544	1.0610347470683594	1.0610347470683594	1.0610347470683594
AZD0530	LOC100506229	1.0608228715441594	1.0608228715441594	1.0608228715441594
AZD0530	LOC283194	1.0606985630502612	1.0606985630502612	1.0606985630502612
AZD0530	ENSG00000196586	1.06061023682599	1.06061023682599	1.06061023682599
AZD0530	ENSG00000106069	1.0605286813997947	1.0605286813997947	1.0605286813997947
AZD0530	ENSG00000131116	1.060461552371955	1.060461552371955	1.060461552371955
AZD0530	ENSG00000111639	1.060419609484739	1.060419609484739	1.060419609484739
AZD0530	ENSG00000177947	1.0600663894748035	1.0600663894748035	1.0600663894748035
AZD0530	ENSG00000162267	1.059997763913277	1.059997763913277	1.059997763913277
AZD0530	ENSG00000111652	1.0597893901379811	1.0597893901379811	1.0597893901379811
AZD0530	ENSG00000276879	1.0597217895190398	1.0597217895190398	1.0597217895190398
AZD0530	ENSG00000145423	1.0594682680881984	1.0594682680881984	1.0594682680881984
AZD0530	ENSG00000185652	1.05918947057148	1.05918947057148	1.05918947057148
AZD0530	ENSG00000118515	1.0588301907745055	1.0588301907745055	1.0588301907745055
AZD0530	ENSG00000168237	1.058742032034748	1.058742032034748	1.058742032034748
AZD0530	ENSG00000107317	1.0586497821598222	1.0586497821598222	1.0586497821598222
AZD0530	ENSG00000170915	1.0583657843847272	1.0583657843847272	1.0583657843847272
AZD0530	ENSG00000132670	1.058162004520981	1.058162004520981	1.058162004520981
AZD0530	ENSG00000138794	1.0581226027827515	1.0581226027827515	1.0581226027827515
AZD0530	ENSG00000175895	1.0580693220584056	1.0580693220584056	1.0580693220584056
AZD0530	ENSG00000067445	1.0580638026641094	1.0580638026641094	1.0580638026641094
AZD0530	ENSG00000149639	1.057952446532912	1.057952446532912	1.057952446532912
AZD0530	PP12719	1.0578931458354992	1.0578931458354992	1.0578931458354992
AZD0530	ENSG00000156920	1.0578910582867782	1.0578910582867782	1.0578910582867782
AZD0530	ENSG00000106541	1.0578452365845274	1.0578452365845274	1.0578452365845274
AZD0530	ENSG00000117758	1.0574304467897448	1.0574304467897448	1.0574304467897448
AZD0530	LOC148696	1.057423360708825	1.057423360708825	1.057423360708825
AZD0530	ENSG00000120729	1.0572988434580313	1.0572988434580313	1.0572988434580313
AZD0530	ENSG00000090402	1.0572981679227365	1.0572981679227365	1.0572981679227365
AZD0530	ENSG00000175279	1.0570236356909957	1.0570236356909957	1.0570236356909957
AZD0530	ENSG00000120436	1.0563579795714582	1.0563579795714582	1.0563579795714582
AZD0530	ENSG00000103023	1.0563525903173583	1.0563525903173583	1.0563525903173583
AZD0530	ENSG00000281690	1.0563202099649671	1.0563202099649671	1.0563202099649671
AZD0530	ENSG00000163214	1.0562490512124578	1.0562490512124578	1.0562490512124578
AZD0530	ENSG00000076344	1.0560988879656015	1.0560988879656015	1.0560988879656015
AZD0530	ENSG00000166025	1.0560053677140935	1.0560053677140935	1.0560053677140935
AZD0530	ENSG00000056487	1.0559904614294784	1.0559904614294784	1.0559904614294784
AZD0530	ENSG00000182557	1.0557845705952666	1.0557845705952666	1.0557845705952666
AZD0530	LRG_264	1.0556673109341228	1.0556673109341228	1.0556673109341228
AZD0530	ENSG00000184216	1.0554736873749375	1.0554736873749375	1.0554736873749375
AZD0530	ENSG00000241553	1.0554634025299379	1.0554634025299379	1.0554634025299379
AZD0530	ENSG00000183072	1.0553937266236293	1.0553937266236293	1.0553937266236293
AZD0530	ENSG00000179406	1.0551514209303967	1.0551514209303967	1.0551514209303967
AZD0530	ENSG00000118200	1.0549164092595251	1.0549164092595251	1.0549164092595251
AZD0530	ENSG00000164109	1.0548827201011974	1.0548827201011974	1.0548827201011974
AZD0530	ENSG00000102738	1.0547561134584273	1.0547561134584273	1.0547561134584273
AZD0530	ENSG00000214128	1.054666670121093	1.054666670121093	1.054666670121093
AZD0530	ENSG00000184990	1.0544483743588196	1.0544483743588196	1.0544483743588196
AZD0530	ENSG00000179562	1.0544462216488109	1.0544462216488109	1.0544462216488109
AZD0530	ENSG00000198881	1.0543750213159404	1.0543750213159404	1.0543750213159404
AZD0530	ENSG00000155034	1.0541823727813682	1.0541823727813682	1.0541823727813682
AZD0530	ENSG00000144567	1.0539452501071827	1.0539452501071827	1.0539452501071827
AZD0530	ENSG00000083067	1.053881191373559	1.053881191373559	1.053881191373559
AZD0530	ENSG00000116350	1.0536610722318036	1.0536610722318036	1.0536610722318036
AZD0530	ENSG00000214013	1.053646681911357	1.053646681911357	1.053646681911357
AZD0530	LOC100505894	1.053604905360866	1.053604905360866	1.053604905360866
AZD0530	ENSG00000169047	1.053581012113078	1.053581012113078	1.053581012113078
AZD0530	ENSG00000255717	1.0535698657419996	1.0535698657419996	1.0535698657419996
AZD0530	ENSG00000169490	1.0535481472384527	1.0535481472384527	1.0535481472384527
AZD0530	LOC100129361	1.0535058262058585	1.0535058262058585	1.0535058262058585
AZD0530	ENSG00000175229	1.0534951046956005	1.0534951046956005	1.0534951046956005
AZD0530	ENSG00000280674	1.0533976992449308	1.0533976992449308	1.0533976992449308
AZD0530	ENSG00000196505	1.0533475917855513	1.0533475917855513	1.0533475917855513
AZD0530	LOC643355	1.0532593587221568	1.0532593587221568	1.0532593587221568
AZD0530	ENSG00000215475	1.0530613619463736	1.0530613619463736	1.0530613619463736
AZD0530	ENSG00000188070	1.052991374827573	1.052991374827573	1.052991374827573
AZD0530	ENSG00000108846	1.0529245119172033	1.0529245119172033	1.0529245119172033
AZD0530	ENSG00000143512	1.0527570596349685	1.0527570596349685	1.0527570596349685
AZD0530	ENSG00000125965	1.0527464073114419	1.0527464073114419	1.0527464073114419
AZD0530	ENSG00000153347	1.0526766665674079	1.0526766665674079	1.0526766665674079
AZD0530	FLJ33065	1.052476472279076	1.052476472279076	1.052476472279076
AZD0530	ENSG00000107404	1.0524718533182975	1.0524718533182975	1.0524718533182975
AZD0530	ENSG00000183137	1.0524179967206226	1.0524179967206226	1.0524179967206226
AZD0530	ENSG00000268297	1.0523029321116482	1.0523029321116482	1.0523029321116482
AZD0530	ENSG00000116016	1.0522147131389348	1.0522147131389348	1.0522147131389348
AZD0530	ENSG00000167800	1.0521638392743515	1.0521638392743515	1.0521638392743515
AZD0530	ENSG00000147535	1.0519819331049745	1.0519819331049745	1.0519819331049745
AZD0530	ENSG00000277924	1.0519483624004518	1.0519483624004518	1.0519483624004518
AZD0530	ENSG00000081692	1.0519462190143904	1.0519462190143904	1.0519462190143904
AZD0530	ENSG00000185669	1.0518882466851662	1.0518882466851662	1.0518882466851662
AZD0530	ENSG00000069188	1.0517619112313308	1.0517619112313308	1.0517619112313308
AZD0530	ENSG00000139625	1.0517430635996436	1.0517430635996436	1.0517430635996436
AZD0530	ENSG00000152049	1.051656987607214	1.051656987607214	1.051656987607214
AZD0530	ENSG00000182963	1.0513991304077095	1.0513991304077095	1.0513991304077095
AZD0530	ENSG00000110104	1.0512149547820815	1.0512149547820815	1.0512149547820815
AZD0530	ENSG00000158792	1.051061429014265	1.051061429014265	1.051061429014265
AZD0530	ENSG00000143862	1.0509773545606216	1.0509773545606216	1.0509773545606216
AZD0530	ENSG00000276463	1.0508657388619662	1.0508657388619662	1.0508657388619662
AZD0530	ENSG00000196655	1.0508269232125027	1.0508269232125027	1.0508269232125027
AZD0530	ENSG00000164305	1.0508121332502183	1.0508121332502183	1.0508121332502183
AZD0530	ENSG00000178150	1.050750440239355	1.050750440239355	1.050750440239355
AZD0530	LOC91948	1.0506208383863211	1.0506208383863211	1.0506208383863211
AZD0530	C7orf42	1.0505906507350258	1.0505906507350258	1.0505906507350258
AZD0530	ENSG00000276966	1.050535240692123	1.050535240692123	1.050535240692123
AZD0530	ENSG00000095752	1.0505212919053162	1.0505212919053162	1.0505212919053162
AZD0530	ENSG00000196437	1.0504166854239818	1.0504166854239818	1.0504166854239818
AZD0530	ENSG00000187595	1.0501905437411312	1.0501905437411312	1.0501905437411312
AZD0530	ENSG00000158423	1.0501702253328382	1.0501702253328382	1.0501702253328382
AZD0530	ENSG00000137218	1.0499983392597196	1.0499983392597196	1.0499983392597196
AZD0530	ENSG00000165684	1.0499814368501341	1.0499814368501341	1.0499814368501341
AZD0530	ENSG00000100599	1.049824680520929	1.049824680520929	1.049824680520929
AZD0530	ENSG00000109471	1.049550939171185	1.049550939171185	1.049550939171185
AZD0530	ENSG00000133997	1.0494545367103345	1.0494545367103345	1.0494545367103345
AZD0530	ENSG00000104341	1.0492549083362912	1.0492549083362912	1.0492549083362912
AZD0530	ENSG00000116691	1.0492511238363165	1.0492511238363165	1.0492511238363165
AZD0530	C8orf39	1.0491407273063877	1.0491407273063877	1.0491407273063877
AZD0530	ENSG00000129566	1.0490577342211307	1.0490577342211307	1.0490577342211307
AZD0530	ENSG00000114999	1.0481169425799883	1.0481169425799883	1.0481169425799883
AZD0530	ENSG00000130684	1.047987894610187	1.047987894610187	1.047987894610187
AZD0530	ENSG00000113070	1.0479178533743418	1.0479178533743418	1.0479178533743418
AZD0530	ENSG00000107551	1.0474552344471681	1.0474552344471681	1.0474552344471681
AZD0530	ENSG00000165269	1.0473925622883438	1.0473925622883438	1.0473925622883438
AZD0530	ENSG00000157330	1.0473445383976456	1.0473445383976456	1.0473445383976456
AZD0530	ENSG00000200785	1.0470781550755786	1.0470781550755786	1.0470781550755786
AZD0530	ENSG00000168806	1.0470759908634992	1.0470759908634992	1.0470759908634992
AZD0530	LOC100128822	1.047073599270919	1.047073599270919	1.047073599270919
AZD0530	LOC100506558	1.0469039377243634	1.0469039377243634	1.0469039377243634
AZD0530	ENSG00000124610	1.0466896468646913	1.0466896468646913	1.0466896468646913
AZD0530	ENSG00000178522	1.0465060493218876	1.0465060493218876	1.0465060493218876
AZD0530	ENSG00000160124	1.0464238904175913	1.0464238904175913	1.0464238904175913
AZD0530	ENSG00000118762	1.0463323560450488	1.0463323560450488	1.0463323560450488
AZD0530	ENSG00000180881	1.0462457199612551	1.0462457199612551	1.0462457199612551
AZD0530	ENSG00000174442	1.0460095791589947	1.0460095791589947	1.0460095791589947
AZD0530	ENSG00000178343	1.0459460348153964	1.0459460348153964	1.0459460348153964
AZD0530	ENSG00000181240	1.0458128954542458	1.0458128954542458	1.0458128954542458
AZD0530	ENSG00000164007	1.045738210873735	1.045738210873735	1.045738210873735
AZD0530	C12orf69	1.0455286454464632	1.0455286454464632	1.0455286454464632
AZD0530	LOC100506972	1.0454561482427962	1.0454561482427962	1.0454561482427962
AZD0530	ENSG00000138829	1.0453945975562804	1.0453945975562804	1.0453945975562804
AZD0530	ENSG00000149547	1.0453046032567375	1.0453046032567375	1.0453046032567375
AZD0530	LOC100652843	1.0452805255263031	1.0452805255263031	1.0452805255263031
AZD0530	ENSG00000133111	1.045247867339517	1.045247867339517	1.045247867339517
AZD0530	ENSG00000196793	1.0452458468257793	1.0452458468257793	1.0452458468257793
AZD0530	ENSG00000264058	1.0452240862362483	1.0452240862362483	1.0452240862362483
AZD0530	ENSG00000226898	1.0452093551166022	1.0452093551166022	1.0452093551166022
AZD0530	LRG_450	1.0451806156226453	1.0451806156226453	1.0451806156226453
AZD0530	ENSG00000169594	1.045047207927278	1.045047207927278	1.045047207927278
AZD0530	ENSG00000133958	1.0448883984787418	1.0448883984787418	1.0448883984787418
AZD0530	ENSG00000253352	1.0448413153218454	1.0448413153218454	1.0448413153218454
AZD0530	ENSG00000140450	1.044629202123928	1.044629202123928	1.044629202123928
AZD0530	ENSG00000168135	1.0446129964545752	1.0446129964545752	1.0446129964545752
AZD0530	ENSG00000163539	1.044352583087983	1.044352583087983	1.044352583087983
AZD0530	ENSG00000186049	1.0443442144753643	1.0443442144753643	1.0443442144753643
AZD0530	ENSG00000185189	1.044183954587619	1.044183954587619	1.044183954587619
AZD0530	ENSG00000113734	1.044102464499964	1.044102464499964	1.044102464499964
AZD0530	ENSG00000189369	1.0440869539646285	1.0440869539646285	1.0440869539646285
AZD0530	ENSG00000132481	1.0437637464059428	1.0437637464059428	1.0437637464059428
AZD0530	ENSG00000163106	1.0434657404866756	1.0434657404866756	1.0434657404866756
AZD0530	ENSG00000154642	1.0432205091850724	1.0432205091850724	1.0432205091850724
AZD0530	ENSG00000100271	1.043170857019807	1.043170857019807	1.043170857019807
AZD0530	ENSG00000185247	1.0431632875273424	1.0431632875273424	1.0431632875273424
AZD0530	ENSG00000116329	1.0429120437499353	1.0429120437499353	1.0429120437499353
AZD0530	ENSG00000041515	1.0428098584033227	1.0428098584033227	1.0428098584033227
AZD0530	ENSG00000143537	1.0426650316935877	1.0426650316935877	1.0426650316935877
AZD0530	ENSG00000103150	1.0423570211182982	1.0423570211182982	1.0423570211182982
AZD0530	ENSG00000128609	1.0423493359839315	1.0423493359839315	1.0423493359839315
AZD0530	ENSG00000135392	1.0422031350466099	1.0422031350466099	1.0422031350466099
AZD0530	ENSG00000253304	1.0420189424604438	1.0420189424604438	1.0420189424604438
AZD0530	ENSG00000163840	1.041896142981234	1.041896142981234	1.041896142981234
AZD0530	LRG_392	1.0416256541603732	1.0416256541603732	1.0416256541603732
AZD0530	ENSG00000151327	1.0415612183747867	1.0415612183747867	1.0415612183747867
AZD0530	ENSG00000109332	1.0415108025603153	1.0415108025603153	1.0415108025603153
AZD0530	ENSG00000140265	1.0413960499680346	1.0413960499680346	1.0413960499680346
AZD0530	ENSG00000135148	1.041296508818074	1.041296508818074	1.041296508818074
AZD0530	ENSG00000166435	1.0412009418099049	1.0412009418099049	1.0412009418099049
AZD0530	ENSG00000198121	1.0410616652110085	1.0410616652110085	1.0410616652110085
AZD0530	ENSG00000204866	1.0410456825444414	1.0410456825444414	1.0410456825444414
AZD0530	ENSG00000257108	1.0410156504798118	1.0410156504798118	1.0410156504798118
AZD0530	ENSG00000167186	1.0407308469227783	1.0407308469227783	1.0407308469227783
AZD0530	LOC100506034	1.0405991213381043	1.0405991213381043	1.0405991213381043
AZD0530	LOC100507739	1.040529447809556	1.040529447809556	1.040529447809556
AZD0530	ENSG00000105550	1.0403645678984754	1.0403645678984754	1.0403645678984754
AZD0530	ENSG00000146090	1.0402360738595118	1.0402360738595118	1.0402360738595118
AZD0530	ENSG00000170921	1.0400685948891994	1.0400685948891994	1.0400685948891994
AZD0530	ENSG00000129925	1.0400312223989392	1.0400312223989392	1.0400312223989392
AZD0530	ENSG00000144120	1.0399934058110292	1.0399934058110292	1.0399934058110292
AZD0530	ENSG00000189057	1.0399664882695927	1.0399664882695927	1.0399664882695927
AZD0530	ENSG00000114739	1.039951849071492	1.039951849071492	1.039951849071492
AZD0530	ENSG00000103043	1.0399301389262965	1.0399301389262965	1.0399301389262965
AZD0530	ENSG00000222046	1.0398455987308137	1.0398455987308137	1.0398455987308137
AZD0530	ENSG00000144040	1.039782862137333	1.039782862137333	1.039782862137333
AZD0530	ENSG00000160856	1.0395660308592434	1.0395660308592434	1.0395660308592434
AZD0530	ENSG00000100092	1.0395464880148335	1.0395464880148335	1.0395464880148335
AZD0530	ENSG00000185869	1.0395416176431245	1.0395416176431245	1.0395416176431245
AZD0530	LRG_449	1.0394840794949936	1.0394840794949936	1.0394840794949936
AZD0530	ENSG00000101082	1.0394298860802917	1.0394298860802917	1.0394298860802917
AZD0530	ENSG00000065883	1.039352505532825	1.039352505532825	1.039352505532825
AZD0530	ENSG00000132359	1.0391968625739856	1.0391968625739856	1.0391968625739856
AZD0530	EIF2C4	1.0391802126678944	1.0391802126678944	1.0391802126678944
AZD0530	ENSG00000131781	1.0391733262526681	1.0391733262526681	1.0391733262526681
AZD0530	ENSG00000182674	1.0390920465807136	1.0390920465807136	1.0390920465807136
AZD0530	ENSG00000277339	1.0389794400543995	1.0389794400543995	1.0389794400543995
AZD0530	ENSG00000127954	1.038965774938657	1.038965774938657	1.038965774938657
AZD0530	ENSG00000161055	1.0389312037984495	1.0389312037984495	1.0389312037984495
AZD0530	ENSG00000108423	1.0389013888971057	1.0389013888971057	1.0389013888971057
AZD0530	ENSG00000185697	1.038854354690815	1.038854354690815	1.038854354690815
AZD0530	ENSG00000226257	1.0388204492190827	1.0388204492190827	1.0388204492190827
AZD0530	ENSG00000152402	1.038778943674113	1.038778943674113	1.038778943674113
AZD0530	ENSG00000260804	1.038760655568395	1.038760655568395	1.038760655568395
AZD0530	ENSG00000138760	1.0387284290099743	1.0387284290099743	1.0387284290099743
AZD0530	ENSG00000140479	1.0386451046326546	1.0386451046326546	1.0386451046326546
AZD0530	ENSG00000213918	1.0380010653023923	1.0380010653023923	1.0380010653023923
AZD0530	LOC728743	1.0378443896946712	1.0378443896946712	1.0378443896946712
AZD0530	ENSG00000138670	1.037693240196567	1.037693240196567	1.037693240196567
AZD0530	ENSG00000137502	1.0375482456985736	1.0375482456985736	1.0375482456985736
AZD0530	LRG_211	1.0375373329089013	1.0375373329089013	1.0375373329089013
AZD0530	ENSG00000154930	1.0374315247336265	1.0374315247336265	1.0374315247336265
AZD0530	ENSG00000186197	1.0373194234206748	1.0373194234206748	1.0373194234206748
AZD0530	ENSG00000198088	1.0372948203365377	1.0372948203365377	1.0372948203365377
AZD0530	ENSG00000164885	1.0371460638971126	1.0371460638971126	1.0371460638971126
AZD0530	C17orf28	1.03712984014127	1.03712984014127	1.03712984014127
AZD0530	ENSG00000235927	1.0367295729847017	1.0367295729847017	1.0367295729847017
AZD0530	ENSG00000147883	1.0367161443840711	1.0367161443840711	1.0367161443840711
AZD0530	ENSG00000160408	1.0365283212318523	1.0365283212318523	1.0365283212318523
AZD0530	LOC100506013	1.0364229766685238	1.0364229766685238	1.0364229766685238
AZD0530	ENSG00000120322	1.0363680601548728	1.0363680601548728	1.0363680601548728
AZD0530	ENSG00000070413	1.0363256822994396	1.0363256822994396	1.0363256822994396
AZD0530	ENSG00000078579	1.0362996619433995	1.0362996619433995	1.0362996619433995
AZD0530	SRCRB4D	1.036229136738479	1.036229136738479	1.036229136738479
AZD0530	ENSG00000137486	1.0362059876594396	1.0362059876594396	1.0362059876594396
AZD0530	ENSG00000105939	1.0361657774673503	1.0361657774673503	1.0361657774673503
AZD0530	ENSG00000144635	1.036081507368204	1.036081507368204	1.036081507368204
AZD0530	ENSG00000179397	1.0360564175614615	1.0360564175614615	1.0360564175614615
AZD0530	ENSG00000168405	1.0359114006978258	1.0359114006978258	1.0359114006978258
AZD0530	ENSG00000071655	1.0358905436433568	1.0358905436433568	1.0358905436433568
AZD0530	LRG_445	1.0358254982207853	1.0358254982207853	1.0358254982207853
AZD0530	LOC100505811	1.0356333549156929	1.0356333549156929	1.0356333549156929
AZD0530	ENSG00000187730	1.0355324850298935	1.0355324850298935	1.0355324850298935
AZD0530	ENSG00000278006	1.0354011589580014	1.0354011589580014	1.0354011589580014
AZD0530	LOC100507389	1.035377727081656	1.035377727081656	1.035377727081656
AZD0530	ENSG00000113296	1.0352402498475333	1.0352402498475333	1.0352402498475333
AZD0530	LRG_456	1.035228450480645	1.035228450480645	1.035228450480645
AZD0530	ENSG00000276126	1.0349964774782168	1.0349964774782168	1.0349964774782168
AZD0530	LOC730102	1.0349654876408159	1.0349654876408159	1.0349654876408159
AZD0530	ENSG00000196584	1.0349130454777593	1.0349130454777593	1.0349130454777593
AZD0530	ENSG00000179454	1.034909004612996	1.034909004612996	1.034909004612996
AZD0530	ENSG00000121053	1.0348432012548732	1.0348432012548732	1.0348432012548732
AZD0530	ENSG00000063180	1.0347719980919199	1.0347719980919199	1.0347719980919199
AZD0530	ENSG00000160882	1.0347196972170192	1.0347196972170192	1.0347196972170192
AZD0530	LOC729178	1.0345100182177138	1.0345100182177138	1.0345100182177138
AZD0530	ENSG00000167014	1.0343988751921485	1.0343988751921485	1.0343988751921485
AZD0530	ENSG00000083544	1.0342108309457783	1.0342108309457783	1.0342108309457783
AZD0530	ENSG00000228854	1.034139959753432	1.034139959753432	1.034139959753432
AZD0530	ENSG00000149201	1.0338813840442753	1.0338813840442753	1.0338813840442753
AZD0530	ENSG00000105376	1.0338423819544373	1.0338423819544373	1.0338423819544373
AZD0530	ENSG00000147443	1.0337525648594068	1.0337525648594068	1.0337525648594068
AZD0530	ENSG00000224180	1.0337125382057508	1.0337125382057508	1.0337125382057508
AZD0530	ENSG00000107447	1.0336658647470671	1.0336658647470671	1.0336658647470671
AZD0530	ENSG00000103723	1.033543313736474	1.033543313736474	1.033543313736474
AZD0530	ENSG00000105668	1.0333507987914423	1.0333507987914423	1.0333507987914423
AZD0530	ENSG00000115598	1.03315332014643	1.03315332014643	1.03315332014643
AZD0530	ENSG00000207112	1.032887836245891	1.032887836245891	1.032887836245891
AZD0530	ENSG00000103260	1.0328831652435906	1.0328831652435906	1.0328831652435906
AZD0530	LOC100505989	1.0326858826942253	1.0326858826942253	1.0326858826942253
AZD0530	ENSG00000107902	1.03262671404756	1.03262671404756	1.03262671404756
AZD0530	ENSG00000196850	1.0325915815792703	1.0325915815792703	1.0325915815792703
AZD0530	FLJ35776	1.032509788812752	1.032509788812752	1.032509788812752
AZD0530	ENSG00000138030	1.032490275625937	1.032490275625937	1.032490275625937
AZD0530	ENSG00000112379	1.0322684394654915	1.0322684394654915	1.0322684394654915
AZD0530	ENSG00000123219	1.0322468102689188	1.0322468102689188	1.0322468102689188
AZD0530	ENSG00000128011	1.032088190271428	1.032088190271428	1.032088190271428
AZD0530	C22orf32	1.0320093585146906	1.0320093585146906	1.0320093585146906
AZD0530	ENSG00000107959	1.031714180794668	1.031714180794668	1.031714180794668
AZD0530	ENSG00000135218	1.0316933283372622	1.0316933283372622	1.0316933283372622
AZD0530	ENSG00000277258	1.0314292869589454	1.0314292869589454	1.0314292869589454
AZD0530	ENSG00000129083	1.0311804526425383	1.0311804526425383	1.0311804526425383
AZD0530	ENSG00000121690	1.0307381213534597	1.0307381213534597	1.0307381213534597
AZD0530	ENSG00000170852	1.0307120554938127	1.0307120554938127	1.0307120554938127
AZD0530	ENSG00000281661	1.0304371831626018	1.0304371831626018	1.0304371831626018
AZD0530	ENSG00000064886	1.0303153107313152	1.0303153107313152	1.0303153107313152
AZD0530	ENSG00000152689	1.0300974311032096	1.0300974311032096	1.0300974311032096
AZD0530	ENSG00000110660	1.030088451378846	1.030088451378846	1.030088451378846
AZD0530	ENSG00000182261	1.0300317504091563	1.0300317504091563	1.0300317504091563
AZD0530	ENSG00000159708	1.029973455057332	1.029973455057332	1.029973455057332
AZD0530	ENSG00000079950	1.0298961008614385	1.0298961008614385	1.0298961008614385
AZD0530	ENSG00000162999	1.0298400450854834	1.0298400450854834	1.0298400450854834
AZD0530	ENSG00000186871	1.0297299266501099	1.0297299266501099	1.0297299266501099
AZD0530	ENSG00000145916	1.0296827903594135	1.0296827903594135	1.0296827903594135
AZD0530	ENSG00000168827	1.029667315198079	1.029667315198079	1.029667315198079
AZD0530	ENSG00000106635	1.0295870528468025	1.0295870528468025	1.0295870528468025
AZD0530	ENSG00000143363	1.0291824005609258	1.0291824005609258	1.0291824005609258
AZD0530	ENSG00000123200	1.0289603022318456	1.0289603022318456	1.0289603022318456
AZD0530	ENSG00000184898	1.0288349959742862	1.0288349959742862	1.0288349959742862
AZD0530	ENSG00000280689	1.028513443663639	1.028513443663639	1.028513443663639
AZD0530	ENSG00000224743	1.0284652007552986	1.0284652007552986	1.0284652007552986
AZD0530	ENSG00000174917	1.0284613278495047	1.0284613278495047	1.0284613278495047
AZD0530	ENSG00000227543	1.028427550429066	1.028427550429066	1.028427550429066
AZD0530	ENSG00000124641	1.0283936520825652	1.0283936520825652	1.0283936520825652
AZD0530	ENSG00000187792	1.0283914497759647	1.0283914497759647	1.0283914497759647
AZD0530	ENSG00000179698	1.0283913504390323	1.0283913504390323	1.0283913504390323
AZD0530	LOC100507463	1.0283703635812762	1.0283703635812762	1.0283703635812762
AZD0530	ENSG00000137875	1.028328514847476	1.028328514847476	1.028328514847476
AZD0530	ENSG00000132975	1.0280503507538836	1.0280503507538836	1.0280503507538836
AZD0530	ENSG00000124657	1.0279786445247892	1.0279786445247892	1.0279786445247892
AZD0530	ENSG00000094804	1.0275984700362084	1.0275984700362084	1.0275984700362084
AZD0530	ENSG00000136141	1.027323124051798	1.027323124051798	1.027323124051798
AZD0530	LOC100506914	1.0270225433004083	1.0270225433004083	1.0270225433004083
AZD0530	LOC100506718	1.0269973311981802	1.0269973311981802	1.0269973311981802
AZD0530	ENSG00000029364	1.0269954779297432	1.0269954779297432	1.0269954779297432
AZD0530	ENSG00000145794	1.0266994093851995	1.0266994093851995	1.0266994093851995
AZD0530	ENSG00000004799	1.0266911162664558	1.0266911162664558	1.0266911162664558
AZD0530	ENSG00000116922	1.0264671923356925	1.0264671923356925	1.0264671923356925
AZD0530	ENSG00000150760	1.0263858518631797	1.0263858518631797	1.0263858518631797
AZD0530	ENSG00000184905	1.0261597371465752	1.0261597371465752	1.0261597371465752
AZD0530	ENSG00000103540	1.0261167716819577	1.0261167716819577	1.0261167716819577
AZD0530	ENSG00000154639	1.0260933513749717	1.0260933513749717	1.0260933513749717
AZD0530	ENSG00000163328	1.0259711430737044	1.0259711430737044	1.0259711430737044
AZD0530	ENSG00000135953	1.0259302571796558	1.0259302571796558	1.0259302571796558
AZD0530	ENSG00000167311	1.0257981683686501	1.0257981683686501	1.0257981683686501
AZD0530	ENSG00000205209	1.0257721678730383	1.0257721678730383	1.0257721678730383
AZD0530	ENSG00000173930	1.0257516769496315	1.0257516769496315	1.0257516769496315
AZD0530	ENSG00000203727	1.0257294497036742	1.0257294497036742	1.0257294497036742
AZD0530	ENSG00000128872	1.0256593448045759	1.0256593448045759	1.0256593448045759
AZD0530	LOC100507345	1.025565392012004	1.025565392012004	1.025565392012004
AZD0530	LOC731223	1.0255525581456162	1.0255525581456162	1.0255525581456162
AZD0530	ENSG00000144550	1.025394126190672	1.025394126190672	1.025394126190672
AZD0530	ENSG00000065320	1.0250528480441885	1.0250528480441885	1.0250528480441885
AZD0530	ENSG00000173221	1.0249982100155253	1.0249982100155253	1.0249982100155253
AZD0530	ENSG00000166927	1.024969783391375	1.024969783391375	1.024969783391375
AZD0530	LOC723809	1.0249545101219752	1.0249545101219752	1.0249545101219752
AZD0530	ENSG00000136040	1.0249135688135893	1.0249135688135893	1.0249135688135893
AZD0530	ENSG00000101773	1.0248456308056186	1.0248456308056186	1.0248456308056186
AZD0530	ENSG00000081760	1.0247992760016695	1.0247992760016695	1.0247992760016695
AZD0530	ENSG00000137642	1.0246379292935484	1.0246379292935484	1.0246379292935484
AZD0530	ENSG00000164403	1.0243724052318939	1.0243724052318939	1.0243724052318939
AZD0530	ENSG00000183260	1.02429469874859	1.02429469874859	1.02429469874859
AZD0530	ENSG00000197245	1.02422216072891	1.02422216072891	1.02422216072891
AZD0530	ENSG00000126803	1.0241893942563023	1.0241893942563023	1.0241893942563023
AZD0530	LOC645249	1.0240554064537994	1.0240554064537994	1.0240554064537994
AZD0530	ENSG00000157368	1.0240302136598967	1.0240302136598967	1.0240302136598967
AZD0530	NPIPL2	1.023942659082115	1.023942659082115	1.023942659082115
AZD0530	PION	1.023933272278785	1.023933272278785	1.023933272278785
AZD0530	ENSG00000170627	1.0238523389219636	1.0238523389219636	1.0238523389219636
AZD0530	ENSG00000105649	1.0238233890761912	1.0238233890761912	1.0238233890761912
AZD0530	ENSG00000102098	1.0237750871114442	1.0237750871114442	1.0237750871114442
AZD0530	ENSG00000087191	1.0237628405935608	1.0237628405935608	1.0237628405935608
AZD0530	ENSG00000125944	1.0234068705124832	1.0234068705124832	1.0234068705124832
AZD0530	LOC100653010	1.0232421022585145	1.0232421022585145	1.0232421022585145
AZD0530	ENSG00000213339	1.023063701681686	1.023063701681686	1.023063701681686
AZD0530	ENSG00000164113	1.0230575782390683	1.0230575782390683	1.0230575782390683
AZD0530	ENSG00000132703	1.0230574741537195	1.0230574741537195	1.0230574741537195
AZD0530	ENSG00000198018	1.023027511454975	1.023027511454975	1.023027511454975
AZD0530	ENSG00000113441	1.022928920044914	1.022928920044914	1.022928920044914
AZD0530	ENSG00000228623	1.0225370440343147	1.0225370440343147	1.0225370440343147
AZD0530	ENSG00000119705	1.0224065979394616	1.0224065979394616	1.0224065979394616
AZD0530	ENSG00000105355	1.0223857233220852	1.0223857233220852	1.0223857233220852
AZD0530	ENSG00000171202	1.0222521223213	1.0222521223213	1.0222521223213
AZD0530	ENSG00000187840	1.0221484355807782	1.0221484355807782	1.0221484355807782
AZD0530	ENSG00000113916	1.0221305604026394	1.0221305604026394	1.0221305604026394
AZD0530	ENSG00000107736	1.0218447145021015	1.0218447145021015	1.0218447145021015
AZD0530	ENSG00000143727	1.0216953895119543	1.0216953895119543	1.0216953895119543
AZD0530	SGK196	1.0215826739782823	1.0215826739782823	1.0215826739782823
AZD0530	ENSG00000175513	1.0211893423458476	1.0211893423458476	1.0211893423458476
AZD0530	ENSG00000278505	1.0211881564521557	1.0211881564521557	1.0211881564521557
AZD0530	ENSG00000160199	1.0211192665979933	1.0211192665979933	1.0211192665979933
AZD0530	ENSG00000002587	1.0208600303874655	1.0208600303874655	1.0208600303874655
AZD0530	ENSG00000101132	1.0206481949108983	1.0206481949108983	1.0206481949108983
AZD0530	LRG_640	1.0203494240583069	1.0203494240583069	1.0203494240583069
AZD0530	ENSG00000176208	1.020291690695743	1.020291690695743	1.020291690695743
AZD0530	ZFYVE20	1.0202852548442827	1.0202852548442827	1.0202852548442827
AZD0530	ENSG00000114019	1.0202055129047929	1.0202055129047929	1.0202055129047929
AZD0530	ENSG00000057593	1.0201498732883898	1.0201498732883898	1.0201498732883898
AZD0530	LOC400238	1.0200844734721766	1.0200844734721766	1.0200844734721766
AZD0530	ENSG00000164076	1.019905093404685	1.019905093404685	1.019905093404685
AZD0530	ENSG00000163320	1.019857885913531	1.019857885913531	1.019857885913531
AZD0530	ENSG00000111596	1.0195299102202486	1.0195299102202486	1.0195299102202486
AZD0530	LRG_152	1.0195285709028135	1.0195285709028135	1.0195285709028135
AZD0530	ENSG00000106526	1.0194749363877182	1.0194749363877182	1.0194749363877182
AZD0530	ENSG00000187118	1.0193358745865282	1.0193358745865282	1.0193358745865282
AZD0530	ENSG00000112592	1.0191646542341952	1.0191646542341952	1.0191646542341952
AZD0530	LOC285286	1.0191627476678038	1.0191627476678038	1.0191627476678038
AZD0530	ENSG00000198829	1.0191501591326104	1.0191501591326104	1.0191501591326104
AZD0530	LOC100505616	1.0190971411891785	1.0190971411891785	1.0190971411891785
AZD0530	ENSG00000089006	1.0190018384834971	1.0190018384834971	1.0190018384834971
AZD0530	ENSG00000106290	1.0189776612937607	1.0189776612937607	1.0189776612937607
AZD0530	ENSG00000159210	1.0186889830860344	1.0186889830860344	1.0186889830860344
AZD0530	ENSG00000135974	1.0186677296165583	1.0186677296165583	1.0186677296165583
AZD0530	ENSG00000162694	1.018649875550992	1.018649875550992	1.018649875550992
AZD0530	ENSG00000181418	1.0185492893989003	1.0185492893989003	1.0185492893989003
AZD0530	ENSG00000177663	1.0183943113004175	1.0183943113004175	1.0183943113004175
AZD0530	LOC100506757	1.0181743329285644	1.0181743329285644	1.0181743329285644
AZD0530	ENSG00000132465	1.0178187008047788	1.0178187008047788	1.0178187008047788
AZD0530	ENSG00000115419	1.017794157595639	1.017794157595639	1.017794157595639
AZD0530	ENSG00000204120	1.0176053519094412	1.0176053519094412	1.0176053519094412
AZD0530	ENSG00000174137	1.0175777901556686	1.0175777901556686	1.0175777901556686
AZD0530	CXorf27	1.0174651762366467	1.0174651762366467	1.0174651762366467
AZD0530	ENSG00000124145	1.0173492167045366	1.0173492167045366	1.0173492167045366
AZD0530	ENSG00000172757	1.0172890900117302	1.0172890900117302	1.0172890900117302
AZD0530	ENSG00000011332	1.0170282016878731	1.0170282016878731	1.0170282016878731
AZD0530	FLJ37798	1.016846731959348	1.016846731959348	1.016846731959348
AZD0530	ENSG00000165997	1.0166023306936915	1.0166023306936915	1.0166023306936915
AZD0530	ENSG00000135773	1.0165300233797643	1.0165300233797643	1.0165300233797643
AZD0530	ENSG00000111713	1.016474511704334	1.016474511704334	1.016474511704334
AZD0530	ENSG00000103319	1.0164696879314952	1.0164696879314952	1.0164696879314952
AZD0530	LOC100505806	1.0163649415782499	1.0163649415782499	1.0163649415782499
AZD0530	ENSG00000012171	1.0160383836481492	1.0160383836481492	1.0160383836481492
AZD0530	ENSG00000122203	1.0160282407676076	1.0160282407676076	1.0160282407676076
AZD0530	ENSG00000215375	1.0159157568420965	1.0159157568420965	1.0159157568420965
AZD0530	ENSG00000100033	1.0158911461655975	1.0158911461655975	1.0158911461655975
AZD0530	ENSG00000143878	1.015767952449952	1.015767952449952	1.015767952449952
AZD0530	ENSG00000188242	1.0157149053743	1.0157149053743	1.0157149053743
AZD0530	ENSG00000177868	1.0154695244728968	1.0154695244728968	1.0154695244728968
AZD0530	ENSG00000228315	1.0152043114750933	1.0152043114750933	1.0152043114750933
AZD0530	ENSG00000126947	1.0151718950118198	1.0151718950118198	1.0151718950118198
AZD0530	ENSG00000172673	1.0151691097312359	1.0151691097312359	1.0151691097312359
AZD0530	ENSG00000008283	1.0151621759374572	1.0151621759374572	1.0151621759374572
AZD0530	ENSG00000077943	1.0150730319703765	1.0150730319703765	1.0150730319703765
AZD0530	ENSG00000133316	1.0149673930318894	1.0149673930318894	1.0149673930318894
AZD0530	ENSG00000102313	1.0147977401600456	1.0147977401600456	1.0147977401600456
AZD0530	ENSG00000277086	1.014302593979424	1.014302593979424	1.014302593979424
AZD0530	LOC100505583	1.0141021050527088	1.0141021050527088	1.0141021050527088
AZD0530	ENSG00000183153	1.0140282699378695	1.0140282699378695	1.0140282699378695
AZD0530	ENSG00000109133	1.0139715985556483	1.0139715985556483	1.0139715985556483
AZD0530	ENSG00000198856	1.0139486456092102	1.0139486456092102	1.0139486456092102
AZD0530	ENSG00000100814	1.0138358409515498	1.0138358409515498	1.0138358409515498
AZD0530	ENSG00000169241	1.0135577528481552	1.0135577528481552	1.0135577528481552
AZD0530	ENSG00000136932	1.0134667084257676	1.0134667084257676	1.0134667084257676
AZD0530	ENSG00000186314	1.013006099098473	1.013006099098473	1.013006099098473
AZD0530	ENSG00000106077	1.0128865524567878	1.0128865524567878	1.0128865524567878
AZD0530	ENSG00000148204	1.0128390125910534	1.0128390125910534	1.0128390125910534
AZD0530	ENSG00000261192	1.0127233852438733	1.0127233852438733	1.0127233852438733
AZD0530	ENSG00000274891	1.0126496388293824	1.0126496388293824	1.0126496388293824
AZD0530	ENSG00000102804	1.0124278576425394	1.0124278576425394	1.0124278576425394
AZD0530	LOC100616668	1.0123880830503502	1.0123880830503502	1.0123880830503502
AZD0530	LOC401463	1.0120965967877862	1.0120965967877862	1.0120965967877862
AZD0530	ENSG00000172602	1.0120609499947353	1.0120609499947353	1.0120609499947353
AZD0530	ENSG00000279610	1.012044645619864	1.012044645619864	1.012044645619864
AZD0530	ENSG00000127585	1.0116028344056698	1.0116028344056698	1.0116028344056698
AZD0530	ENSG00000075790	1.011552626745276	1.011552626745276	1.011552626745276
AZD0530	LOC100507616	1.0114184843371976	1.0114184843371976	1.0114184843371976
AZD0530	ENSG00000164061	1.0111462295788693	1.0111462295788693	1.0111462295788693
AZD0530	LOC100505635	1.01113527130387	1.01113527130387	1.01113527130387
AZD0530	ENSG00000156671	1.0110416593169833	1.0110416593169833	1.0110416593169833
AZD0530	ENSG00000133985	1.0110346712100984	1.0110346712100984	1.0110346712100984
AZD0530	C10orf118	1.010964527781085	1.010964527781085	1.010964527781085
AZD0530	ENSG00000256394	1.0109148542731006	1.0109148542731006	1.0109148542731006
AZD0530	ENSG00000104447	1.010583184169327	1.010583184169327	1.010583184169327
AZD0530	C20orf152	1.0105391096036804	1.0105391096036804	1.0105391096036804
AZD0530	ENSG00000136205	1.0104704247029013	1.0104704247029013	1.0104704247029013
AZD0530	ENSG00000140983	1.0104509945741003	1.0104509945741003	1.0104509945741003
AZD0530	ENSG00000147145	1.010283409871764	1.010283409871764	1.010283409871764
AZD0530	ENSG00000122733	1.009900105531137	1.009900105531137	1.009900105531137
AZD0530	ENSG00000111110	1.0098028267657746	1.0098028267657746	1.0098028267657746
AZD0530	ENSG00000134461	1.009796429815506	1.009796429815506	1.009796429815506
AZD0530	ENSG00000133706	1.0097783702093315	1.0097783702093315	1.0097783702093315
AZD0530	ENSG00000160321	1.0096768665386204	1.0096768665386204	1.0096768665386204
AZD0530	ENSG00000169064	1.0091683485971512	1.0091683485971512	1.0091683485971512
AZD0530	ENSG00000143479	1.0091629287188701	1.0091629287188701	1.0091629287188701
AZD0530	ENSG00000103342	1.0090549771294983	1.0090549771294983	1.0090549771294983
AZD0530	ENSG00000230341	1.0087594289480606	1.0087594289480606	1.0087594289480606
AZD0530	ENSG00000123843	1.008723796195382	1.008723796195382	1.008723796195382
AZD0530	ENSG00000170426	1.0087235587045253	1.0087235587045253	1.0087235587045253
AZD0530	ENSG00000135638	1.008461298182	1.008461298182	1.008461298182
AZD0530	LOC100505976	1.0084217681090586	1.0084217681090586	1.0084217681090586
AZD0530	LOC100130503	1.0082751580625642	1.0082751580625642	1.0082751580625642
AZD0530	ENSG00000137821	1.0080465615450365	1.0080465615450365	1.0080465615450365
AZD0530	PRAC	1.0080303335460237	1.0080303335460237	1.0080303335460237
AZD0530	ENSG00000120616	1.008001219075619	1.008001219075619	1.008001219075619
AZD0530	ENSG00000165584	1.0078194644201226	1.0078194644201226	1.0078194644201226
AZD0530	ENSG00000101310	1.0077705289062224	1.0077705289062224	1.0077705289062224
AZD0530	ENSG00000106624	1.0077174101697925	1.0077174101697925	1.0077174101697925
AZD0530	ENSG00000136940	1.00769240820827	1.00769240820827	1.00769240820827
AZD0530	ENSG00000108924	1.0074252751335964	1.0074252751335964	1.0074252751335964
AZD0530	ENSG00000171735	1.0072504365704038	1.0072504365704038	1.0072504365704038
AZD0530	ENSG00000078674	1.0070582612753722	1.0070582612753722	1.0070582612753722
AZD0530	ENSG00000173273	1.0070104307899261	1.0070104307899261	1.0070104307899261
AZD0530	ENSG00000061794	1.006951954303296	1.006951954303296	1.006951954303296
AZD0530	ENSG00000198276	1.0069043257679586	1.0069043257679586	1.0069043257679586
AZD0530	ENSG00000155229	1.0068676854725935	1.0068676854725935	1.0068676854725935
AZD0530	ENSG00000185201	1.0068033826159015	1.0068033826159015	1.0068033826159015
AZD0530	ENSG00000213619	1.0067922294371747	1.0067922294371747	1.0067922294371747
AZD0530	ENSG00000186566	1.0067663474659492	1.0067663474659492	1.0067663474659492
AZD0530	ENSG00000163312	1.0065505093895308	1.0065505093895308	1.0065505093895308
AZD0530	ADAM5P	1.0064873077604883	1.0064873077604883	1.0064873077604883
AZD0530	ENSG00000154277	1.0064623710248055	1.0064623710248055	1.0064623710248055
AZD0530	LOC100505904	1.0063367695105954	1.0063367695105954	1.0063367695105954
AZD0530	ENSG00000181652	1.0062863237216328	1.0062863237216328	1.0062863237216328
AZD0530	ENSG00000105700	1.006112304916208	1.006112304916208	1.006112304916208
AZD0530	ENSG00000108639	1.005962032361335	1.005962032361335	1.005962032361335
AZD0530	ENSG00000071203	1.005654723126978	1.005654723126978	1.005654723126978
AZD0530	LOC100507213	1.0056116692988908	1.0056116692988908	1.0056116692988908
AZD0530	ENSG00000177340	1.0055395766534954	1.0055395766534954	1.0055395766534954
AZD0530	ENSG00000167460	1.0055254876818265	1.0055254876818265	1.0055254876818265
AZD0530	ENSG00000125482	1.0054691669192803	1.0054691669192803	1.0054691669192803
AZD0530	ENSG00000162063	1.0054604693642981	1.0054604693642981	1.0054604693642981
AZD0530	ENSG00000152484	1.0054125653804113	1.0054125653804113	1.0054125653804113
AZD0530	LRG_111	1.005107021871091	1.005107021871091	1.005107021871091
AZD0530	ENSG00000163394	1.0050285541806714	1.0050285541806714	1.0050285541806714
AZD0530	ENSG00000269313	1.005007562857956	1.005007562857956	1.005007562857956
AZD0530	ENSG00000183090	1.0049897461089068	1.0049897461089068	1.0049897461089068
AZD0530	ENSG00000182185	1.0048451060403987	1.0048451060403987	1.0048451060403987
AZD0530	ENSG00000139648	1.0048176293329503	1.0048176293329503	1.0048176293329503
AZD0530	ENSG00000138029	1.0047670101368544	1.0047670101368544	1.0047670101368544
AZD0530	ENSG00000163145	1.0046644154652353	1.0046644154652353	1.0046644154652353
AZD0530	ENSG00000177674	1.0044878246234914	1.0044878246234914	1.0044878246234914
AZD0530	ENSG00000113269	1.0044672736427953	1.0044672736427953	1.0044672736427953
AZD0530	ENSG00000132781	1.0043594063651295	1.0043594063651295	1.0043594063651295
AZD0530	ENSG00000162769	1.0043446379595773	1.0043446379595773	1.0043446379595773
AZD0530	ENSG00000196689	1.004046508682023	1.004046508682023	1.004046508682023
AZD0530	ENSG00000157212	1.0039911562379136	1.0039911562379136	1.0039911562379136
AZD0530	ENSG00000105953	1.003985341971557	1.003985341971557	1.003985341971557
AZD0530	ENSG00000187609	1.0038871490488641	1.0038871490488641	1.0038871490488641
AZD0530	ENSG00000162076	1.003707251239307	1.003707251239307	1.003707251239307
AZD0530	ENSG00000105467	1.0035409155255701	1.0035409155255701	1.0035409155255701
AZD0530	ENSG00000167130	1.0032864074884442	1.0032864074884442	1.0032864074884442
AZD0530	ENSG00000101680	1.003223899345706	1.003223899345706	1.003223899345706
AZD0530	ENSG00000144668	1.0031441996119153	1.0031441996119153	1.0031441996119153
AZD0530	ENSG00000147082	1.0028317228578167	1.0028317228578167	1.0028317228578167
AZD0530	ENSG00000033122	1.0027846071378035	1.0027846071378035	1.0027846071378035
AZD0530	ENSG00000143740	1.0027114759575655	1.0027114759575655	1.0027114759575655
AZD0530	ENSG00000115935	1.0026267604658723	1.0026267604658723	1.0026267604658723
AZD0530	ENSG00000138100	1.0026126272615066	1.0026126272615066	1.0026126272615066
AZD0530	ENSG00000170743	1.002560715637156	1.002560715637156	1.002560715637156
AZD0530	ENSG00000164743	1.0024976580147686	1.0024976580147686	1.0024976580147686
AZD0530	ENSG00000169981	1.0023007811189	1.0023007811189	1.0023007811189
AZD0530	ENSG00000107165	1.0022779872102063	1.0022779872102063	1.0022779872102063
AZD0530	ENSG00000187123	1.002219490381539	1.002219490381539	1.002219490381539
AZD0530	CXorf64	1.0020938353664952	1.0020938353664952	1.0020938353664952
AZD0530	ENSG00000124091	1.0019313915076087	1.0019313915076087	1.0019313915076087
AZD0530	ENSG00000183496	1.001911995858953	1.001911995858953	1.001911995858953
AZD0530	ENSG00000157181	1.0018185454927861	1.0018185454927861	1.0018185454927861
AZD0530	ENSG00000104998	1.0016667314827872	1.0016667314827872	1.0016667314827872
AZD0530	ENSG00000161896	1.0015992850888773	1.0015992850888773	1.0015992850888773
AZD0530	ENSG00000115297	1.0015759940700886	1.0015759940700886	1.0015759940700886
AZD0530	ENSG00000133048	1.0015290348137986	1.0015290348137986	1.0015290348137986
AZD0530	ENSG00000198791	1.0014575241521153	1.0014575241521153	1.0014575241521153
AZD0530	ENSG00000169925	1.001312307357478	1.001312307357478	1.001312307357478
AZD0530	ENSG00000180353	1.0013075119296444	1.0013075119296444	1.0013075119296444
AZD0530	ENSG00000175170	1.0012602806380348	1.0012602806380348	1.0012602806380348
AZD0530	ENSG00000145491	1.001139976086412	1.001139976086412	1.001139976086412
AZD0530	ENSG00000161996	1.001018286041297	1.001018286041297	1.001018286041297
AZD0530	ENSG00000167083	1.0009666969709545	1.0009666969709545	1.0009666969709545
AZD0530	ENSG00000099834	1.0009414921576039	1.0009414921576039	1.0009414921576039
AZD0530	ENSG00000069998	1.0007952502408253	1.0007952502408253	1.0007952502408253
AZD0530	ENSG00000163793	1.00077710934313	1.00077710934313	1.00077710934313
AZD0530	ENSG00000125107	1.0004872857453595	1.0004872857453595	1.0004872857453595
AZD0530	ENSG00000214160	1.000431486114382	1.000431486114382	1.000431486114382
AZD0530	ENSG00000167553	1.0004088648324339	1.0004088648324339	1.0004088648324339
AZD0530	ENSG00000138185	1.000192907121686	1.000192907121686	1.000192907121686
AZD0530	ENSG00000159423	1.0001035662410922	1.0001035662410922	1.0001035662410922
AZD0530	ENSG00000131013	0.9999840680741634	0.9999840680741634	0.9999840680741634
AZD0530	LOC375196	0.9999498628860064	0.9999498628860064	0.9999498628860064
AZD0530	ENSG00000121989	0.9998664862073792	0.9998664862073792	0.9998664862073792
AZD0530	ENSG00000003402	0.9998197950710963	0.9998197950710963	0.9998197950710963
AZD0530	ENSG00000151079	0.9996682599194331	0.9996682599194331	0.9996682599194331
AZD0530	ENSG00000188807	0.9995985467118264	0.9995985467118264	0.9995985467118264
AZD0530	ENSG00000179632	0.9995405351396375	0.9995405351396375	0.9995405351396375
AZD0530	KIAA1704	0.9993935596573836	0.9993935596573836	0.9993935596573836
AZD0530	ENSG00000154611	0.9993616883774488	0.9993616883774488	0.9993616883774488
AZD0530	ENSG00000244968	0.9993519694980033	0.9993519694980033	0.9993519694980033
AZD0530	ENSG00000091136	0.999248571523286	0.999248571523286	0.999248571523286
AZD0530	ENSG00000062716	0.9988513795750054	0.9988513795750054	0.9988513795750054
AZD0530	ENSG00000197540	0.9987084122741441	0.9987084122741441	0.9987084122741441
AZD0530	ENSG00000177511	0.9985798789829743	0.9985798789829743	0.9985798789829743
AZD0530	ENSG00000106258	0.9984978225194568	0.9984978225194568	0.9984978225194568
AZD0530	ENSG00000104313	0.9983957318026567	0.9983957318026567	0.9983957318026567
AZD0530	ENSG00000156026	0.9982944619817296	0.9982944619817296	0.9982944619817296
AZD0530	LRG_642	0.9982719809591531	0.9982719809591531	0.9982719809591531
AZD0530	ENSG00000184845	0.9980119710414255	0.9980119710414255	0.9980119710414255
AZD0530	ENSG00000138081	0.9978901121822457	0.9978901121822457	0.9978901121822457
AZD0530	ENSG00000125726	0.9978142877642595	0.9978142877642595	0.9978142877642595
AZD0530	ENSG00000165609	0.9977005145541221	0.9977005145541221	0.9977005145541221
AZD0530	ENSG00000170465	0.9976495623418826	0.9976495623418826	0.9976495623418826
AZD0530	ENSG00000135452	0.9976068504154207	0.9976068504154207	0.9976068504154207
AZD0530	ENSG00000134490	0.9975786354571468	0.9975786354571468	0.9975786354571468
AZD0530	ENSG00000155975	0.9974605497607795	0.9974605497607795	0.9974605497607795
AZD0530	ENSG00000131094	0.9972805426945784	0.9972805426945784	0.9972805426945784
AZD0530	LOC100507596	0.9972214470129369	0.9972214470129369	0.9972214470129369
AZD0530	ENSG00000166716	0.9971103287808473	0.9971103287808473	0.9971103287808473
AZD0530	ENSG00000166402	0.997051030247302	0.997051030247302	0.997051030247302
AZD0530	ENSG00000105856	0.9968599408652783	0.9968599408652783	0.9968599408652783
AZD0530	ENSG00000175352	0.9968585660033591	0.9968585660033591	0.9968585660033591
AZD0530	ENSG00000087206	0.9967655809419236	0.9967655809419236	0.9967655809419236
AZD0530	ENSG00000148734	0.9967020145984342	0.9967020145984342	0.9967020145984342
AZD0530	ENSG00000160593	0.9966152459089398	0.9966152459089398	0.9966152459089398
AZD0530	ENSG00000134827	0.9965709829702967	0.9965709829702967	0.9965709829702967
AZD0530	ENSG00000172137	0.996477109465059	0.996477109465059	0.996477109465059
AZD0530	ENSG00000162066	0.996460667061097	0.996460667061097	0.996460667061097
AZD0530	ENSG00000034971	0.9964349516178439	0.9964349516178439	0.9964349516178439
AZD0530	ENSG00000167194	0.9964169003289938	0.9964169003289938	0.9964169003289938
AZD0530	ENSG00000122126	0.9964164432204942	0.9964164432204942	0.9964164432204942
AZD0530	ENSG00000233382	0.9963941852969455	0.9963941852969455	0.9963941852969455
AZD0530	ENSG00000090054	0.9960616466943499	0.9960616466943499	0.9960616466943499
AZD0530	ENSG00000169245	0.9960316151125326	0.9960316151125326	0.9960316151125326
AZD0530	ENSG00000177733	0.9958335388044817	0.9958335388044817	0.9958335388044817
AZD0530	ENSG00000165698	0.9958040083863464	0.9958040083863464	0.9958040083863464
AZD0530	ENSG00000126903	0.9956185600007634	0.9956185600007634	0.9956185600007634
AZD0530	ENSG00000170382	0.9955966000673877	0.9955966000673877	0.9955966000673877
AZD0530	ENSG00000171476	0.9955191014145887	0.9955191014145887	0.9955191014145887
AZD0530	ENSG00000144642	0.9954175175396972	0.9954175175396972	0.9954175175396972
AZD0530	ENSG00000149634	0.9953805886489197	0.9953805886489197	0.9953805886489197
AZD0530	ENSG00000184924	0.9953097693892344	0.9953097693892344	0.9953097693892344
AZD0530	ENSG00000164976	0.9952832040254269	0.9952832040254269	0.9952832040254269
AZD0530	ENSG00000101190	0.9952792039521177	0.9952792039521177	0.9952792039521177
AZD0530	ENSG00000124523	0.995183217847695	0.995183217847695	0.995183217847695
AZD0530	ENSG00000169359	0.9950420638065057	0.9950420638065057	0.9950420638065057
AZD0530	ENSG00000083168	0.9947910184113163	0.9947910184113163	0.9947910184113163
AZD0530	ENSG00000196557	0.9946184767288511	0.9946184767288511	0.9946184767288511
AZD0530	ENSG00000103740	0.9945826066152812	0.9945826066152812	0.9945826066152812
AZD0530	ENSG00000224234	0.9945601144178984	0.9945601144178984	0.9945601144178984
AZD0530	ENSG00000096654	0.9945598325311193	0.9945598325311193	0.9945598325311193
AZD0530	ENSG00000172940	0.9945328804706001	0.9945328804706001	0.9945328804706001
AZD0530	ENSG00000121542	0.9945111777447821	0.9945111777447821	0.9945111777447821
AZD0530	ENSG00000171936	0.9944015778770988	0.9944015778770988	0.9944015778770988
AZD0530	ENSG00000151233	0.9942273569280257	0.9942273569280257	0.9942273569280257
AZD0530	ENSG00000186660	0.9941644176752866	0.9941644176752866	0.9941644176752866
AZD0530	ENSG00000105793	0.9941457562839955	0.9941457562839955	0.9941457562839955
AZD0530	ENSG00000131508	0.9941445784483562	0.9941445784483562	0.9941445784483562
AZD0530	ENSG00000110315	0.9940657235162564	0.9940657235162564	0.9940657235162564
AZD0530	ENSG00000261984	0.9940454878173993	0.9940454878173993	0.9940454878173993
AZD0530	ENSG00000151962	0.9939873139517816	0.9939873139517816	0.9939873139517816
AZD0530	ENSG00000116685	0.9938900714462545	0.9938900714462545	0.9938900714462545
AZD0530	ENSG00000100796	0.9938561532797906	0.9938561532797906	0.9938561532797906
AZD0530	ENSG00000113209	0.9936973589159549	0.9936973589159549	0.9936973589159549
AZD0530	LOC100506816	0.9934579368170053	0.9934579368170053	0.9934579368170053
AZD0530	ENSG00000118096	0.9934062952168089	0.9934062952168089	0.9934062952168089
AZD0530	ENSG00000163833	0.9931453530673514	0.9931453530673514	0.9931453530673514
AZD0530	ENSG00000206562	0.9930834486812211	0.9930834486812211	0.9930834486812211
AZD0530	ENSG00000262145	0.9930810984436848	0.9930810984436848	0.9930810984436848
AZD0530	ENSG00000075151	0.9922396160131326	0.9922396160131326	0.9922396160131326
AZD0530	ENSG00000127928	0.9922282489239257	0.9922282489239257	0.9922282489239257
AZD0530	ENSG00000165795	0.9920284986297201	0.9920284986297201	0.9920284986297201
AZD0530	ENSG00000142303	0.9919720779609561	0.9919720779609561	0.9919720779609561
AZD0530	ENSG00000171223	0.9917818694096828	0.9917818694096828	0.9917818694096828
AZD0530	ENSG00000171903	0.9913970458202177	0.9913970458202177	0.9913970458202177
AZD0530	ENSG00000138735	0.9913261668032018	0.9913261668032018	0.9913261668032018
AZD0530	ENSG00000159239	0.9912067283289716	0.9912067283289716	0.9912067283289716
AZD0530	ENSG00000127515	0.9911112677425911	0.9911112677425911	0.9911112677425911
AZD0530	ENSG00000113716	0.9907532257704799	0.9907532257704799	0.9907532257704799
AZD0530	LOC100507193	0.9906921998394806	0.9906921998394806	0.9906921998394806
AZD0530	LOC100287616	0.9906678632083836	0.9906678632083836	0.9906678632083836
AZD0530	ENSG00000139144	0.9904653990481921	0.9904653990481921	0.9904653990481921
AZD0530	ENSG00000187288	0.9902053232106531	0.9902053232106531	0.9902053232106531
AZD0530	ENSG00000122547	0.989999080132213	0.989999080132213	0.989999080132213
AZD0530	ENSG00000131771	0.9899522054739386	0.9899522054739386	0.9899522054739386
AZD0530	ENSG00000165409	0.9895866744685926	0.9895866744685926	0.9895866744685926
AZD0530	ENSG00000070159	0.9895370777611574	0.9895370777611574	0.9895370777611574
AZD0530	ENSG00000147174	0.9894469150624895	0.9894469150624895	0.9894469150624895
AZD0530	ENSG00000153060	0.9892888847514522	0.9892888847514522	0.9892888847514522
AZD0530	ENSG00000099326	0.9892250411066212	0.9892250411066212	0.9892250411066212
AZD0530	ENSG00000086065	0.98917266823817	0.98917266823817	0.98917266823817
AZD0530	ENSG00000167588	0.9890674935321366	0.9890674935321366	0.9890674935321366
AZD0530	ENSG00000136531	0.989032252914179	0.989032252914179	0.989032252914179
AZD0530	LOC284385	0.9887141308683939	0.9887141308683939	0.9887141308683939
AZD0530	ENSG00000114933	0.9886888979126823	0.9886888979126823	0.9886888979126823
AZD0530	ENSG00000186471	0.9886856480059066	0.9886856480059066	0.9886856480059066
AZD0530	ENSG00000167656	0.9886223909146001	0.9886223909146001	0.9886223909146001
AZD0530	ENSG00000203952	0.9882563697532821	0.9882563697532821	0.9882563697532821
AZD0530	ENSG00000111912	0.9881736716136699	0.9881736716136699	0.9881736716136699
AZD0530	ENSG00000130348	0.9880194466023412	0.9880194466023412	0.9880194466023412
AZD0530	ENSG00000139734	0.98800673708205	0.98800673708205	0.98800673708205
AZD0530	ENSG00000128645	0.9878911679788485	0.9878911679788485	0.9878911679788485
AZD0530	ENSG00000145428	0.9877521100166756	0.9877521100166756	0.9877521100166756
AZD0530	LRG_359	0.9877237708227642	0.9877237708227642	0.9877237708227642
AZD0530	ENSG00000171773	0.9875705610131849	0.9875705610131849	0.9875705610131849
AZD0530	LRG_607	0.9875682666716346	0.9875682666716346	0.9875682666716346
AZD0530	LOC100506659	0.9875415438610544	0.9875415438610544	0.9875415438610544
AZD0530	LOC388882	0.9875317133353586	0.9875317133353586	0.9875317133353586
AZD0530	ENSG00000160883	0.9874906392445398	0.9874906392445398	0.9874906392445398
AZD0530	ENSG00000072849	0.9874703501746128	0.9874703501746128	0.9874703501746128
AZD0530	ENSG00000185739	0.9874355362795483	0.9874355362795483	0.9874355362795483
AZD0530	ENSG00000132622	0.9874343945405646	0.9874343945405646	0.9874343945405646
AZD0530	ENSG00000198911	0.9872841244470326	0.9872841244470326	0.9872841244470326
AZD0530	ENSG00000132581	0.9872327533669727	0.9872327533669727	0.9872327533669727
AZD0530	LINC00312	0.9869642062529991	0.9869642062529991	0.9869642062529991
AZD0530	ENSG00000125835	0.9869579391501255	0.9869579391501255	0.9869579391501255
AZD0530	MLL3	0.9869392081714394	0.9869392081714394	0.9869392081714394
AZD0530	ENSG00000188004	0.9867668185436939	0.9867668185436939	0.9867668185436939
AZD0530	ENSG00000068438	0.9864754047261415	0.9864754047261415	0.9864754047261415
AZD0530	ENSG00000106261	0.9864373829715302	0.9864373829715302	0.9864373829715302
AZD0530	ENSG00000162521	0.9864272976577566	0.9864272976577566	0.9864272976577566
AZD0530	ENSG00000188313	0.9864251336886102	0.9864251336886102	0.9864251336886102
AZD0530	ENSG00000185332	0.986377307030053	0.986377307030053	0.986377307030053
AZD0530	ENSG00000181852	0.9863690071184341	0.9863690071184341	0.9863690071184341
AZD0530	ENSG00000125378	0.9863253745487472	0.9863253745487472	0.9863253745487472
AZD0530	ENSG00000236296	0.9862583598330825	0.9862583598330825	0.9862583598330825
AZD0530	ENSG00000172869	0.9855651770330508	0.9855651770330508	0.9855651770330508
AZD0530	ENSG00000082684	0.9852923773104207	0.9852923773104207	0.9852923773104207
AZD0530	ENSG00000166341	0.9850116251309242	0.9850116251309242	0.9850116251309242
AZD0530	ENSG00000141298	0.9849239403357344	0.9849239403357344	0.9849239403357344
AZD0530	ENSG00000105991	0.9848494877575518	0.9848494877575518	0.9848494877575518
AZD0530	ENSG00000100243	0.9847940386258293	0.9847940386258293	0.9847940386258293
AZD0530	ENSG00000184895	0.9844898872480178	0.9844898872480178	0.9844898872480178
AZD0530	ENSG00000136811	0.9844294369807586	0.9844294369807586	0.9844294369807586
AZD0530	ENSG00000198218	0.9844271915294096	0.9844271915294096	0.9844271915294096
AZD0530	ENSG00000138821	0.9840752678094506	0.9840752678094506	0.9840752678094506
AZD0530	LOC100506731	0.9838953432898455	0.9838953432898455	0.9838953432898455
AZD0530	ENSG00000162676	0.9838878172877729	0.9838878172877729	0.9838878172877729
AZD0530	ENSG00000203896	0.9837801916549117	0.9837801916549117	0.9837801916549117
AZD0530	ENSG00000169676	0.9835172787450845	0.9835172787450845	0.9835172787450845
AZD0530	LOC100505876	0.983515707130736	0.983515707130736	0.983515707130736
AZD0530	ENSG00000103932	0.98341588120335	0.98341588120335	0.98341588120335
AZD0530	ENSG00000151150	0.9832194724626085	0.9832194724626085	0.9832194724626085
AZD0530	ENSG00000109501	0.9830819878966711	0.9830819878966711	0.9830819878966711
AZD0530	ENSG00000169682	0.9830742354988378	0.9830742354988378	0.9830742354988378
AZD0530	ENSG00000213015	0.9829977733556767	0.9829977733556767	0.9829977733556767
AZD0530	ENSG00000117410	0.9829362294209507	0.9829362294209507	0.9829362294209507
AZD0530	ENSG00000101473	0.9828996103371038	0.9828996103371038	0.9828996103371038
AZD0530	ENSG00000119508	0.9828163067109331	0.9828163067109331	0.9828163067109331
AZD0530	ENSG00000166454	0.9825607003074729	0.9825607003074729	0.9825607003074729
AZD0530	ENSG00000144867	0.9824921866231202	0.9824921866231202	0.9824921866231202
AZD0530	ENSG00000006555	0.9823686934171126	0.9823686934171126	0.9823686934171126
AZD0530	ENSG00000237413	0.9823537093315424	0.9823537093315424	0.9823537093315424
AZD0530	ENSG00000168610	0.9822668257720357	0.9822668257720357	0.9822668257720357
AZD0530	ENSG00000116704	0.9821624762588125	0.9821624762588125	0.9821624762588125
AZD0530	ENSG00000167862	0.9821353835515912	0.9821353835515912	0.9821353835515912
AZD0530	LOC100507516	0.9821239169779975	0.9821239169779975	0.9821239169779975
AZD0530	ENSG00000100934	0.982071115327856	0.982071115327856	0.982071115327856
AZD0530	ENSG00000159256	0.9819711703423866	0.9819711703423866	0.9819711703423866
AZD0530	ENSG00000205085	0.9819256728582013	0.9819256728582013	0.9819256728582013
AZD0530	ENSG00000175745	0.9818659150129055	0.9818659150129055	0.9818659150129055
AZD0530	ENSG00000122224	0.9818628432771431	0.9818628432771431	0.9818628432771431
AZD0530	ENSG00000126581	0.9818587063098241	0.9818587063098241	0.9818587063098241
AZD0530	ENSG00000166189	0.9817532866825877	0.9817532866825877	0.9817532866825877
AZD0530	ENSG00000159251	0.9817200094461302	0.9817200094461302	0.9817200094461302
AZD0530	ENSG00000177853	0.9816829736329651	0.9816829736329651	0.9816829736329651
AZD0530	LRG_180	0.9816708573363445	0.9816708573363445	0.9816708573363445
AZD0530	LOC100507250	0.9816581326105298	0.9816581326105298	0.9816581326105298
AZD0530	ENSG00000173530	0.9815644986291288	0.9815644986291288	0.9815644986291288
AZD0530	ENSG00000159167	0.9814273052187015	0.9814273052187015	0.9814273052187015
AZD0530	ENSG00000183186	0.9813044738741469	0.9813044738741469	0.9813044738741469
AZD0530	LOC100505792	0.9811483945388271	0.9811483945388271	0.9811483945388271
AZD0530	ENSG00000110080	0.9810391157287712	0.9810391157287712	0.9810391157287712
AZD0530	ENSG00000104879	0.980999829149944	0.980999829149944	0.980999829149944
AZD0530	ENSG00000114646	0.9809921127088845	0.9809921127088845	0.9809921127088845
AZD0530	ENSG00000170482	0.980847115764872	0.980847115764872	0.980847115764872
AZD0530	ENSG00000085831	0.98066607552501	0.98066607552501	0.98066607552501
AZD0530	LRG_113	0.9803682882144182	0.9803682882144182	0.9803682882144182
AZD0530	ENSG00000138079	0.9802828794171317	0.9802828794171317	0.9802828794171317
AZD0530	ENSG00000257122	0.9801678147389897	0.9801678147389897	0.9801678147389897
AZD0530	ENSG00000175602	0.9800569285780499	0.9800569285780499	0.9800569285780499
AZD0530	ENSG00000125514	0.9798671288814761	0.9798671288814761	0.9798671288814761
AZD0530	ENSG00000153820	0.9797716607448361	0.9797716607448361	0.9797716607448361
AZD0530	ENSG00000206280	0.979748724546218	0.979748724546218	0.979748724546218
AZD0530	LOC344595	0.9797343535629327	0.9797343535629327	0.9797343535629327
AZD0530	ENSG00000134760	0.9794205793962188	0.9794205793962188	0.9794205793962188
AZD0530	ENSG00000165092	0.9788454488525267	0.9788454488525267	0.9788454488525267
AZD0530	ENSG00000161904	0.9788248539129097	0.9788248539129097	0.9788248539129097
AZD0530	ENSG00000164307	0.9788145312190373	0.9788145312190373	0.9788145312190373
AZD0530	ENSG00000167220	0.9785824468088999	0.9785824468088999	0.9785824468088999
AZD0530	ENSG00000065308	0.9784754474556399	0.9784754474556399	0.9784754474556399
AZD0530	ENSG00000227761	0.9782924726841965	0.9782924726841965	0.9782924726841965
AZD0530	ENSG00000066322	0.9781546519014876	0.9781546519014876	0.9781546519014876
AZD0530	ENSG00000150961	0.9779276325101671	0.9779276325101671	0.9779276325101671
AZD0530	ENSG00000185561	0.9776868728788707	0.9776868728788707	0.9776868728788707
AZD0530	ENSG00000092931	0.9776857722570327	0.9776857722570327	0.9776857722570327
AZD0530	ENSG00000178977	0.977572651262596	0.977572651262596	0.977572651262596
AZD0530	ENSG00000089250	0.9775540255083213	0.9775540255083213	0.9775540255083213
AZD0530	WDR96	0.9772131403189684	0.9772131403189684	0.9772131403189684
AZD0530	ENSG00000054392	0.9771518608043285	0.9771518608043285	0.9771518608043285
AZD0530	ENSG00000001617	0.9770894389201464	0.9770894389201464	0.9770894389201464
AZD0530	LRG_389	0.9769838657752625	0.9769838657752625	0.9769838657752625
AZD0530	ENSG00000185532	0.9769721432923046	0.9769721432923046	0.9769721432923046
AZD0530	ENSG00000155363	0.9766546408979084	0.9766546408979084	0.9766546408979084
AZD0530	ENSG00000108953	0.9765017146449273	0.9765017146449273	0.9765017146449273
AZD0530	LOC619207	0.9762681033009961	0.9762681033009961	0.9762681033009961
AZD0530	ENSG00000172733	0.9762575330059586	0.9762575330059586	0.9762575330059586
AZD0530	ENSG00000170950	0.9760679794159407	0.9760679794159407	0.9760679794159407
AZD0530	ENSG00000100473	0.9759131065293745	0.9759131065293745	0.9759131065293745
AZD0530	ENSG00000159899	0.9758271334886718	0.9758271334886718	0.9758271334886718
AZD0530	ENSG00000150316	0.975692711201523	0.975692711201523	0.975692711201523
AZD0530	ENSG00000090104	0.9756293096177606	0.9756293096177606	0.9756293096177606
AZD0530	ENSG00000146378	0.9754797222134696	0.9754797222134696	0.9754797222134696
AZD0530	ENSG00000105176	0.9754403799739462	0.9754403799739462	0.9754403799739462
AZD0530	ENSG00000227199	0.9752863537943941	0.9752863537943941	0.9752863537943941
AZD0530	ENSG00000183684	0.9749515111364582	0.9749515111364582	0.9749515111364582
AZD0530	ENSG00000184402	0.9748921769173298	0.9748921769173298	0.9748921769173298
AZD0530	ENSG00000126012	0.9745256835879396	0.9745256835879396	0.9745256835879396
AZD0530	ENSG00000109046	0.9743183231099702	0.9743183231099702	0.9743183231099702
AZD0530	LOC401317	0.974205507531574	0.974205507531574	0.974205507531574
AZD0530	ENSG00000171169	0.9741491696742326	0.9741491696742326	0.9741491696742326
AZD0530	ENSG00000143194	0.9739926777620703	0.9739926777620703	0.9739926777620703
AZD0530	ENSG00000205106	0.973762732732821	0.973762732732821	0.973762732732821
AZD0530	ENSG00000110245	0.9735239109833026	0.9735239109833026	0.9735239109833026
AZD0530	ENSG00000126215	0.9734827427319366	0.9734827427319366	0.9734827427319366
AZD0530	ENSG00000147459	0.9734425867148099	0.9734425867148099	0.9734425867148099
AZD0530	ENSG00000168702	0.9733159582385834	0.9733159582385834	0.9733159582385834
AZD0530	ENSG00000183580	0.9732645262535083	0.9732645262535083	0.9732645262535083
AZD0530	ENSG00000150054	0.9731316686505513	0.9731316686505513	0.9731316686505513
AZD0530	ENSG00000151914	0.9729772419707398	0.9729772419707398	0.9729772419707398
AZD0530	ENSG00000177150	0.9728189958987623	0.9728189958987623	0.9728189958987623
AZD0530	ENSG00000071189	0.9727642119420423	0.9727642119420423	0.9727642119420423
AZD0530	ENSG00000111666	0.9726789957366596	0.9726789957366596	0.9726789957366596
AZD0530	ENSG00000144560	0.9726572717285472	0.9726572717285472	0.9726572717285472
AZD0530	ENSG00000161533	0.9724870243434429	0.9724870243434429	0.9724870243434429
AZD0530	ENSG00000169155	0.9721453187378322	0.9721453187378322	0.9721453187378322
AZD0530	ENSG00000120802	0.971917832284306	0.971917832284306	0.971917832284306
AZD0530	ENSG00000244752	0.971856619675688	0.971856619675688	0.971856619675688
AZD0530	ENSG00000162702	0.9717921666852258	0.9717921666852258	0.9717921666852258
AZD0530	ENSG00000232416	0.9717009069580694	0.9717009069580694	0.9717009069580694
AZD0530	LOC100130219	0.971689361917034	0.971689361917034	0.971689361917034
AZD0530	ENSG00000140254	0.9716638492834113	0.9716638492834113	0.9716638492834113
AZD0530	ENSG00000133895	0.971640319167555	0.971640319167555	0.971640319167555
AZD0530	LOC387895	0.971575320617518	0.971575320617518	0.971575320617518
AZD0530	LOC100507425	0.9714804449639656	0.9714804449639656	0.9714804449639656
AZD0530	ENSG00000197503	0.9714150550745795	0.9714150550745795	0.9714150550745795
AZD0530	ENSG00000234787	0.971274374943527	0.971274374943527	0.971274374943527
AZD0530	ENSG00000088812	0.9712681525863325	0.9712681525863325	0.9712681525863325
AZD0530	ENSG00000075073	0.9712300596460823	0.9712300596460823	0.9712300596460823
AZD0530	ENSG00000167118	0.9711987608087923	0.9711987608087923	0.9711987608087923
AZD0530	ENSG00000160326	0.9710426472378173	0.9710426472378173	0.9710426472378173
AZD0530	ENSG00000169876	0.9709795404882717	0.9709795404882717	0.9709795404882717
AZD0530	ENSG00000198270	0.9709780189853086	0.9709780189853086	0.9709780189853086
AZD0530	ENSG00000151466	0.9707793468166791	0.9707793468166791	0.9707793468166791
AZD0530	ENSG00000176542	0.9707606273998812	0.9707606273998812	0.9707606273998812
AZD0530	ENSG00000279261	0.9707434405922821	0.9707434405922821	0.9707434405922821
AZD0530	ENSG00000130227	0.9706738551309811	0.9706738551309811	0.9706738551309811
AZD0530	ENSG00000187122	0.9705742182326976	0.9705742182326976	0.9705742182326976
AZD0530	ENSG00000163257	0.970529052191873	0.970529052191873	0.970529052191873
AZD0530	ENSG00000180871	0.9703991538297047	0.9703991538297047	0.9703991538297047
AZD0530	ENSG00000127540	0.9703549037444454	0.9703549037444454	0.9703549037444454
AZD0530	ENSG00000163431	0.970198340275552	0.970198340275552	0.970198340275552
AZD0530	ENSG00000125817	0.9701419638345384	0.9701419638345384	0.9701419638345384
AZD0530	ENSG00000102359	0.9700432995327699	0.9700432995327699	0.9700432995327699
AZD0530	ENSG00000143252	0.9700183661778587	0.9700183661778587	0.9700183661778587
AZD0530	ENSG00000255394	0.9698976784409421	0.9698976784409421	0.9698976784409421
AZD0530	ENSG00000072062	0.9697277289703319	0.9697277289703319	0.9697277289703319
AZD0530	ENSG00000158445	0.9696854254599152	0.9696854254599152	0.9696854254599152
AZD0530	ENSG00000178982	0.9696206596127869	0.9696206596127869	0.9696206596127869
AZD0530	ENSG00000167910	0.9696004454287416	0.9696004454287416	0.9696004454287416
AZD0530	ENSG00000167384	0.9695256044965934	0.9695256044965934	0.9695256044965934
AZD0530	ENSG00000196465	0.9695066401957843	0.9695066401957843	0.9695066401957843
AZD0530	ENSG00000109270	0.9694700131539696	0.9694700131539696	0.9694700131539696
AZD0530	C16orf7	0.9694427343884024	0.9694427343884024	0.9694427343884024
AZD0530	ENSG00000140009	0.9694135812446982	0.9694135812446982	0.9694135812446982
AZD0530	ENSG00000197852	0.9691371525669892	0.9691371525669892	0.9691371525669892
AZD0530	LOC100507642	0.9690610802246633	0.9690610802246633	0.9690610802246633
AZD0530	LOC100652952	0.9690525448267165	0.9690525448267165	0.9690525448267165
AZD0530	ENSG00000108256	0.969013886405891	0.969013886405891	0.969013886405891
AZD0530	ENSG00000147592	0.9688265205679257	0.9688265205679257	0.9688265205679257
AZD0530	NUDT9P1	0.9687916383186801	0.9687916383186801	0.9687916383186801
AZD0530	ENSG00000005471	0.9686808000855539	0.9686808000855539	0.9686808000855539
AZD0530	ENSG00000161217	0.968567615437272	0.968567615437272	0.968567615437272
AZD0530	KIAA1430	0.9683234379785353	0.9683234379785353	0.9683234379785353
AZD0530	ENSG00000072135	0.9681906803866835	0.9681906803866835	0.9681906803866835
AZD0530	ENSG00000172638	0.9681344807539128	0.9681344807539128	0.9681344807539128
AZD0530	ENSG00000184307	0.9679905701010675	0.9679905701010675	0.9679905701010675
AZD0530	ENSG00000103227	0.9679130575519486	0.9679130575519486	0.9679130575519486
AZD0530	ENSG00000163519	0.9678374044688108	0.9678374044688108	0.9678374044688108
AZD0530	ENSG00000185127	0.967639893514999	0.967639893514999	0.967639893514999
AZD0530	ENSG00000117000	0.9676155624451187	0.9676155624451187	0.9676155624451187
AZD0530	ENSG00000140557	0.9676008653876148	0.9676008653876148	0.9676008653876148
AZD0530	ENSG00000103671	0.9675215271890508	0.9675215271890508	0.9675215271890508
AZD0530	ENSG00000150433	0.9674798202850888	0.9674798202850888	0.9674798202850888
AZD0530	ENSG00000165061	0.9674079737910202	0.9674079737910202	0.9674079737910202
AZD0530	ENSG00000172020	0.9673120946853049	0.9673120946853049	0.9673120946853049
AZD0530	KIAA1797	0.9672439071249594	0.9672439071249594	0.9672439071249594
AZD0530	LOC100506259	0.9671942027394396	0.9671942027394396	0.9671942027394396
AZD0530	ENSG00000107731	0.9671315033397437	0.9671315033397437	0.9671315033397437
AZD0530	ENSG00000148926	0.9669045585809553	0.9669045585809553	0.9669045585809553
AZD0530	ENSG00000140992	0.9668761693571611	0.9668761693571611	0.9668761693571611
AZD0530	LOC100287177	0.9668559592382174	0.9668559592382174	0.9668559592382174
AZD0530	ENSG00000127377	0.9666294231394761	0.9666294231394761	0.9666294231394761
AZD0530	C20orf4	0.9666159333083302	0.9666159333083302	0.9666159333083302
AZD0530	ENSG00000118137	0.9665008206405588	0.9665008206405588	0.9665008206405588
AZD0530	ENSG00000147655	0.9664843695407163	0.9664843695407163	0.9664843695407163
AZD0530	ENSG00000234705	0.9662804023389924	0.9662804023389924	0.9662804023389924
AZD0530	ENSG00000137812	0.9660159789773202	0.9660159789773202	0.9660159789773202
AZD0530	ENSG00000135973	0.9659086608272646	0.9659086608272646	0.9659086608272646
AZD0530	ENSG00000140873	0.9658055529175773	0.9658055529175773	0.9658055529175773
AZD0530	ENSG00000080845	0.9656977952626782	0.9656977952626782	0.9656977952626782
AZD0530	ENSG00000157150	0.9655653735737166	0.9655653735737166	0.9655653735737166
AZD0530	ENSG00000213341	0.9654994459515334	0.9654994459515334	0.9654994459515334
AZD0530	ENSG00000112208	0.965483958382629	0.965483958382629	0.965483958382629
AZD0530	ENSG00000197977	0.9654222310467294	0.9654222310467294	0.9654222310467294
AZD0530	ENSG00000053438	0.9653195426857706	0.9653195426857706	0.9653195426857706
AZD0530	ENSG00000160953	0.9651925307173508	0.9651925307173508	0.9651925307173508
AZD0530	ENSG00000165678	0.9649673644660722	0.9649673644660722	0.9649673644660722
AZD0530	ENSG00000183207	0.964904991200163	0.964904991200163	0.964904991200163
AZD0530	ENSG00000168887	0.9648382235802799	0.9648382235802799	0.9648382235802799
AZD0530	ENSG00000089195	0.9647261874731878	0.9647261874731878	0.9647261874731878
AZD0530	ENSG00000167797	0.9646361050783203	0.9646361050783203	0.9646361050783203
AZD0530	ENSG00000213923	0.9646246607279427	0.9646246607279427	0.9646246607279427
AZD0530	ENSG00000161057	0.9642791921305789	0.9642791921305789	0.9642791921305789
AZD0530	ENSG00000183643	0.9640937870539208	0.9640937870539208	0.9640937870539208
AZD0530	LOC100507600	0.9640384117709246	0.9640384117709246	0.9640384117709246
AZD0530	ENSG00000107625	0.9640188832144663	0.9640188832144663	0.9640188832144663
AZD0530	ENSG00000124357	0.9639250850673663	0.9639250850673663	0.9639250850673663
AZD0530	LOC286184	0.9638953359083806	0.9638953359083806	0.9638953359083806
AZD0530	ENSG00000100485	0.9637290493436459	0.9637290493436459	0.9637290493436459
AZD0530	ENSG00000162222	0.9635653760275134	0.9635653760275134	0.9635653760275134
AZD0530	ENSG00000167193	0.963499230893964	0.963499230893964	0.963499230893964
AZD0530	ENSG00000110958	0.962906372873726	0.962906372873726	0.962906372873726
AZD0530	ENSG00000140416	0.962787999691913	0.962787999691913	0.962787999691913
AZD0530	ENSG00000131096	0.9625155514946838	0.9625155514946838	0.9625155514946838
AZD0530	ENSG00000101892	0.9624106729965779	0.9624106729965779	0.9624106729965779
AZD0530	ENSG00000101883	0.9622900701773094	0.9622900701773094	0.9622900701773094
AZD0530	ENSG00000108506	0.9620378809541305	0.9620378809541305	0.9620378809541305
AZD0530	ENSG00000280635	0.9616396556781502	0.9616396556781502	0.9616396556781502
AZD0530	ENSG00000162383	0.9615629764728373	0.9615629764728373	0.9615629764728373
AZD0530	ENSG00000172403	0.9614996940958811	0.9614996940958811	0.9614996940958811
AZD0530	ENSG00000174177	0.9613328079729714	0.9613328079729714	0.9613328079729714
AZD0530	ENSG00000114503	0.9613087918158932	0.9613087918158932	0.9613087918158932
AZD0530	ENSG00000157933	0.9611531012152968	0.9611531012152968	0.9611531012152968
AZD0530	ENSG00000140057	0.9610030945868171	0.9610030945868171	0.9610030945868171
AZD0530	DSCR6	0.9610014241483433	0.9610014241483433	0.9610014241483433
AZD0530	ENSG00000167785	0.9609390042410363	0.9609390042410363	0.9609390042410363
AZD0530	LOC100505841	0.9608116044175198	0.9608116044175198	0.9608116044175198
AZD0530	ENSG00000274348	0.9607794071206657	0.9607794071206657	0.9607794071206657
AZD0530	ENSG00000185621	0.960738747625932	0.960738747625932	0.960738747625932
AZD0530	HOXA-AS5	0.9604065687466311	0.9604065687466311	0.9604065687466311
AZD0530	ENSG00000168661	0.9603622737018158	0.9603622737018158	0.9603622737018158
AZD0530	ENSG00000128298	0.960307440479762	0.960307440479762	0.960307440479762
AZD0530	LOC257358	0.9601552753467737	0.9601552753467737	0.9601552753467737
AZD0530	ENSG00000125945	0.9600936354753825	0.9600936354753825	0.9600936354753825
AZD0530	ENSG00000102878	0.9600364937180862	0.9600364937180862	0.9600364937180862
AZD0530	ENSG00000079841	0.9599203202559191	0.9599203202559191	0.9599203202559191
AZD0530	ENSG00000147155	0.9597918161332596	0.9597918161332596	0.9597918161332596
AZD0530	ENSG00000213928	0.9597514984207569	0.9597514984207569	0.9597514984207569
AZD0530	ENSG00000189144	0.9595356911968403	0.9595356911968403	0.9595356911968403
AZD0530	ENSG00000124116	0.9594598713079809	0.9594598713079809	0.9594598713079809
AZD0530	ENSG00000183801	0.959410410228176	0.959410410228176	0.959410410228176
AZD0530	ENSG00000276618	0.959368176687443	0.959368176687443	0.959368176687443
AZD0530	ENSG00000139826	0.9593315786145158	0.9593315786145158	0.9593315786145158
AZD0530	ENSG00000118298	0.9591660360361286	0.9591660360361286	0.9591660360361286
AZD0530	ENSG00000177888	0.9591169049072489	0.9591169049072489	0.9591169049072489
AZD0530	ENSG00000174990	0.9590636609145853	0.9590636609145853	0.9590636609145853
AZD0530	ENSG00000129455	0.9589550079253093	0.9589550079253093	0.9589550079253093
AZD0530	ENSG00000197140	0.9589317212155117	0.9589317212155117	0.9589317212155117
AZD0530	ENSG00000182400	0.9588145688055042	0.9588145688055042	0.9588145688055042
AZD0530	ENSG00000197769	0.9586105457723656	0.9586105457723656	0.9586105457723656
AZD0530	ENSG00000080166	0.9586048299507312	0.9586048299507312	0.9586048299507312
AZD0530	ENSG00000242612	0.9585747942016907	0.9585747942016907	0.9585747942016907
AZD0530	ENSG00000067141	0.9584759822858953	0.9584759822858953	0.9584759822858953
AZD0530	ENSG00000181982	0.9582960583621606	0.9582960583621606	0.9582960583621606
AZD0530	ENSG00000244617	0.9582028635571794	0.9582028635571794	0.9582028635571794
AZD0530	ENSG00000148842	0.9581552321208887	0.9581552321208887	0.9581552321208887
AZD0530	ENSG00000125812	0.9578085813917501	0.9578085813917501	0.9578085813917501
AZD0530	ENSG00000126550	0.9576503346872336	0.9576503346872336	0.9576503346872336
AZD0530	ENSG00000142230	0.9573311556095885	0.9573311556095885	0.9573311556095885
AZD0530	ENSG00000161798	0.9572794969603254	0.9572794969603254	0.9572794969603254
AZD0530	ENSG00000143502	0.9571520873934911	0.9571520873934911	0.9571520873934911
AZD0530	ENSG00000100522	0.9570144940764532	0.9570144940764532	0.9570144940764532
AZD0530	LOC100507221	0.9568432090706198	0.9568432090706198	0.9568432090706198
AZD0530	ENSG00000112232	0.9568041559215021	0.9568041559215021	0.9568041559215021
AZD0530	ENSG00000164404	0.9562414842128718	0.9562414842128718	0.9562414842128718
AZD0530	ENSG00000155330	0.9560618126051778	0.9560618126051778	0.9560618126051778
AZD0530	ENSG00000175334	0.9559325368438482	0.9559325368438482	0.9559325368438482
AZD0530	ENSG00000178562	0.9558918962655902	0.9558918962655902	0.9558918962655902
AZD0530	ENSG00000135702	0.9557217195743295	0.9557217195743295	0.9557217195743295
AZD0530	ENSG00000165704	0.9556274698659675	0.9556274698659675	0.9556274698659675
AZD0530	LINC00340	0.9556053946697391	0.9556053946697391	0.9556053946697391
AZD0530	ENSG00000163735	0.9555581975761386	0.9555581975761386	0.9555581975761386
AZD0530	ENSG00000110243	0.9553354039586369	0.9553354039586369	0.9553354039586369
AZD0530	ENSG00000169375	0.9553162740242988	0.9553162740242988	0.9553162740242988
AZD0530	ENSG00000281778	0.9552574529260542	0.9552574529260542	0.9552574529260542
AZD0530	ENSG00000103490	0.9552307882514283	0.9552307882514283	0.9552307882514283
AZD0530	ENSG00000167815	0.955207349799751	0.955207349799751	0.955207349799751
AZD0530	ENSG00000065989	0.9550613575469985	0.9550613575469985	0.9550613575469985
AZD0530	ENSG00000025796	0.955007186137831	0.955007186137831	0.955007186137831
AZD0530	ENSG00000006283	0.9546762514220666	0.9546762514220666	0.9546762514220666
AZD0530	ENSG00000164751	0.9546209515135625	0.9546209515135625	0.9546209515135625
AZD0530	ENSG00000232382	0.954306417452835	0.954306417452835	0.954306417452835
AZD0530	FLJ32154	0.9541870112045157	0.9541870112045157	0.9541870112045157
AZD0530	ENSG00000274768	0.9540529296904177	0.9540529296904177	0.9540529296904177
AZD0530	ENSG00000013561	0.9538613516593561	0.9538613516593561	0.9538613516593561
AZD0530	ENSG00000107485	0.9538458439195348	0.9538458439195348	0.9538458439195348
AZD0530	ENSG00000130182	0.953794597365072	0.953794597365072	0.953794597365072
AZD0530	ENSG00000163781	0.9537775940099584	0.9537775940099584	0.9537775940099584
AZD0530	ENSG00000106100	0.9537588823778772	0.9537588823778772	0.9537588823778772
AZD0530	ENSG00000106003	0.9535629213070259	0.9535629213070259	0.9535629213070259
AZD0530	ENSG00000116984	0.9535236137183982	0.9535236137183982	0.9535236137183982
AZD0530	ENSG00000277365	0.9533766414535767	0.9533766414535767	0.9533766414535767
AZD0530	ENSG00000198707	0.9533170298756186	0.9533170298756186	0.9533170298756186
AZD0530	LOC653160	0.9531786242631255	0.9531786242631255	0.9531786242631255
AZD0530	ENSG00000161981	0.9531011217570874	0.9531011217570874	0.9531011217570874
AZD0530	ENSG00000164830	0.9528810475893327	0.9528810475893327	0.9528810475893327
AZD0530	ENSG00000115085	0.9528475185465802	0.9528475185465802	0.9528475185465802
AZD0530	ENSG00000227500	0.9528256772814512	0.9528256772814512	0.9528256772814512
AZD0530	ENSG00000000003	0.9528085779302573	0.9528085779302573	0.9528085779302573
AZD0530	ENSG00000132669	0.9527805801793873	0.9527805801793873	0.9527805801793873
AZD0530	ENSG00000173976	0.9527020253952438	0.9527020253952438	0.9527020253952438
AZD0530	ENSG00000183023	0.9526486324503024	0.9526486324503024	0.9526486324503024
AZD0530	ENSG00000198799	0.9524227353602823	0.9524227353602823	0.9524227353602823
AZD0530	ENSG00000068024	0.9522106141333051	0.9522106141333051	0.9522106141333051
AZD0530	ENSG00000020426	0.9521545248361832	0.9521545248361832	0.9521545248361832
AZD0530	ENSG00000134748	0.952142981735343	0.952142981735343	0.952142981735343
AZD0530	ENSG00000102245	0.9519921288503702	0.9519921288503702	0.9519921288503702
AZD0530	ENSG00000276025	0.9519709061937914	0.9519709061937914	0.9519709061937914
AZD0530	ENSG00000261221	0.9519316912835886	0.9519316912835886	0.9519316912835886
AZD0530	ENSG00000061492	0.9517524695154521	0.9517524695154521	0.9517524695154521
AZD0530	ENSG00000184502	0.9517046678321821	0.9517046678321821	0.9517046678321821
AZD0530	ENSG00000172382	0.9513296173740758	0.9513296173740758	0.9513296173740758
AZD0530	FLJ90757	0.9512252402109193	0.9512252402109193	0.9512252402109193
AZD0530	ENSG00000137842	0.9511706240700064	0.9511706240700064	0.9511706240700064
AZD0530	ENSG00000223609	0.9511473121573945	0.9511473121573945	0.9511473121573945
AZD0530	ENSG00000110799	0.9511016521794677	0.9511016521794677	0.9511016521794677
AZD0530	ENSG00000130813	0.9509276155755068	0.9509276155755068	0.9509276155755068
AZD0530	ENSG00000143006	0.9508323308329307	0.9508323308329307	0.9508323308329307
AZD0530	ENSG00000106633	0.9506738612967504	0.9506738612967504	0.9506738612967504
AZD0530	ENSG00000101298	0.9506584377732286	0.9506584377732286	0.9506584377732286
AZD0530	ENSG00000138376	0.9506127413655568	0.9506127413655568	0.9506127413655568
AZD0530	HBXIP	0.9505435682119799	0.9505435682119799	0.9505435682119799
AZD0530	ENSG00000180090	0.950509996770923	0.950509996770923	0.950509996770923
AZD0530	C1orf192	0.9503287466946977	0.9503287466946977	0.9503287466946977
AZD0530	ENSG00000243156	0.9502207334049629	0.9502207334049629	0.9502207334049629
AZD0530	LOC401320	0.9499193988920632	0.9499193988920632	0.9499193988920632
AZD0530	ENSG00000146006	0.9498252715145418	0.9498252715145418	0.9498252715145418
AZD0530	ENSG00000180613	0.9496519969155115	0.9496519969155115	0.9496519969155115
AZD0530	ENSG00000165138	0.9495870060125599	0.9495870060125599	0.9495870060125599
AZD0530	ENSG00000277075	0.9495452972242774	0.9495452972242774	0.9495452972242774
AZD0530	ENSG00000165583	0.9493629751780808	0.9493629751780808	0.9493629751780808
AZD0530	ENSG00000171291	0.949309600541802	0.949309600541802	0.949309600541802
AZD0530	ENSG00000185479	0.9490433855965815	0.9490433855965815	0.9490433855965815
AZD0530	ENSG00000262102	0.9488114029415928	0.9488114029415928	0.9488114029415928
AZD0530	ENSG00000140470	0.9488042282343798	0.9488042282343798	0.9488042282343798
AZD0530	ENSG00000163644	0.9482492290213663	0.9482492290213663	0.9482492290213663
AZD0530	ENSG00000160013	0.9480668273233619	0.9480668273233619	0.9480668273233619
AZD0530	LOC100652999	0.9476954167810233	0.9476954167810233	0.9476954167810233
AZD0530	ENSG00000122335	0.9474849005275002	0.9474849005275002	0.9474849005275002
AZD0530	ENSG00000145244	0.9473189863409477	0.9473189863409477	0.9473189863409477
AZD0530	ENSG00000015475	0.9473049700644374	0.9473049700644374	0.9473049700644374
AZD0530	LRG_396	0.9471566861177854	0.9471566861177854	0.9471566861177854
AZD0530	ENSG00000265688	0.9469476486527396	0.9469476486527396	0.9469476486527396
AZD0530	ENSG00000013016	0.9466083157475746	0.9466083157475746	0.9466083157475746
AZD0530	ENSG00000091128	0.9465959526836675	0.9465959526836675	0.9465959526836675
AZD0530	ENSG00000143575	0.9464329491082987	0.9464329491082987	0.9464329491082987
AZD0530	ENSG00000182578	0.9460887898387522	0.9460887898387522	0.9460887898387522
AZD0530	ENSG00000114383	0.9458614170171816	0.9458614170171816	0.9458614170171816
AZD0530	LOC100216545	0.9456962012920358	0.9456962012920358	0.9456962012920358
AZD0530	ENSG00000130508	0.9455949265455081	0.9455949265455081	0.9455949265455081
AZD0530	ENSG00000173548	0.945591343103084	0.945591343103084	0.945591343103084
AZD0530	ENSG00000234101	0.9453688437631121	0.9453688437631121	0.9453688437631121
AZD0530	ENSG00000186105	0.9451266403773918	0.9451266403773918	0.9451266403773918
AZD0530	ENSG00000203995	0.9451122679804238	0.9451122679804238	0.9451122679804238
AZD0530	ENSG00000110675	0.9451018306994619	0.9451018306994619	0.9451018306994619
AZD0530	ENSG00000106537	0.945100956270273	0.945100956270273	0.945100956270273
AZD0530	ENSG00000171130	0.9450782496629696	0.9450782496629696	0.9450782496629696
AZD0530	ENSG00000125870	0.9450035995940539	0.9450035995940539	0.9450035995940539
AZD0530	ENSG00000182326	0.9449823380749091	0.9449823380749091	0.9449823380749091
AZD0530	ENSG00000223532	0.944681672595872	0.944681672595872	0.944681672595872
AZD0530	LOC100506047	0.9446183736641248	0.9446183736641248	0.9446183736641248
AZD0530	ENSG00000167791	0.9445880376536813	0.9445880376536813	0.9445880376536813
AZD0530	ENSG00000102174	0.9445754590403044	0.9445754590403044	0.9445754590403044
AZD0530	ENSG00000147234	0.9445395396847296	0.9445395396847296	0.9445395396847296
AZD0530	ENSG00000167098	0.9443355204281608	0.9443355204281608	0.9443355204281608
AZD0530	LINC00478	0.9443164516218274	0.9443164516218274	0.9443164516218274
AZD0530	ENSG00000223364	0.9442865503982965	0.9442865503982965	0.9442865503982965
AZD0530	ENSG00000183379	0.9442432557702308	0.9442432557702308	0.9442432557702308
AZD0530	LOC100506649	0.9441982357388209	0.9441982357388209	0.9441982357388209
AZD0530	ENSG00000198390	0.9440919114859971	0.9440919114859971	0.9440919114859971
AZD0530	ENSG00000140941	0.944040081968054	0.944040081968054	0.944040081968054
AZD0530	ENSG00000104671	0.9439969360781527	0.9439969360781527	0.9439969360781527
AZD0530	ENSG00000174740	0.943906370988652	0.943906370988652	0.943906370988652
AZD0530	ENSG00000111581	0.9438955068066209	0.9438955068066209	0.9438955068066209
AZD0530	ENSG00000100448	0.9438927064644731	0.9438927064644731	0.9438927064644731
AZD0530	ENSG00000095139	0.9437616967550488	0.9437616967550488	0.9437616967550488
AZD0530	ENSG00000211802	0.9437331744567654	0.9437331744567654	0.9437331744567654
AZD0530	LOC100507493	0.9435406950812304	0.9435406950812304	0.9435406950812304
AZD0530	ENSG00000016402	0.9434245327297351	0.9434245327297351	0.9434245327297351
AZD0530	ENSG00000173614	0.943377416638363	0.943377416638363	0.943377416638363
AZD0530	ENSG00000229951	0.9433486853354366	0.9433486853354366	0.9433486853354366
AZD0530	ENSG00000119718	0.9432406784142979	0.9432406784142979	0.9432406784142979
AZD0530	ENSG00000237517	0.9432380616815634	0.9432380616815634	0.9432380616815634
AZD0530	ENSG00000166947	0.9430189918839623	0.9430189918839623	0.9430189918839623
AZD0530	ENSG00000246082	0.9427235908645717	0.9427235908645717	0.9427235908645717
AZD0530	LOC646762	0.9426061407300406	0.9426061407300406	0.9426061407300406
AZD0530	ENSG00000133805	0.9426005276253767	0.9426005276253767	0.9426005276253767
AZD0530	ENSG00000102970	0.9425616314525158	0.9425616314525158	0.9425616314525158
AZD0530	ENSG00000169605	0.942504308396642	0.942504308396642	0.942504308396642
AZD0530	ENSG00000144355	0.9424957483209538	0.9424957483209538	0.9424957483209538
AZD0530	ENSG00000129235	0.942426018546932	0.942426018546932	0.942426018546932
AZD0530	ENSG00000148832	0.9423220679559446	0.9423220679559446	0.9423220679559446
AZD0530	ENSG00000092978	0.9422076128368081	0.9422076128368081	0.9422076128368081
AZD0530	ENSG00000129204	0.9421889656897302	0.9421889656897302	0.9421889656897302
AZD0530	LOC100216546	0.9419398945415693	0.9419398945415693	0.9419398945415693
AZD0530	ENSG00000168078	0.941930661036703	0.941930661036703	0.941930661036703
AZD0530	ENSG00000164616	0.9419134116782237	0.9419134116782237	0.9419134116782237
AZD0530	ENSG00000125508	0.9417285538565169	0.9417285538565169	0.9417285538565169
AZD0530	ENSG00000047188	0.9415959509109503	0.9415959509109503	0.9415959509109503
AZD0530	ENSG00000143420	0.9415401776209591	0.9415401776209591	0.9415401776209591
AZD0530	ENSG00000111729	0.941490133820047	0.941490133820047	0.941490133820047
AZD0530	ENSG00000153827	0.9413352116053447	0.9413352116053447	0.9413352116053447
AZD0530	ENSG00000078549	0.9413305059878676	0.9413305059878676	0.9413305059878676
AZD0530	ENSG00000111049	0.9412018694180977	0.9412018694180977	0.9412018694180977
AZD0530	ENSG00000179909	0.9411487660189504	0.9411487660189504	0.9411487660189504
AZD0530	ENSG00000196387	0.9411113635427468	0.9411113635427468	0.9411113635427468
AZD0530	ENSG00000183605	0.9410539631996865	0.9410539631996865	0.9410539631996865
AZD0530	ENSG00000176746	0.9409185034922536	0.9409185034922536	0.9409185034922536
AZD0530	ENSG00000205084	0.9408457844131761	0.9408457844131761	0.9408457844131761
AZD0530	ENSG00000117697	0.9408326307458256	0.9408326307458256	0.9408326307458256
AZD0530	ENSG00000137764	0.9408084832166813	0.9408084832166813	0.9408084832166813
AZD0530	ENSG00000164713	0.940799324620274	0.940799324620274	0.940799324620274
AZD0530	ENSG00000101182	0.9406041352104682	0.9406041352104682	0.9406041352104682
AZD0530	ENSG00000127074	0.9406001672174514	0.9406001672174514	0.9406001672174514
AZD0530	LOC729173	0.9405360765111722	0.9405360765111722	0.9405360765111722
AZD0530	ENSG00000078668	0.9403522330438562	0.9403522330438562	0.9403522330438562
AZD0530	LOC100506797	0.9403365643224305	0.9403365643224305	0.9403365643224305
AZD0530	ENSG00000244355	0.9403083348552165	0.9403083348552165	0.9403083348552165
AZD0530	ENSG00000176095	0.9402798024811686	0.9402798024811686	0.9402798024811686
AZD0530	ENSG00000180483	0.9401205294023258	0.9401205294023258	0.9401205294023258
AZD0530	ENSG00000074803	0.9401016557375407	0.9401016557375407	0.9401016557375407
AZD0530	C12orf39	0.940027992741071	0.940027992741071	0.940027992741071
AZD0530	AKD1	0.9400192293510495	0.9400192293510495	0.9400192293510495
AZD0530	WDR52	0.9398474075807707	0.9398474075807707	0.9398474075807707
AZD0530	ENSG00000240583	0.939831354275461	0.939831354275461	0.939831354275461
AZD0530	ENSG00000128708	0.9397554940750706	0.9397554940750706	0.9397554940750706
AZD0530	ENSG00000081800	0.939720579609773	0.939720579609773	0.939720579609773
AZD0530	ENSG00000110148	0.9395910701385689	0.9395910701385689	0.9395910701385689
AZD0530	ENSG00000092820	0.9395312653295629	0.9395312653295629	0.9395312653295629
AZD0530	ENSG00000102900	0.9395219676092385	0.9395219676092385	0.9395219676092385
AZD0530	ENSG00000107951	0.9394934476981843	0.9394934476981843	0.9394934476981843
AZD0530	ENSG00000188425	0.9394629502530696	0.9394629502530696	0.9394629502530696
AZD0530	ENSG00000127125	0.9394356781002365	0.9394356781002365	0.9394356781002365
AZD0530	ENSG00000198077	0.9393721056553331	0.9393721056553331	0.9393721056553331
AZD0530	ENSG00000089327	0.9393689532895594	0.9393689532895594	0.9393689532895594
AZD0530	ENSG00000196189	0.9393496955794246	0.9393496955794246	0.9393496955794246
AZD0530	ENSG00000226935	0.939216984769998	0.939216984769998	0.939216984769998
AZD0530	ENSG00000170820	0.9392016447921733	0.9392016447921733	0.9392016447921733
AZD0530	C15orf2	0.9391833085184846	0.9391833085184846	0.9391833085184846
AZD0530	ENSG00000120889	0.9390690232884262	0.9390690232884262	0.9390690232884262
AZD0530	ENSG00000106410	0.9389077852154408	0.9389077852154408	0.9389077852154408
AZD0530	ENSG00000132002	0.9385179726751692	0.9385179726751692	0.9385179726751692
AZD0530	ENSG00000106153	0.9382070087586466	0.9382070087586466	0.9382070087586466
AZD0530	ENSG00000278705	0.9380250335461434	0.9380250335461434	0.9380250335461434
AZD0530	ENSG00000196668	0.9379641413347085	0.9379641413347085	0.9379641413347085
AZD0530	ENSG00000107833	0.937863540773079	0.937863540773079	0.937863540773079
AZD0530	ENSG00000204116	0.9378143526508348	0.9378143526508348	0.9378143526508348
AZD0530	ENSG00000185482	0.9377927435445175	0.9377927435445175	0.9377927435445175
AZD0530	ENSG00000156261	0.9377435229980026	0.9377435229980026	0.9377435229980026
AZD0530	ENSG00000111727	0.9377371236518782	0.9377371236518782	0.9377371236518782
AZD0530	ENSG00000143590	0.9373813085067731	0.9373813085067731	0.9373813085067731
AZD0530	ENSG00000106049	0.93726113317157	0.93726113317157	0.93726113317157
AZD0530	ENSG00000118557	0.9371715564316144	0.9371715564316144	0.9371715564316144
AZD0530	ENSG00000186790	0.9369421129359415	0.9369421129359415	0.9369421129359415
AZD0530	ENSG00000168140	0.9367994530844362	0.9367994530844362	0.9367994530844362
AZD0530	ENSG00000121350	0.9367798687270222	0.9367798687270222	0.9367798687270222
AZD0530	ENSG00000079385	0.9366010887279103	0.9366010887279103	0.9366010887279103
AZD0530	ENSG00000008838	0.9365976750459998	0.9365976750459998	0.9365976750459998
AZD0530	LOC144486	0.9362103240467906	0.9362103240467906	0.9362103240467906
AZD0530	ENSG00000183535	0.9361685414334724	0.9361685414334724	0.9361685414334724
AZD0530	ENSG00000111642	0.935965166340747	0.935965166340747	0.935965166340747
AZD0530	ENSG00000178502	0.9359602077268443	0.9359602077268443	0.9359602077268443
AZD0530	ENSG00000120784	0.9359320511738822	0.9359320511738822	0.9359320511738822
AZD0530	ENSG00000198589	0.9357884737417608	0.9357884737417608	0.9357884737417608
AZD0530	ENSG00000026025	0.9357147049108554	0.9357147049108554	0.9357147049108554
AZD0530	ENSG00000212866	0.9356104480948831	0.9356104480948831	0.9356104480948831
AZD0530	ENSG00000175634	0.9355781156488691	0.9355781156488691	0.9355781156488691
AZD0530	ENSG00000147869	0.9355680801825471	0.9355680801825471	0.9355680801825471
AZD0530	ENSG00000109790	0.9355201007767711	0.9355201007767711	0.9355201007767711
AZD0530	ENSG00000134115	0.9354479984057908	0.9354479984057908	0.9354479984057908
AZD0530	ENSG00000179922	0.9354451093124913	0.9354451093124913	0.9354451093124913
AZD0530	LOC100506351	0.9351835245356521	0.9351835245356521	0.9351835245356521
AZD0530	ENSG00000172315	0.9351086746103469	0.9351086746103469	0.9351086746103469
AZD0530	ENSG00000162981	0.9350824225411519	0.9350824225411519	0.9350824225411519
AZD0530	ENSG00000265060	0.934823748800383	0.934823748800383	0.934823748800383
AZD0530	ENSG00000156959	0.9347876484277794	0.9347876484277794	0.9347876484277794
AZD0530	ENSG00000113194	0.9347554846162309	0.9347554846162309	0.9347554846162309
AZD0530	MRP63	0.9346489860705463	0.9346489860705463	0.9346489860705463
AZD0530	ENSG00000131724	0.9345406479028656	0.9345406479028656	0.9345406479028656
AZD0530	ENSG00000165626	0.9343707951500501	0.9343707951500501	0.9343707951500501
AZD0530	ENSG00000167283	0.9342577275860201	0.9342577275860201	0.9342577275860201
AZD0530	ENSG00000211973	0.9341636028675369	0.9341636028675369	0.9341636028675369
AZD0530	ENSG00000138646	0.9340945175373759	0.9340945175373759	0.9340945175373759
AZD0530	ENSG00000070371	0.934042260025297	0.934042260025297	0.934042260025297
AZD0530	ENSG00000167842	0.9336900358336806	0.9336900358336806	0.9336900358336806
AZD0530	ENSG00000236830	0.9335731780008736	0.9335731780008736	0.9335731780008736
AZD0530	ENSG00000173264	0.9335185933024548	0.9335185933024548	0.9335185933024548
AZD0530	ENSG00000122481	0.9334821103037358	0.9334821103037358	0.9334821103037358
AZD0530	ENSG00000164051	0.9334645853319715	0.9334645853319715	0.9334645853319715
AZD0530	ENSG00000033050	0.9333350844434826	0.9333350844434826	0.9333350844434826
AZD0530	ENSG00000151498	0.9333236988357477	0.9333236988357477	0.9333236988357477
AZD0530	ENSG00000180440	0.9332927354074698	0.9332927354074698	0.9332927354074698
AZD0530	ENSG00000109084	0.9330517374642966	0.9330517374642966	0.9330517374642966
AZD0530	ENSG00000066557	0.9329821294177891	0.9329821294177891	0.9329821294177891
AZD0530	ENSG00000172939	0.9329312415900514	0.9329312415900514	0.9329312415900514
AZD0530	ENSG00000177283	0.9328927859585796	0.9328927859585796	0.9328927859585796
AZD0530	ENSG00000180901	0.932760550111525	0.932760550111525	0.932760550111525
AZD0530	LOC100505763	0.9326149099067179	0.9326149099067179	0.9326149099067179
AZD0530	ENSG00000072080	0.9324007078147339	0.9324007078147339	0.9324007078147339
AZD0530	ENSG00000178796	0.9321847550733094	0.9321847550733094	0.9321847550733094
AZD0530	ENSG00000116213	0.9321617943856744	0.9321617943856744	0.9321617943856744
AZD0530	ENSG00000121211	0.9320497951390212	0.9320497951390212	0.9320497951390212
AZD0530	ENSG00000141570	0.9318920171408933	0.9318920171408933	0.9318920171408933
AZD0530	ENSG00000163661	0.9317789862302319	0.9317789862302319	0.9317789862302319
AZD0530	ENSG00000211797	0.9315343579214127	0.9315343579214127	0.9315343579214127
AZD0530	LRG_7	0.9315201874763811	0.9315201874763811	0.9315201874763811
AZD0530	ENSG00000181638	0.9315068510441862	0.9315068510441862	0.9315068510441862
AZD0530	ENSG00000109943	0.9314509590201118	0.9314509590201118	0.9314509590201118
AZD0530	ENSG00000139055	0.9314240939372416	0.9314240939372416	0.9314240939372416
AZD0530	ENSG00000275074	0.931403370634478	0.931403370634478	0.931403370634478
AZD0530	ENSG00000116521	0.9313914731944549	0.9313914731944549	0.9313914731944549
AZD0530	ENSG00000113013	0.931359743842903	0.931359743842903	0.931359743842903
AZD0530	ENSG00000234776	0.9313063220579966	0.9313063220579966	0.9313063220579966
AZD0530	ENSG00000167657	0.9311512812499481	0.9311512812499481	0.9311512812499481
AZD0530	ENSG00000163354	0.9308997087796167	0.9308997087796167	0.9308997087796167
AZD0530	ENSG00000139211	0.9308096352522929	0.9308096352522929	0.9308096352522929
AZD0530	ENSG00000169567	0.930802412341845	0.930802412341845	0.930802412341845
AZD0530	ENSG00000216306	0.9306538112701573	0.9306538112701573	0.9306538112701573
AZD0530	ENSG00000140067	0.9304935874671239	0.9304935874671239	0.9304935874671239
AZD0530	ENSG00000163545	0.9304807787506373	0.9304807787506373	0.9304807787506373
AZD0530	LOC100509100	0.9303658227862184	0.9303658227862184	0.9303658227862184
AZD0530	ENSG00000147434	0.9303350828280291	0.9303350828280291	0.9303350828280291
AZD0530	ENSG00000167977	0.9303220485774932	0.9303220485774932	0.9303220485774932
AZD0530	ENSG00000079999	0.9302457236534455	0.9302457236534455	0.9302457236534455
AZD0530	ENSG00000157093	0.9302191340681462	0.9302191340681462	0.9302191340681462
AZD0530	ENSG00000165805	0.9301893065334059	0.9301893065334059	0.9301893065334059
AZD0530	ENSG00000161921	0.9300525376187738	0.9300525376187738	0.9300525376187738
AZD0530	ENSG00000226746	0.9300038804279144	0.9300038804279144	0.9300038804279144
AZD0530	ENSG00000125375	0.9300025098707602	0.9300025098707602	0.9300025098707602
AZD0530	ENSG00000084093	0.9299432013976683	0.9299432013976683	0.9299432013976683
AZD0530	ENSG00000135245	0.9298736702461398	0.9298736702461398	0.9298736702461398
AZD0530	ENSG00000011590	0.9297595223728788	0.9297595223728788	0.9297595223728788
AZD0530	ENSG00000141933	0.9296933857434817	0.9296933857434817	0.9296933857434817
AZD0530	ENSG00000237636	0.9296682842346766	0.9296682842346766	0.9296682842346766
AZD0530	ENSG00000147799	0.9294174652771129	0.9294174652771129	0.9294174652771129
AZD0530	ENSG00000111361	0.9293252220073657	0.9293252220073657	0.9293252220073657
AZD0530	ENSG00000170647	0.9293230024546398	0.9293230024546398	0.9293230024546398
AZD0530	ENSG00000130005	0.9291586087186924	0.9291586087186924	0.9291586087186924
AZD0530	ENSG00000112679	0.9291376369232988	0.9291376369232988	0.9291376369232988
AZD0530	ENSG00000102854	0.9290145660449848	0.9290145660449848	0.9290145660449848
AZD0530	ENSG00000143013	0.928960643669419	0.928960643669419	0.928960643669419
AZD0530	ENSG00000170345	0.9289551999411546	0.9289551999411546	0.9289551999411546
AZD0530	ENSG00000100258	0.9288519919162983	0.9288519919162983	0.9288519919162983
AZD0530	ZNF167	0.9287356513769778	0.9287356513769778	0.9287356513769778
AZD0530	ENSG00000158850	0.9287300756485101	0.9287300756485101	0.9287300756485101
AZD0530	ENSG00000177432	0.9286933385129506	0.9286933385129506	0.9286933385129506
AZD0530	ENSG00000158786	0.9285848346816635	0.9285848346816635	0.9285848346816635
AZD0530	ENSG00000124562	0.9285429549980351	0.9285429549980351	0.9285429549980351
AZD0530	ENSG00000197506	0.9284186978766894	0.9284186978766894	0.9284186978766894
AZD0530	ENSG00000167600	0.9282944611185682	0.9282944611185682	0.9282944611185682
AZD0530	ENSG00000106178	0.9282734805097846	0.9282734805097846	0.9282734805097846
AZD0530	LOC100506415	0.9281906177305628	0.9281906177305628	0.9281906177305628
AZD0530	ENSG00000143549	0.9281251699033258	0.9281251699033258	0.9281251699033258
AZD0530	ENSG00000129749	0.9281086946367963	0.9281086946367963	0.9281086946367963
AZD0530	ENSG00000080031	0.9280743275699848	0.9280743275699848	0.9280743275699848
AZD0530	ENSG00000134313	0.9280092714931746	0.9280092714931746	0.9280092714931746
AZD0530	ENSG00000169258	0.9279243558597255	0.9279243558597255	0.9279243558597255
AZD0530	ENSG00000100941	0.9278839468969158	0.9278839468969158	0.9278839468969158
AZD0530	ENSG00000175984	0.9278161941649455	0.9278161941649455	0.9278161941649455
AZD0530	ENSG00000166546	0.9278048165527139	0.9278048165527139	0.9278048165527139
AZD0530	ENSG00000153922	0.9277228733760352	0.9277228733760352	0.9277228733760352
AZD0530	ENSG00000197275	0.9276313762539201	0.9276313762539201	0.9276313762539201
AZD0530	ENSG00000224877	0.9274208000657868	0.9274208000657868	0.9274208000657868
AZD0530	ENSG00000185585	0.9274080049047699	0.9274080049047699	0.9274080049047699
AZD0530	ENSG00000167555	0.9273660873682673	0.9273660873682673	0.9273660873682673
AZD0530	ENSG00000163631	0.9271496691693971	0.9271496691693971	0.9271496691693971
AZD0530	ENSG00000221944	0.9270122801450225	0.9270122801450225	0.9270122801450225
AZD0530	ENSG00000049759	0.926978312185188	0.926978312185188	0.926978312185188
AZD0530	ENSG00000149292	0.9269138466267336	0.9269138466267336	0.9269138466267336
AZD0530	ENSG00000006451	0.9268447807684799	0.9268447807684799	0.9268447807684799
AZD0530	ENSG00000144152	0.9268354347486898	0.9268354347486898	0.9268354347486898
AZD0530	ENSG00000180089	0.9267583487065332	0.9267583487065332	0.9267583487065332
AZD0530	ENSG00000095539	0.9266790924480149	0.9266790924480149	0.9266790924480149
AZD0530	ENSG00000170468	0.9263919933733196	0.9263919933733196	0.9263919933733196
AZD0530	ENSG00000154839	0.9263364012866214	0.9263364012866214	0.9263364012866214
AZD0530	LOC100289098	0.9262117418008076	0.9262117418008076	0.9262117418008076
AZD0530	ENSG00000084453	0.9261897666194581	0.9261897666194581	0.9261897666194581
AZD0530	ENSG00000173575	0.9260937601704166	0.9260937601704166	0.9260937601704166
AZD0530	ENSG00000171103	0.9260436177487564	0.9260436177487564	0.9260436177487564
AZD0530	ENSG00000158467	0.9259469707736571	0.9259469707736571	0.9259469707736571
AZD0530	ENSG00000168939	0.9259316153201664	0.9259316153201664	0.9259316153201664
AZD0530	ENSG00000103502	0.9258984258743584	0.9258984258743584	0.9258984258743584
AZD0530	ENSG00000168065	0.9257829984210456	0.9257829984210456	0.9257829984210456
AZD0530	OTX2OS1	0.9256574187814716	0.9256574187814716	0.9256574187814716
AZD0530	ENSG00000129595	0.9255968936659135	0.9255968936659135	0.9255968936659135
AZD0530	ENSG00000105379	0.9254440389645198	0.9254440389645198	0.9254440389645198
AZD0530	ENSG00000109158	0.9254425325517371	0.9254425325517371	0.9254425325517371
AZD0530	ENSG00000179639	0.9253606101145875	0.9253606101145875	0.9253606101145875
AZD0530	ENSG00000183813	0.9252898954461832	0.9252898954461832	0.9252898954461832
AZD0530	ENSG00000125826	0.9252874533494242	0.9252874533494242	0.9252874533494242
AZD0530	ENSG00000118526	0.9252717040365869	0.9252717040365869	0.9252717040365869
AZD0530	ENSG00000225697	0.9252398455277218	0.9252398455277218	0.9252398455277218
AZD0530	ENSG00000122912	0.925228330122251	0.925228330122251	0.925228330122251
AZD0530	LOC642852	0.9251994639865572	0.9251994639865572	0.9251994639865572
AZD0530	ENSG00000147119	0.9251342888938436	0.9251342888938436	0.9251342888938436
AZD0530	ENSG00000101413	0.9250554747860206	0.9250554747860206	0.9250554747860206
AZD0530	ENSG00000115685	0.9250441210376097	0.9250441210376097	0.9250441210376097
AZD0530	ENSG00000075340	0.9249311513339717	0.9249311513339717	0.9249311513339717
AZD0530	LOC100505932	0.9249063987692387	0.9249063987692387	0.9249063987692387
AZD0530	LOC100506606	0.9248995474478395	0.9248995474478395	0.9248995474478395
AZD0530	ENSG00000172586	0.9248069235126055	0.9248069235126055	0.9248069235126055
AZD0530	ENSG00000188763	0.924741348833798	0.924741348833798	0.924741348833798
AZD0530	ENSG00000130427	0.9246101232856744	0.9246101232856744	0.9246101232856744
AZD0530	ENSG00000125872	0.9244059904417719	0.9244059904417719	0.9244059904417719
AZD0530	ENSG00000198889	0.9242493621096839	0.9242493621096839	0.9242493621096839
AZD0530	ENSG00000149591	0.924227995925272	0.924227995925272	0.924227995925272
AZD0530	ENSG00000125676	0.9241908034624728	0.9241908034624728	0.9241908034624728
AZD0530	ENSG00000133661	0.9241641890884833	0.9241641890884833	0.9241641890884833
AZD0530	ENSG00000103037	0.924132698205639	0.924132698205639	0.924132698205639
AZD0530	ENSG00000174099	0.9241307646122006	0.9241307646122006	0.9241307646122006
AZD0530	LOC401588	0.9241047652066177	0.9241047652066177	0.9241047652066177
AZD0530	ENSG00000198863	0.9239646494802367	0.9239646494802367	0.9239646494802367
AZD0530	LOC441009	0.9236556344296516	0.9236556344296516	0.9236556344296516
AZD0530	CXorf41	0.9235185640964292	0.9235185640964292	0.9235185640964292
AZD0530	ENSG00000171488	0.9235129401042137	0.9235129401042137	0.9235129401042137
AZD0530	ENSG00000171747	0.9234124353683623	0.9234124353683623	0.9234124353683623
AZD0530	ENSG00000137364	0.9233899988538143	0.9233899988538143	0.9233899988538143
AZD0530	ENSG00000118420	0.9231848670870746	0.9231848670870746	0.9231848670870746
AZD0530	ENSG00000171132	0.9231378106752829	0.9231378106752829	0.9231378106752829
AZD0530	ENSG00000274958	0.9231019603465763	0.9231019603465763	0.9231019603465763
AZD0530	ENSG00000182223	0.9229833822354728	0.9229833822354728	0.9229833822354728
AZD0530	ENSG00000115902	0.9228690993824543	0.9228690993824543	0.9228690993824543
AZD0530	ENSG00000170608	0.9228488533570375	0.9228488533570375	0.9228488533570375
AZD0530	ENSG00000075089	0.922835136825293	0.922835136825293	0.922835136825293
AZD0530	HCG26	0.9224297953012562	0.9224297953012562	0.9224297953012562
AZD0530	ENSG00000280497	0.9221117301165053	0.9221117301165053	0.9221117301165053
AZD0530	ENSG00000135094	0.9218819948060494	0.9218819948060494	0.9218819948060494
AZD0530	ENSG00000173272	0.9218686052711558	0.9218686052711558	0.9218686052711558
AZD0530	ENSG00000162804	0.9216250590974612	0.9216250590974612	0.9216250590974612
AZD0530	ENSG00000188735	0.9215752304754788	0.9215752304754788	0.9215752304754788
AZD0530	ENSG00000121858	0.9215394732655763	0.9215394732655763	0.9215394732655763
AZD0530	ENSG00000162819	0.9215164469812058	0.9215164469812058	0.9215164469812058
AZD0530	ENSG00000135951	0.9213401436892463	0.9213401436892463	0.9213401436892463
AZD0530	ENSG00000162433	0.9212263924650607	0.9212263924650607	0.9212263924650607
AZD0530	ENSG00000139155	0.9211924791867362	0.9211924791867362	0.9211924791867362
AZD0530	ENSG00000152409	0.9211816556328171	0.9211816556328171	0.9211816556328171
AZD0530	ENSG00000146414	0.9211426712970089	0.9211426712970089	0.9211426712970089
AZD0530	LOC645638	0.9207686307403498	0.9207686307403498	0.9207686307403498
AZD0530	ENSG00000126950	0.9206956066756752	0.9206956066756752	0.9206956066756752
AZD0530	ENSG00000106799	0.9205937851225076	0.9205937851225076	0.9205937851225076
AZD0530	ENSG00000176715	0.9203664867324511	0.9203664867324511	0.9203664867324511
AZD0530	LOC100505875	0.9202646537884476	0.9202646537884476	0.9202646537884476
AZD0530	ENSG00000157637	0.9202483387465724	0.9202483387465724	0.9202483387465724
AZD0530	ENSG00000159871	0.920209535450783	0.920209535450783	0.920209535450783
AZD0530	LOC100506530	0.920096527404137	0.920096527404137	0.920096527404137
AZD0530	ENSG00000062725	0.9198859982029561	0.9198859982029561	0.9198859982029561
AZD0530	ENSG00000099203	0.9198110086599063	0.9198110086599063	0.9198110086599063
AZD0530	ENSG00000167281	0.9196564030094181	0.9196564030094181	0.9196564030094181
AZD0530	ENSG00000104371	0.9196042156029451	0.9196042156029451	0.9196042156029451
AZD0530	ENSG00000158062	0.9195076451978502	0.9195076451978502	0.9195076451978502
AZD0530	ENSG00000056586	0.9193702800325475	0.9193702800325475	0.9193702800325475
AZD0530	ENSG00000159398	0.9193157762694557	0.9193157762694557	0.9193157762694557
AZD0530	ENSG00000168301	0.9192138583622198	0.9192138583622198	0.9192138583622198
AZD0530	ENSG00000215262	0.9190835834124368	0.9190835834124368	0.9190835834124368
AZD0530	ENSG00000101323	0.918953182324356	0.918953182324356	0.918953182324356
AZD0530	ENSG00000115825	0.9188645662819928	0.9188645662819928	0.9188645662819928
AZD0530	ENSG00000186280	0.9186508857249132	0.9186508857249132	0.9186508857249132
AZD0530	ENSG00000149050	0.9186499277794051	0.9186499277794051	0.9186499277794051
AZD0530	ENSG00000140488	0.9185706901616887	0.9185706901616887	0.9185706901616887
AZD0530	ENSG00000111785	0.9184801481018318	0.9184801481018318	0.9184801481018318
AZD0530	LOC100507338	0.9183975463692066	0.9183975463692066	0.9183975463692066
AZD0530	ENSG00000011295	0.9182446779790466	0.9182446779790466	0.9182446779790466
AZD0530	ENSG00000134020	0.9182038736815089	0.9182038736815089	0.9182038736815089
AZD0530	ENSG00000112685	0.9181925116199334	0.9181925116199334	0.9181925116199334
AZD0530	ENSG00000111707	0.918126242976715	0.918126242976715	0.918126242976715
AZD0530	ENSG00000125149	0.917978296466296	0.917978296466296	0.917978296466296
AZD0530	ENSG00000176165	0.9178545227006545	0.9178545227006545	0.9178545227006545
AZD0530	ENSG00000156127	0.9178228272146963	0.9178228272146963	0.9178228272146963
AZD0530	LRG_534	0.9171251984583156	0.9171251984583156	0.9171251984583156
AZD0530	LOC550643	0.9170152913659764	0.9170152913659764	0.9170152913659764
AZD0530	ENSG00000067066	0.9168995958888474	0.9168995958888474	0.9168995958888474
AZD0530	ENSG00000171466	0.9168702695234103	0.9168702695234103	0.9168702695234103
AZD0530	ENSG00000204624	0.9168616801632585	0.9168616801632585	0.9168616801632585
AZD0530	ENSG00000165516	0.91682136059566	0.91682136059566	0.91682136059566
AZD0530	ENSG00000166762	0.916742437079352	0.916742437079352	0.916742437079352
AZD0530	ENSG00000165118	0.9167082749394054	0.9167082749394054	0.9167082749394054
AZD0530	ENSG00000151778	0.9165064863614046	0.9165064863614046	0.9165064863614046
AZD0530	ENSG00000064270	0.9165021115109628	0.9165021115109628	0.9165021115109628
AZD0530	ENSG00000240771	0.9164590067186232	0.9164590067186232	0.9164590067186232
AZD0530	ENSG00000184611	0.9164348424437558	0.9164348424437558	0.9164348424437558
AZD0530	ENSG00000140990	0.9162973189388328	0.9162973189388328	0.9162973189388328
AZD0530	ENSG00000164627	0.916240287575588	0.916240287575588	0.916240287575588
AZD0530	ENSG00000124831	0.9162257973723412	0.9162257973723412	0.9162257973723412
AZD0530	LOC100505490	0.9162160105140561	0.9162160105140561	0.9162160105140561
AZD0530	ENSG00000162852	0.9161308314762369	0.9161308314762369	0.9161308314762369
AZD0530	ENSG00000121671	0.9161077568392246	0.9161077568392246	0.9161077568392246
AZD0530	ENSG00000135829	0.9158223923200403	0.9158223923200403	0.9158223923200403
AZD0530	ENSG00000240344	0.9157721210978406	0.9157721210978406	0.9157721210978406
AZD0530	ENSG00000183856	0.9155958137275771	0.9155958137275771	0.9155958137275771
AZD0530	ENSG00000163818	0.9155129500044566	0.9155129500044566	0.9155129500044566
AZD0530	ENSG00000060971	0.9154695984555498	0.9154695984555498	0.9154695984555498
AZD0530	ENSG00000149716	0.91543902463967	0.91543902463967	0.91543902463967
AZD0530	ENSG00000113905	0.9153565139810492	0.9153565139810492	0.9153565139810492
AZD0530	LOC100506051	0.9151132564288248	0.9151132564288248	0.9151132564288248
AZD0530	EPB49	0.9149460112114648	0.9149460112114648	0.9149460112114648
AZD0530	ENSG00000276293	0.9148345900262937	0.9148345900262937	0.9148345900262937
AZD0530	ENSG00000131873	0.9148335548962625	0.9148335548962625	0.9148335548962625
AZD0530	ENSG00000120324	0.9147883171054462	0.9147883171054462	0.9147883171054462
AZD0530	ENSG00000014641	0.9147717758609366	0.9147717758609366	0.9147717758609366
AZD0530	ENSG00000139620	0.9146673557743996	0.9146673557743996	0.9146673557743996
AZD0530	LOC283038	0.9146128113618348	0.9146128113618348	0.9146128113618348
AZD0530	ENSG00000110628	0.9145599588741684	0.9145599588741684	0.9145599588741684
AZD0530	ENSG00000129625	0.9145473948374397	0.9145473948374397	0.9145473948374397
AZD0530	ENSG00000172183	0.9144976439084322	0.9144976439084322	0.9144976439084322
AZD0530	ENSG00000173692	0.9144541482626852	0.9144541482626852	0.9144541482626852
AZD0530	ENSG00000280055	0.9143255413256179	0.9143255413256179	0.9143255413256179
AZD0530	ENSG00000122218	0.9142929833755813	0.9142929833755813	0.9142929833755813
AZD0530	ENSG00000126254	0.9141977869114085	0.9141977869114085	0.9141977869114085
AZD0530	C10orf68	0.9138625696332341	0.9138625696332341	0.9138625696332341
AZD0530	ENSG00000125445	0.9138292145391441	0.9138292145391441	0.9138292145391441
AZD0530	ENSG00000178695	0.9137674185257381	0.9137674185257381	0.9137674185257381
AZD0530	ENSG00000081138	0.9137252684205918	0.9137252684205918	0.9137252684205918
AZD0530	ENSG00000138835	0.9135116943841078	0.9135116943841078	0.9135116943841078
AZD0530	FAM165B	0.9134131091583786	0.9134131091583786	0.9134131091583786
AZD0530	ENSG00000188921	0.913330506062971	0.913330506062971	0.913330506062971
AZD0530	ENSG00000169184	0.9129922679246707	0.9129922679246707	0.9129922679246707
AZD0530	ENSG00000065243	0.9129575825845899	0.9129575825845899	0.9129575825845899
AZD0530	ENSG00000164038	0.9128913579150617	0.9128913579150617	0.9128913579150617
AZD0530	BCMO1	0.9127987238445922	0.9127987238445922	0.9127987238445922
AZD0530	ENSG00000167106	0.912612037137836	0.912612037137836	0.912612037137836
AZD0530	ENSG00000139890	0.9125670579644933	0.9125670579644933	0.9125670579644933
AZD0530	ENSG00000184384	0.9124702732747189	0.9124702732747189	0.9124702732747189
AZD0530	ENSG00000060491	0.9124085550604235	0.9124085550604235	0.9124085550604235
AZD0530	ENSG00000137261	0.912351542620808	0.912351542620808	0.912351542620808
AZD0530	ENSG00000134317	0.91234145687226	0.91234145687226	0.91234145687226
AZD0530	ENSG00000153140	0.9123292273126906	0.9123292273126906	0.9123292273126906
AZD0530	ENSG00000111846	0.9123106764749536	0.9123106764749536	0.9123106764749536
AZD0530	ENSG00000134538	0.9120862540714162	0.9120862540714162	0.9120862540714162
AZD0530	ENSG00000008952	0.9120442132816462	0.9120442132816462	0.9120442132816462
AZD0530	ENSG00000143171	0.9117979353033568	0.9117979353033568	0.9117979353033568
AZD0530	ENSG00000173334	0.9117774900040688	0.9117774900040688	0.9117774900040688
AZD0530	LOC100506675	0.9116838899888384	0.9116838899888384	0.9116838899888384
AZD0530	ENSG00000127152	0.9116059672388951	0.9116059672388951	0.9116059672388951
AZD0530	ENSG00000124243	0.9113877664066515	0.9113877664066515	0.9113877664066515
AZD0530	ENSG00000090539	0.9111216214553146	0.9111216214553146	0.9111216214553146
AZD0530	ENSG00000107745	0.9107463392114834	0.9107463392114834	0.9107463392114834
AZD0530	ENSG00000167447	0.9106371367704487	0.9106371367704487	0.9106371367704487
AZD0530	ENSG00000131831	0.9104747392200264	0.9104747392200264	0.9104747392200264
AZD0530	LRG_102	0.9104066673751504	0.9104066673751504	0.9104066673751504
AZD0530	ENSG00000160208	0.9103803659537403	0.9103803659537403	0.9103803659537403
AZD0530	ENSG00000172987	0.9103103690368533	0.9103103690368533	0.9103103690368533
AZD0530	RG9MTD1	0.9102855551765174	0.9102855551765174	0.9102855551765174
AZD0530	ENSG00000177383	0.9100966863642097	0.9100966863642097	0.9100966863642097
AZD0530	ENSG00000196844	0.9100886931318968	0.9100886931318968	0.9100886931318968
AZD0530	ENSG00000059728	0.9100103751414296	0.9100103751414296	0.9100103751414296
AZD0530	ENSG00000205363	0.9099508594086527	0.9099508594086527	0.9099508594086527
AZD0530	ENSG00000197410	0.9098422992321873	0.9098422992321873	0.9098422992321873
AZD0530	ENSG00000006210	0.9096907119424144	0.9096907119424144	0.9096907119424144
AZD0530	GLT25D1	0.9095970007555955	0.9095970007555955	0.9095970007555955
AZD0530	ENSG00000274423	0.9093593669973624	0.9093593669973624	0.9093593669973624
AZD0530	ENSG00000125633	0.9092500118195971	0.9092500118195971	0.9092500118195971
AZD0530	ENSG00000276189	0.90890024632369	0.90890024632369	0.90890024632369
AZD0530	ENSG00000213853	0.9087360917215064	0.9087360917215064	0.9087360917215064
AZD0530	ENSG00000112584	0.9086144816106054	0.9086144816106054	0.9086144816106054
AZD0530	ENSG00000204634	0.9085933723980539	0.9085933723980539	0.9085933723980539
AZD0530	ENSG00000163825	0.9083109530832147	0.9083109530832147	0.9083109530832147
AZD0530	ENSG00000150045	0.9082988085519423	0.9082988085519423	0.9082988085519423
AZD0530	ENSG00000168209	0.9080593941652356	0.9080593941652356	0.9080593941652356
AZD0530	ENSG00000187581	0.9078688063311655	0.9078688063311655	0.9078688063311655
AZD0530	ENSG00000078747	0.9075073257380234	0.9075073257380234	0.9075073257380234
AZD0530	LOC100506115	0.9074944481233672	0.9074944481233672	0.9074944481233672
AZD0530	ENSG00000130811	0.9073563578455853	0.9073563578455853	0.9073563578455853
AZD0530	ENSG00000015133	0.9072833729069688	0.9072833729069688	0.9072833729069688
AZD0530	ENSG00000095637	0.9072377583230972	0.9072377583230972	0.9072377583230972
AZD0530	ENSG00000108469	0.9071627535071882	0.9071627535071882	0.9071627535071882
AZD0530	ENSG00000196267	0.9070188248976714	0.9070188248976714	0.9070188248976714
AZD0530	ENSG00000128564	0.9069047475864984	0.9069047475864984	0.9069047475864984
AZD0530	ENSG00000111181	0.9067465681539215	0.9067465681539215	0.9067465681539215
AZD0530	ENSG00000188647	0.9065314784587315	0.9065314784587315	0.9065314784587315
AZD0530	ENSG00000066651	0.9063645428265734	0.9063645428265734	0.9063645428265734
AZD0530	ENSG00000151789	0.9061326306776855	0.9061326306776855	0.9061326306776855
AZD0530	ENSG00000124227	0.9061293705088944	0.9061293705088944	0.9061293705088944
AZD0530	LOC339803	0.9060797170863325	0.9060797170863325	0.9060797170863325
AZD0530	FLJ32063	0.9059089717793217	0.9059089717793217	0.9059089717793217
AZD0530	ENSG00000103121	0.9057898991688312	0.9057898991688312	0.9057898991688312
AZD0530	ENSG00000111536	0.9057381416893963	0.9057381416893963	0.9057381416893963
AZD0530	ENSG00000206075	0.9056799788476276	0.9056799788476276	0.9056799788476276
AZD0530	ENSG00000105583	0.9056090618890085	0.9056090618890085	0.9056090618890085
AZD0530	ENSG00000243566	0.9056029915562608	0.9056029915562608	0.9056029915562608
AZD0530	ENSG00000166575	0.9055670052282462	0.9055670052282462	0.9055670052282462
AZD0530	ENSG00000139988	0.9055631044627607	0.9055631044627607	0.9055631044627607
AZD0530	ENSG00000115816	0.9053590650201488	0.9053590650201488	0.9053590650201488
AZD0530	ENSG00000125531	0.9053332329682252	0.9053332329682252	0.9053332329682252
AZD0530	LOC100506469	0.9052807447682402	0.9052807447682402	0.9052807447682402
AZD0530	ENSG00000265972	0.90524263998576	0.90524263998576	0.90524263998576
AZD0530	ENSG00000159110	0.9051990026833073	0.9051990026833073	0.9051990026833073
AZD0530	ENSG00000100316	0.905083953034824	0.905083953034824	0.905083953034824
AZD0530	ENSG00000154920	0.9050560778959107	0.9050560778959107	0.9050560778959107
AZD0530	ENSG00000168818	0.9050266312578337	0.9050266312578337	0.9050266312578337
AZD0530	ENSG00000112651	0.9049649116088283	0.9049649116088283	0.9049649116088283
AZD0530	ENSG00000119862	0.9048146621769183	0.9048146621769183	0.9048146621769183
AZD0530	LOC285627	0.9046416331599123	0.9046416331599123	0.9046416331599123
AZD0530	ENSG00000107521	0.9044511938658367	0.9044511938658367	0.9044511938658367
AZD0530	C3orf65	0.9044401492759295	0.9044401492759295	0.9044401492759295
AZD0530	ENSG00000147256	0.9044078954209118	0.9044078954209118	0.9044078954209118
AZD0530	LOC100507362	0.9043940165795775	0.9043940165795775	0.9043940165795775
AZD0530	ENSG00000244694	0.9043750125672383	0.9043750125672383	0.9043750125672383
AZD0530	ENSG00000143315	0.9042666301780142	0.9042666301780142	0.9042666301780142
AZD0530	ENSG00000267508	0.9042399128852174	0.9042399128852174	0.9042399128852174
AZD0530	ENSG00000185122	0.9040793610181499	0.9040793610181499	0.9040793610181499
AZD0530	ENSG00000233041	0.9040243273363285	0.9040243273363285	0.9040243273363285
AZD0530	ENSG00000242485	0.9039621925687521	0.9039621925687521	0.9039621925687521
AZD0530	ENSG00000116260	0.9039518712020879	0.9039518712020879	0.9039518712020879
AZD0530	ENSG00000167080	0.903943074857675	0.903943074857675	0.903943074857675
AZD0530	ENSG00000170412	0.9039262358084477	0.9039262358084477	0.9039262358084477
AZD0530	ENSG00000155792	0.9038257304561396	0.9038257304561396	0.9038257304561396
AZD0530	ENSG00000174928	0.903737433524724	0.903737433524724	0.903737433524724
AZD0530	ENSG00000120693	0.903693344519267	0.903693344519267	0.903693344519267
AZD0530	ENSG00000163811	0.9035797818673906	0.9035797818673906	0.9035797818673906
AZD0530	ENSG00000166523	0.9035159929999381	0.9035159929999381	0.9035159929999381
AZD0530	ENSG00000125879	0.9034865464425391	0.9034865464425391	0.9034865464425391
AZD0530	ENSG00000076356	0.9033793730640967	0.9033793730640967	0.9033793730640967
AZD0530	ENSG00000084754	0.9033310795587445	0.9033310795587445	0.9033310795587445
AZD0530	LOC553103	0.9032969683076907	0.9032969683076907	0.9032969683076907
AZD0530	ENSG00000136319	0.9032227712059723	0.9032227712059723	0.9032227712059723
AZD0530	ENSG00000237149	0.9030812204529408	0.9030812204529408	0.9030812204529408
AZD0530	ENSG00000074047	0.9026944711087832	0.9026944711087832	0.9026944711087832
AZD0530	ENSG00000112619	0.9025993527669282	0.9025993527669282	0.9025993527669282
AZD0530	ENSG00000136738	0.9025761114540071	0.9025761114540071	0.9025761114540071
AZD0530	ENSG00000008056	0.9023636208743825	0.9023636208743825	0.9023636208743825
AZD0530	ENSG00000179083	0.9022763733396433	0.9022763733396433	0.9022763733396433
AZD0530	ENSG00000163029	0.9022757465555037	0.9022757465555037	0.9022757465555037
AZD0530	ENSG00000274956	0.9021954471281364	0.9021954471281364	0.9021954471281364
AZD0530	ENSG00000174482	0.9020691076499089	0.9020691076499089	0.9020691076499089
AZD0530	ENSG00000059378	0.9019228257794734	0.9019228257794734	0.9019228257794734
AZD0530	ENSG00000185024	0.901880777499416	0.901880777499416	0.901880777499416
AZD0530	PLAC2	0.9016543770391066	0.9016543770391066	0.9016543770391066
AZD0530	ENSG00000204084	0.9015012123033238	0.9015012123033238	0.9015012123033238
AZD0530	ENSG00000189433	0.901497194298337	0.901497194298337	0.901497194298337
AZD0530	ENSG00000105784	0.9014556775982283	0.9014556775982283	0.9014556775982283
AZD0530	LOC440981	0.9013252217598415	0.9013252217598415	0.9013252217598415
AZD0530	ENSG00000140632	0.9012770441078927	0.9012770441078927	0.9012770441078927
AZD0530	ENSG00000138308	0.9011854147420825	0.9011854147420825	0.9011854147420825
AZD0530	ENSG00000211456	0.9009798874057919	0.9009798874057919	0.9009798874057919
AZD0530	ENSG00000185559	0.9008560202093561	0.9008560202093561	0.9008560202093561
AZD0530	ENSG00000144821	0.9007556196126367	0.9007556196126367	0.9007556196126367
AZD0530	ENSG00000165675	0.9005902247608989	0.9005902247608989	0.9005902247608989
AZD0530	ENSG00000163563	0.9005211381747962	0.9005211381747962	0.9005211381747962
AZD0530	ENSG00000120688	0.9005114482663886	0.9005114482663886	0.9005114482663886
AZD0530	ENSG00000115590	0.9004133623264743	0.9004133623264743	0.9004133623264743
AZD0530	LOC100653021	0.9004004655395103	0.9004004655395103	0.9004004655395103
AZD0530	ENSG00000197953	0.9003515275853928	0.9003515275853928	0.9003515275853928
AZD0530	ENSG00000036565	0.9003199247926307	0.9003199247926307	0.9003199247926307
AZD0530	ENSG00000247626	0.9001866246735443	0.9001866246735443	0.9001866246735443
AZD0530	ENSG00000104907	0.8999457690216189	0.8999457690216189	0.8999457690216189
AZD0530	ENSG00000141458	0.8998846289304968	0.8998846289304968	0.8998846289304968
AZD0530	ENSG00000147955	0.8998324995938644	0.8998324995938644	0.8998324995938644
AZD0530	ENSG00000166783	0.8997346281820813	0.8997346281820813	0.8997346281820813
AZD0530	LOC643714	0.8996821589711373	0.8996821589711373	0.8996821589711373
AZD0530	ENSG00000143147	0.8996589942038731	0.8996589942038731	0.8996589942038731
AZD0530	C16orf73	0.8996107196866162	0.8996107196866162	0.8996107196866162
AZD0530	ENSG00000167359	0.8995804818768974	0.8995804818768974	0.8995804818768974
AZD0530	ENSG00000197465	0.8993146204980078	0.8993146204980078	0.8993146204980078
AZD0530	ENSG00000146535	0.8990929315328461	0.8990929315328461	0.8990929315328461
AZD0530	ENSG00000198108	0.8990852849863022	0.8990852849863022	0.8990852849863022
AZD0530	ENSG00000274276	0.8990831121636936	0.8990831121636936	0.8990831121636936
AZD0530	LOC100505794	0.8990522350084391	0.8990522350084391	0.8990522350084391
AZD0530	ENSG00000115263	0.8989970003300297	0.8989970003300297	0.8989970003300297
AZD0530	ENSG00000142319	0.8986662362999887	0.8986662362999887	0.8986662362999887
AZD0530	ENSG00000228695	0.8986080836978906	0.8986080836978906	0.8986080836978906
AZD0530	ENSG00000060982	0.8985772215130977	0.8985772215130977	0.8985772215130977
AZD0530	METTL21CP1	0.898530401664667	0.898530401664667	0.898530401664667
AZD0530	ENSG00000204001	0.8984344443718336	0.8984344443718336	0.8984344443718336
AZD0530	ENSG00000183718	0.8984133096877374	0.8984133096877374	0.8984133096877374
AZD0530	LOC283738	0.8983813098130465	0.8983813098130465	0.8983813098130465
AZD0530	ENSG00000041982	0.8982699399398199	0.8982699399398199	0.8982699399398199
AZD0530	ENSG00000118245	0.898227924507992	0.898227924507992	0.898227924507992
AZD0530	ENSG00000165259	0.8982088912409832	0.8982088912409832	0.8982088912409832
AZD0530	ENSG00000003987	0.8981304550544783	0.8981304550544783	0.8981304550544783
AZD0530	ENSG00000243364	0.8981066373668269	0.8981066373668269	0.8981066373668269
AZD0530	ENSG00000165661	0.8980768711600808	0.8980768711600808	0.8980768711600808
AZD0530	C8orf73	0.8980394508555865	0.8980394508555865	0.8980394508555865
AZD0530	ENSG00000055955	0.8977686225339446	0.8977686225339446	0.8977686225339446
AZD0530	ENSG00000235905	0.897748058031292	0.897748058031292	0.897748058031292
AZD0530	ENSG00000232956	0.8974944150616568	0.8974944150616568	0.8974944150616568
AZD0530	LOC339788	0.8972744395478066	0.8972744395478066	0.8972744395478066
AZD0530	ENSG00000166451	0.8972195926807912	0.8972195926807912	0.8972195926807912
AZD0530	ENSG00000140105	0.8971995004713167	0.8971995004713167	0.8971995004713167
AZD0530	ENSG00000112981	0.8971837431425091	0.8971837431425091	0.8971837431425091
AZD0530	ENSG00000135097	0.8970180026509862	0.8970180026509862	0.8970180026509862
AZD0530	ENSG00000076067	0.8970022679019132	0.8970022679019132	0.8970022679019132
AZD0530	ENSG00000159459	0.8968577605009856	0.8968577605009856	0.8968577605009856
AZD0530	ENSG00000189056	0.8968144616854428	0.8968144616854428	0.8968144616854428
AZD0530	ENSG00000081277	0.8965394088140014	0.8965394088140014	0.8965394088140014
AZD0530	ENSG00000153774	0.8965116032103997	0.8965116032103997	0.8965116032103997
AZD0530	ENSG00000007341	0.8964393976172084	0.8964393976172084	0.8964393976172084
AZD0530	ENSG00000114023	0.8962174571061425	0.8962174571061425	0.8962174571061425
AZD0530	ENSG00000079616	0.8962115610447919	0.8962115610447919	0.8962115610447919
AZD0530	ENSG00000097046	0.8961469704768514	0.8961469704768514	0.8961469704768514
AZD0530	LOC389332	0.8956059798357935	0.8956059798357935	0.8956059798357935
AZD0530	ENSG00000188660	0.8955977287688512	0.8955977287688512	0.8955977287688512
AZD0530	ENSG00000128652	0.8955616264862755	0.8955616264862755	0.8955616264862755
AZD0530	ENSG00000167658	0.8954022935080291	0.8954022935080291	0.8954022935080291
AZD0530	ENSG00000130396	0.8953682210068018	0.8953682210068018	0.8953682210068018
AZD0530	ENSG00000146859	0.895345943512724	0.895345943512724	0.895345943512724
AZD0530	LOC100507570	0.895097314856027	0.895097314856027	0.895097314856027
AZD0530	ENSG00000249471	0.8949198289810999	0.8949198289810999	0.8949198289810999
AZD0530	ENSG00000127920	0.8949115402502638	0.8949115402502638	0.8949115402502638
AZD0530	LOC730101	0.8947361675333051	0.8947361675333051	0.8947361675333051
AZD0530	GALNTL1	0.8947302252218416	0.8947302252218416	0.8947302252218416
AZD0530	ENSG00000206559	0.894601525520507	0.894601525520507	0.894601525520507
AZD0530	ENSG00000124613	0.8945588603058878	0.8945588603058878	0.8945588603058878
AZD0530	ENSG00000168461	0.8944189912667531	0.8944189912667531	0.8944189912667531
AZD0530	ENSG00000137073	0.894374882572134	0.894374882572134	0.894374882572134
AZD0530	ENSG00000027644	0.8942203861464206	0.8942203861464206	0.8942203861464206
AZD0530	C9orf25	0.8939405421660036	0.8939405421660036	0.8939405421660036
AZD0530	ENSG00000092330	0.8938218018097378	0.8938218018097378	0.8938218018097378
AZD0530	LOC100506686	0.8935940942652225	0.8935940942652225	0.8935940942652225
AZD0530	ENSG00000166428	0.8935320000150561	0.8935320000150561	0.8935320000150561
AZD0530	ENSG00000047617	0.8934220291271117	0.8934220291271117	0.8934220291271117
AZD0530	ENSG00000237105	0.8933945245531847	0.8933945245531847	0.8933945245531847
AZD0530	ENSG00000126870	0.8933627840322045	0.8933627840322045	0.8933627840322045
AZD0530	ENSG00000105137	0.8932245267023735	0.8932245267023735	0.8932245267023735
AZD0530	ENSG00000167654	0.8930501803177696	0.8930501803177696	0.8930501803177696
AZD0530	ENSG00000213316	0.8928071644880219	0.8928071644880219	0.8928071644880219
AZD0530	ENSG00000003056	0.8927906591837818	0.8927906591837818	0.8927906591837818
AZD0530	ENSG00000166436	0.892782376036367	0.892782376036367	0.892782376036367
AZD0530	ENSG00000137675	0.8927554960202084	0.8927554960202084	0.8927554960202084
AZD0530	ENSG00000115129	0.8926757571399616	0.8926757571399616	0.8926757571399616
AZD0530	ENSG00000166265	0.89267320172543	0.89267320172543	0.89267320172543
AZD0530	FAM18B2	0.8926571405312757	0.8926571405312757	0.8926571405312757
AZD0530	ENSG00000126602	0.8924450673903045	0.8924450673903045	0.8924450673903045
AZD0530	ENSG00000141543	0.8921791730735167	0.8921791730735167	0.8921791730735167
AZD0530	ENSG00000122824	0.8920844353244669	0.8920844353244669	0.8920844353244669
AZD0530	ENSG00000170558	0.8920840712921937	0.8920840712921937	0.8920840712921937
AZD0530	ENSG00000180818	0.891891741646881	0.891891741646881	0.891891741646881
AZD0530	ENSG00000113231	0.8918137607465804	0.8918137607465804	0.8918137607465804
AZD0530	ENSG00000160271	0.8918014174205068	0.8918014174205068	0.8918014174205068
AZD0530	ENSG00000123561	0.8917986624927163	0.8917986624927163	0.8917986624927163
AZD0530	ENSG00000165164	0.8917770861229452	0.8917770861229452	0.8917770861229452
AZD0530	ENSG00000168546	0.8917208022176426	0.8917208022176426	0.8917208022176426
AZD0530	ENSG00000125347	0.891623528617876	0.891623528617876	0.891623528617876
AZD0530	C10orf108	0.8913212861054985	0.8913212861054985	0.8913212861054985
AZD0530	ENSG00000161381	0.8912873143250527	0.8912873143250527	0.8912873143250527
AZD0530	ENSG00000169738	0.8912009872828938	0.8912009872828938	0.8912009872828938
AZD0530	ENSG00000157540	0.8911093510043293	0.8911093510043293	0.8911093510043293
AZD0530	ENSG00000169760	0.89109312866934	0.89109312866934	0.89109312866934
AZD0530	ENSG00000163357	0.8910922177425112	0.8910922177425112	0.8910922177425112
AZD0530	ENSG00000143333	0.8910724398391612	0.8910724398391612	0.8910724398391612
AZD0530	ENSG00000073792	0.8909037207773536	0.8909037207773536	0.8909037207773536
AZD0530	ENSG00000167780	0.8908160098476039	0.8908160098476039	0.8908160098476039
AZD0530	LRG_518	0.8907716882035899	0.8907716882035899	0.8907716882035899
AZD0530	ENSG00000197894	0.8907464996381521	0.8907464996381521	0.8907464996381521
AZD0530	ENSG00000184459	0.8907346461437772	0.8907346461437772	0.8907346461437772
AZD0530	ENSG00000188674	0.890717362880629	0.890717362880629	0.890717362880629
AZD0530	ENSG00000198795	0.8906969514840722	0.8906969514840722	0.8906969514840722
AZD0530	ENSG00000231322	0.8902948108397485	0.8902948108397485	0.8902948108397485
AZD0530	ENSG00000185238	0.8900649395390087	0.8900649395390087	0.8900649395390087
AZD0530	ENSG00000278565	0.8900028583847872	0.8900028583847872	0.8900028583847872
AZD0530	ENSG00000070081	0.8899743953820723	0.8899743953820723	0.8899743953820723
AZD0530	ENSG00000142856	0.8899644360985194	0.8899644360985194	0.8899644360985194
AZD0530	ENSG00000145681	0.8899623363995388	0.8899623363995388	0.8899623363995388
AZD0530	ENSG00000143546	0.8899444102706214	0.8899444102706214	0.8899444102706214
AZD0530	ENSG00000180921	0.8897828814213161	0.8897828814213161	0.8897828814213161
AZD0530	ENSG00000234186	0.8896850769151313	0.8896850769151313	0.8896850769151313
AZD0530	ENSG00000229809	0.889678162263746	0.889678162263746	0.889678162263746
AZD0530	ENSG00000000460	0.8896683723977371	0.8896683723977371	0.8896683723977371
AZD0530	ENSG00000170458	0.8895760788076975	0.8895760788076975	0.8895760788076975
AZD0530	ENSG00000241832	0.8894766148037092	0.8894766148037092	0.8894766148037092
AZD0530	ENSG00000198759	0.8893662923507905	0.8893662923507905	0.8893662923507905
AZD0530	LOC284865	0.8892468571966597	0.8892468571966597	0.8892468571966597
AZD0530	ENSG00000124574	0.889128361546567	0.889128361546567	0.889128361546567
AZD0530	ENSG00000114166	0.8886883790661874	0.8886883790661874	0.8886883790661874
AZD0530	ENSG00000273274	0.888600038913215	0.888600038913215	0.888600038913215
AZD0530	ENSG00000167065	0.8881008335832038	0.8881008335832038	0.8881008335832038
AZD0530	ENSG00000166579	0.8880312212636414	0.8880312212636414	0.8880312212636414
AZD0530	ENSG00000171763	0.8879605553931141	0.8879605553931141	0.8879605553931141
AZD0530	ENSG00000007908	0.8877423075517523	0.8877423075517523	0.8877423075517523
AZD0530	ENSG00000125850	0.8876739567891238	0.8876739567891238	0.8876739567891238
AZD0530	ENSG00000177679	0.887528131448246	0.887528131448246	0.887528131448246
AZD0530	ENSG00000122254	0.8875091802931886	0.8875091802931886	0.8875091802931886
AZD0530	ENSG00000180611	0.887394822701266	0.887394822701266	0.887394822701266
AZD0530	ENSG00000170011	0.8873740240758401	0.8873740240758401	0.8873740240758401
AZD0530	LOC284648	0.8873470449899267	0.8873470449899267	0.8873470449899267
AZD0530	ENSG00000148943	0.8873076060633106	0.8873076060633106	0.8873076060633106
AZD0530	ENSG00000173674	0.8872089419859853	0.8872089419859853	0.8872089419859853
AZD0530	ENSG00000170044	0.8870385501566784	0.8870385501566784	0.8870385501566784
AZD0530	ENSG00000115361	0.8869211383386204	0.8869211383386204	0.8869211383386204
AZD0530	ENSG00000255198	0.8868713574297568	0.8868713574297568	0.8868713574297568
AZD0530	ENSG00000085491	0.8868316610299728	0.8868316610299728	0.8868316610299728
AZD0530	ENSG00000164050	0.886802835386117	0.886802835386117	0.886802835386117
AZD0530	LOC572558	0.8858889253164831	0.8858889253164831	0.8858889253164831
AZD0530	ENSG00000120907	0.8856726305448455	0.8856726305448455	0.8856726305448455
AZD0530	ENSG00000276684	0.8856619847395408	0.8856619847395408	0.8856619847395408
AZD0530	ENSG00000175356	0.8854324058487589	0.8854324058487589	0.8854324058487589
AZD0530	ENSG00000131370	0.8853446520947584	0.8853446520947584	0.8853446520947584
AZD0530	RPL23AP32	0.8853034908796715	0.8853034908796715	0.8853034908796715
AZD0530	LOC100507563	0.8852776183024259	0.8852776183024259	0.8852776183024259
AZD0530	ENSG00000182352	0.8850107897546234	0.8850107897546234	0.8850107897546234
AZD0530	ENSG00000135472	0.884865691957728	0.884865691957728	0.884865691957728
AZD0530	ENSG00000143498	0.8845206762537681	0.8845206762537681	0.8845206762537681
AZD0530	ENSG00000153933	0.8844648814577772	0.8844648814577772	0.8844648814577772
AZD0530	ENSG00000221813	0.8843492866777912	0.8843492866777912	0.8843492866777912
AZD0530	ENSG00000204920	0.884347982351589	0.884347982351589	0.884347982351589
AZD0530	ENSG00000136866	0.8842935954457337	0.8842935954457337	0.8842935954457337
AZD0530	ENSG00000162444	0.8842370736805546	0.8842370736805546	0.8842370736805546
AZD0530	ENSG00000134453	0.8842087844101907	0.8842087844101907	0.8842087844101907
AZD0530	ENSG00000213859	0.8842055685841917	0.8842055685841917	0.8842055685841917
AZD0530	ENSG00000130714	0.8841786671840751	0.8841786671840751	0.8841786671840751
AZD0530	ENSG00000175137	0.8840443098244255	0.8840443098244255	0.8840443098244255
AZD0530	LOC100505978	0.8840036024600562	0.8840036024600562	0.8840036024600562
AZD0530	ENSG00000119943	0.8837538683217464	0.8837538683217464	0.8837538683217464
AZD0530	ENSG00000064703	0.8837284598107601	0.8837284598107601	0.8837284598107601
AZD0530	ENSG00000023318	0.8835216449550328	0.8835216449550328	0.8835216449550328
AZD0530	ENSG00000120656	0.8833206750636081	0.8833206750636081	0.8833206750636081
AZD0530	ENSG00000164405	0.8831363920396964	0.8831363920396964	0.8831363920396964
AZD0530	ENSG00000010626	0.882863038774782	0.882863038774782	0.882863038774782
AZD0530	ENSG00000006695	0.8827995363354628	0.8827995363354628	0.8827995363354628
AZD0530	ENSG00000072041	0.8827639065377254	0.8827639065377254	0.8827639065377254
AZD0530	ENSG00000095464	0.8826734290906425	0.8826734290906425	0.8826734290906425
AZD0530	LOC100506668	0.8825097148731623	0.8825097148731623	0.8825097148731623
AZD0530	ENSG00000073584	0.8823845144913751	0.8823845144913751	0.8823845144913751
AZD0530	ENSG00000111816	0.8823266623250322	0.8823266623250322	0.8823266623250322
AZD0530	C19orf79	0.8823019420474671	0.8823019420474671	0.8823019420474671
AZD0530	ENSG00000091010	0.8822970300778357	0.8822970300778357	0.8822970300778357
AZD0530	ENSG00000151062	0.8822404386667974	0.8822404386667974	0.8822404386667974
AZD0530	ENSG00000168476	0.8821269613201645	0.8821269613201645	0.8821269613201645
AZD0530	ENSG00000184672	0.8819146646660732	0.8819146646660732	0.8819146646660732
AZD0530	LRG_687	0.8819083689608113	0.8819083689608113	0.8819083689608113
AZD0530	ENSG00000173011	0.8818222536684509	0.8818222536684509	0.8818222536684509
AZD0530	ENSG00000135722	0.8817546450482143	0.8817546450482143	0.8817546450482143
AZD0530	ENSG00000105427	0.881629990876555	0.881629990876555	0.881629990876555
AZD0530	ENSG00000133243	0.881348694067698	0.881348694067698	0.881348694067698
AZD0530	ENSG00000125787	0.881317703293382	0.881317703293382	0.881317703293382
AZD0530	ENSG00000069812	0.8812656968692771	0.8812656968692771	0.8812656968692771
AZD0530	ENSG00000155367	0.8810712865024645	0.8810712865024645	0.8810712865024645
AZD0530	C19orf69	0.8810604127327611	0.8810604127327611	0.8810604127327611
AZD0530	ENSG00000135828	0.8809632592267364	0.8809632592267364	0.8809632592267364
AZD0530	ENSG00000147419	0.8807905202391466	0.8807905202391466	0.8807905202391466
AZD0530	ENSG00000205858	0.8807748600392089	0.8807748600392089	0.8807748600392089
AZD0530	ENSG00000241794	0.880734225796785	0.880734225796785	0.880734225796785
AZD0530	ENSG00000085999	0.8803654185325903	0.8803654185325903	0.8803654185325903
AZD0530	ENSG00000180210	0.880313127682386	0.880313127682386	0.880313127682386
AZD0530	ENSG00000033178	0.880180946797423	0.880180946797423	0.880180946797423
AZD0530	ENSG00000170439	0.8801747781737413	0.8801747781737413	0.8801747781737413
AZD0530	ENSG00000114779	0.8796286104297879	0.8796286104297879	0.8796286104297879
AZD0530	ENSG00000069849	0.8796121019856651	0.8796121019856651	0.8796121019856651
AZD0530	ENSG00000236014	0.8796022498531688	0.8796022498531688	0.8796022498531688
AZD0530	ENSG00000005022	0.8795205665684551	0.8795205665684551	0.8795205665684551
AZD0530	ENSG00000179979	0.8794650815793402	0.8794650815793402	0.8794650815793402
AZD0530	ENSG00000146926	0.8794559896171293	0.8794559896171293	0.8794559896171293
AZD0530	ENSG00000162894	0.8793882492791993	0.8793882492791993	0.8793882492791993
AZD0530	ENSG00000254440	0.8792455347367701	0.8792455347367701	0.8792455347367701
AZD0530	MGC24103	0.8791914150175668	0.8791914150175668	0.8791914150175668
AZD0530	ENSG00000169299	0.8790199907687036	0.8790199907687036	0.8790199907687036
AZD0530	LOC100127888	0.8787562119359228	0.8787562119359228	0.8787562119359228
AZD0530	C1orf129	0.8787431269261309	0.8787431269261309	0.8787431269261309
AZD0530	ENSG00000177706	0.8786511565837305	0.8786511565837305	0.8786511565837305
AZD0530	ENSG00000197083	0.8785825081541684	0.8785825081541684	0.8785825081541684
AZD0530	ENSG00000139780	0.8785537226278993	0.8785537226278993	0.8785537226278993
AZD0530	ENSG00000149806	0.8783482962234934	0.8783482962234934	0.8783482962234934
AZD0530	ENSG00000201407	0.8783253838776077	0.8783253838776077	0.8783253838776077
AZD0530	LRG_674	0.8783182647040586	0.8783182647040586	0.8783182647040586
AZD0530	ENSG00000148358	0.8783103941591038	0.8783103941591038	0.8783103941591038
AZD0530	LOC100507534	0.878267057230001	0.878267057230001	0.878267057230001
AZD0530	C6orf123	0.8782166277748475	0.8782166277748475	0.8782166277748475
AZD0530	ENSG00000092108	0.8781992411151607	0.8781992411151607	0.8781992411151607
AZD0530	ENSG00000114686	0.8781686325427769	0.8781686325427769	0.8781686325427769
AZD0530	LOC100507462	0.8780275506721316	0.8780275506721316	0.8780275506721316
AZD0530	ENSG00000102910	0.8779652673538392	0.8779652673538392	0.8779652673538392
AZD0530	ENSG00000180694	0.8779458255706984	0.8779458255706984	0.8779458255706984
AZD0530	C19orf63	0.8778263616504797	0.8778263616504797	0.8778263616504797
AZD0530	ENSG00000161031	0.8777577353573932	0.8777577353573932	0.8777577353573932
AZD0530	LOC254099	0.8777001751137128	0.8777001751137128	0.8777001751137128
AZD0530	LOC100506496	0.8774777000801505	0.8774777000801505	0.8774777000801505
AZD0530	ENSG00000155506	0.8770855007623313	0.8770855007623313	0.8770855007623313
AZD0530	ENSG00000107872	0.877068367507888	0.877068367507888	0.877068367507888
AZD0530	ENSG00000204138	0.8768988996297364	0.8768988996297364	0.8768988996297364
AZD0530	LOC100287765	0.8768720059763098	0.8768720059763098	0.8768720059763098
AZD0530	ENSG00000163568	0.8767530505673342	0.8767530505673342	0.8767530505673342
AZD0530	ENSG00000171497	0.8765547193152315	0.8765547193152315	0.8765547193152315
AZD0530	CTSL2	0.8764679221828144	0.8764679221828144	0.8764679221828144
AZD0530	ENSG00000133195	0.8764068628923127	0.8764068628923127	0.8764068628923127
AZD0530	ENSG00000140323	0.8763580748556764	0.8763580748556764	0.8763580748556764
AZD0530	ENSG00000070950	0.8762054315537396	0.8762054315537396	0.8762054315537396
AZD0530	ENSG00000198553	0.8761841564852183	0.8761841564852183	0.8761841564852183
AZD0530	ENSG00000161013	0.8760337607695365	0.8760337607695365	0.8760337607695365
AZD0530	ENSG00000164124	0.8759972249673978	0.8759972249673978	0.8759972249673978
AZD0530	ENSG00000113407	0.8758997604406242	0.8758997604406242	0.8758997604406242
AZD0530	ENSG00000116996	0.8758144495510968	0.8758144495510968	0.8758144495510968
AZD0530	ENSG00000159713	0.8758038680208156	0.8758038680208156	0.8758038680208156
AZD0530	ENSG00000104517	0.8756665308949161	0.8756665308949161	0.8756665308949161
AZD0530	ENSG00000063244	0.8756569399611596	0.8756569399611596	0.8756569399611596
AZD0530	ENSG00000143079	0.8755208579477161	0.8755208579477161	0.8755208579477161
AZD0530	ENSG00000145817	0.8754373341698413	0.8754373341698413	0.8754373341698413
AZD0530	ENSG00000115488	0.8750723406493068	0.8750723406493068	0.8750723406493068
AZD0530	ENSG00000143520	0.8748392269467662	0.8748392269467662	0.8748392269467662
AZD0530	LRG_505	0.8746225967178202	0.8746225967178202	0.8746225967178202
AZD0530	ENSG00000130052	0.8743948154275348	0.8743948154275348	0.8743948154275348
AZD0530	ENSG00000135441	0.8741582170385914	0.8741582170385914	0.8741582170385914
AZD0530	ENSG00000162598	0.8741467265785307	0.8741467265785307	0.8741467265785307
AZD0530	ENSG00000129514	0.8740655341174254	0.8740655341174254	0.8740655341174254
AZD0530	ENSG00000053108	0.8739196014873744	0.8739196014873744	0.8739196014873744
AZD0530	ENSG00000143612	0.8738644432975755	0.8738644432975755	0.8738644432975755
AZD0530	ENSG00000099337	0.8738305576834379	0.8738305576834379	0.8738305576834379
AZD0530	ENSG00000183621	0.8737412929260795	0.8737412929260795	0.8737412929260795
AZD0530	ENSG00000143771	0.8736962490244168	0.8736962490244168	0.8736962490244168
AZD0530	ENSG00000111696	0.8735567304138053	0.8735567304138053	0.8735567304138053
AZD0530	ENSG00000198522	0.8735130996559465	0.8735130996559465	0.8735130996559465
AZD0530	LOC644656	0.873163103577433	0.873163103577433	0.873163103577433
AZD0530	LOC400891	0.8728726436535231	0.8728726436535231	0.8728726436535231
AZD0530	ENSG00000278032	0.872852201047527	0.872852201047527	0.872852201047527
AZD0530	ENSG00000185009	0.8727285378937218	0.8727285378937218	0.8727285378937218
AZD0530	ENSG00000170835	0.8724831983850029	0.8724831983850029	0.8724831983850029
AZD0530	ENSG00000186847	0.8724808132726	0.8724808132726	0.8724808132726
AZD0530	ENSG00000248019	0.8723174053129453	0.8723174053129453	0.8723174053129453
AZD0530	ENSG00000235941	0.8722085203203287	0.8722085203203287	0.8722085203203287
AZD0530	ENSG00000197535	0.8721719772216527	0.8721719772216527	0.8721719772216527
AZD0530	ENSG00000224470	0.8720568396085816	0.8720568396085816	0.8720568396085816
AZD0530	LOC151760	0.8719922827785688	0.8719922827785688	0.8719922827785688
AZD0530	ENSG00000185813	0.8719494131207381	0.8719494131207381	0.8719494131207381
AZD0530	ENSG00000125652	0.8718407039503869	0.8718407039503869	0.8718407039503869
AZD0530	ENSG00000139835	0.8717769686851123	0.8717769686851123	0.8717769686851123
AZD0530	ENSG00000147485	0.871692827926275	0.871692827926275	0.871692827926275
AZD0530	ENSG00000178997	0.8713645097357521	0.8713645097357521	0.8713645097357521
AZD0530	ENSG00000134779	0.8712710398317549	0.8712710398317549	0.8712710398317549
AZD0530	ENSG00000169220	0.871266972561092	0.871266972561092	0.871266972561092
AZD0530	ENSG00000171847	0.8711670296307957	0.8711670296307957	0.8711670296307957
AZD0530	ENSG00000172086	0.871147287636617	0.871147287636617	0.871147287636617
AZD0530	ENSG00000135655	0.8710798292223031	0.8710798292223031	0.8710798292223031
AZD0530	ENSG00000169550	0.870918984503809	0.870918984503809	0.870918984503809
AZD0530	ENSG00000155463	0.8708597693624229	0.8708597693624229	0.8708597693624229
AZD0530	ENSG00000134757	0.8708086226777974	0.8708086226777974	0.8708086226777974
AZD0530	ENSG00000152766	0.8707791895380208	0.8707791895380208	0.8707791895380208
AZD0530	ENSG00000139624	0.8705860309242991	0.8705860309242991	0.8705860309242991
AZD0530	ENSG00000070540	0.8705837063903802	0.8705837063903802	0.8705837063903802
AZD0530	TMEM22	0.8705613496178435	0.8705613496178435	0.8705613496178435
AZD0530	ENSG00000136100	0.8701147556420212	0.8701147556420212	0.8701147556420212
AZD0530	ENSG00000180347	0.8699622649956564	0.8699622649956564	0.8699622649956564
AZD0530	ENSG00000178623	0.8698705888380786	0.8698705888380786	0.8698705888380786
AZD0530	ENSG00000169379	0.8696895753617955	0.8696895753617955	0.8696895753617955
AZD0530	ENSG00000150667	0.8696132639558937	0.8696132639558937	0.8696132639558937
AZD0530	ENSG00000198033	0.8695113218710888	0.8695113218710888	0.8695113218710888
AZD0530	ENSG00000122406	0.8694434810093942	0.8694434810093942	0.8694434810093942
AZD0530	ENSG00000175115	0.86920436090876	0.86920436090876	0.86920436090876
AZD0530	ENSG00000137656	0.8691930565939021	0.8691930565939021	0.8691930565939021
AZD0530	ENSG00000102312	0.8691324207880564	0.8691324207880564	0.8691324207880564
AZD0530	ENSG00000133393	0.86897096467154	0.86897096467154	0.86897096467154
AZD0530	ENSG00000052850	0.86894892727409	0.86894892727409	0.86894892727409
AZD0530	ENSG00000163749	0.8689121831650992	0.8689121831650992	0.8689121831650992
AZD0530	ENSG00000107223	0.8688614375365228	0.8688614375365228	0.8688614375365228
AZD0530	ENSG00000131165	0.8687657190971663	0.8687657190971663	0.8687657190971663
AZD0530	ENSG00000163739	0.8687650605590491	0.8687650605590491	0.8687650605590491
AZD0530	ENSG00000107669	0.868688930486531	0.868688930486531	0.868688930486531
AZD0530	ENSG00000182601	0.868645826347276	0.868645826347276	0.868645826347276
AZD0530	ENSG00000154162	0.8686103464307348	0.8686103464307348	0.8686103464307348
AZD0530	ENSG00000113504	0.8684748694183951	0.8684748694183951	0.8684748694183951
AZD0530	ENSG00000142449	0.8680520812895209	0.8680520812895209	0.8680520812895209
AZD0530	ENSG00000153902	0.867923235542289	0.867923235542289	0.867923235542289
AZD0530	LOC100289092	0.8679179651026002	0.8679179651026002	0.8679179651026002
AZD0530	ENSG00000243943	0.8678122982065392	0.8678122982065392	0.8678122982065392
AZD0530	ENSG00000118939	0.867720765597027	0.867720765597027	0.867720765597027
AZD0530	ENSG00000171199	0.8677055892015454	0.8677055892015454	0.8677055892015454
AZD0530	ENSG00000213694	0.8676906366110602	0.8676906366110602	0.8676906366110602
AZD0530	ENSG00000165462	0.867668091028296	0.867668091028296	0.867668091028296
AZD0530	ENSG00000121067	0.8676058428663185	0.8676058428663185	0.8676058428663185
AZD0530	ENSG00000164045	0.8675682719890948	0.8675682719890948	0.8675682719890948
AZD0530	ENSG00000102575	0.8675598811171891	0.8675598811171891	0.8675598811171891
AZD0530	ENSG00000138162	0.8672497750593542	0.8672497750593542	0.8672497750593542
AZD0530	ENSG00000198920	0.8671069680007275	0.8671069680007275	0.8671069680007275
AZD0530	ENSG00000145248	0.8671036509831322	0.8671036509831322	0.8671036509831322
AZD0530	ENSG00000079313	0.8669578152152179	0.8669578152152179	0.8669578152152179
AZD0530	ENSG00000092010	0.8669563710783099	0.8669563710783099	0.8669563710783099
AZD0530	ENSG00000130303	0.8669237866936113	0.8669237866936113	0.8669237866936113
AZD0530	LOC389043	0.8665511062829868	0.8665511062829868	0.8665511062829868
AZD0530	ENSG00000184178	0.866444655049004	0.866444655049004	0.866444655049004
AZD0530	ENSG00000072110	0.8664045082784	0.8664045082784	0.8664045082784
AZD0530	ENSG00000169469	0.8663136881273176	0.8663136881273176	0.8663136881273176
AZD0530	ENSG00000205937	0.8662920441303404	0.8662920441303404	0.8662920441303404
AZD0530	ENSG00000115252	0.8662574298330884	0.8662574298330884	0.8662574298330884
AZD0530	ENSG00000157303	0.8662338009404107	0.8662338009404107	0.8662338009404107
AZD0530	ENSG00000160299	0.8662131245284309	0.8662131245284309	0.8662131245284309
AZD0530	ENSG00000153982	0.8661691488247786	0.8661691488247786	0.8661691488247786
AZD0530	ENSG00000262919	0.8660476039374142	0.8660476039374142	0.8660476039374142
AZD0530	ENSG00000002834	0.8659371805214909	0.8659371805214909	0.8659371805214909
AZD0530	ENSG00000182632	0.8655441737886004	0.8655441737886004	0.8655441737886004
AZD0530	ENSG00000005436	0.8655287970994918	0.8655287970994918	0.8655287970994918
AZD0530	ENSG00000185033	0.8654616272196205	0.8654616272196205	0.8654616272196205
AZD0530	ENSG00000183798	0.8654600261412437	0.8654600261412437	0.8654600261412437
AZD0530	ENSG00000134363	0.8653204173162399	0.8653204173162399	0.8653204173162399
AZD0530	ENSG00000176774	0.8652934965943128	0.8652934965943128	0.8652934965943128
AZD0530	ENSG00000117408	0.8652749610409367	0.8652749610409367	0.8652749610409367
AZD0530	LOC100652994	0.8652163205756184	0.8652163205756184	0.8652163205756184
AZD0530	ENSG00000143373	0.8651634367334046	0.8651634367334046	0.8651634367334046
AZD0530	ENSG00000132744	0.8651430647267829	0.8651430647267829	0.8651430647267829
AZD0530	ENSG00000268471	0.8650092012365068	0.8650092012365068	0.8650092012365068
AZD0530	ENSG00000116030	0.8649164332524181	0.8649164332524181	0.8649164332524181
AZD0530	LOC100506377	0.8648520390478242	0.8648520390478242	0.8648520390478242
AZD0530	ENSG00000153993	0.864834493203987	0.864834493203987	0.864834493203987
AZD0530	ENSG00000123728	0.8647563393565273	0.8647563393565273	0.8647563393565273
AZD0530	LOC100128946	0.8646129681076392	0.8646129681076392	0.8646129681076392
AZD0530	ENSG00000180929	0.8644780790748642	0.8644780790748642	0.8644780790748642
AZD0530	ENSG00000162526	0.8644625015722033	0.8644625015722033	0.8644625015722033
AZD0530	ENSG00000116198	0.8644470975778741	0.8644470975778741	0.8644470975778741
AZD0530	ENSG00000154760	0.8643393121920931	0.8643393121920931	0.8643393121920931
AZD0530	ENSG00000142676	0.8643319495536188	0.8643319495536188	0.8643319495536188
AZD0530	ENSG00000138107	0.8642765953193438	0.8642765953193438	0.8642765953193438
AZD0530	ENSG00000070087	0.8642717506483351	0.8642717506483351	0.8642717506483351
AZD0530	ENSG00000138642	0.8641758403035855	0.8641758403035855	0.8641758403035855
AZD0530	ENSG00000266733	0.8636118022310245	0.8636118022310245	0.8636118022310245
AZD0530	ENSG00000100413	0.8635957415776284	0.8635957415776284	0.8635957415776284
AZD0530	ENSG00000183150	0.8634835128117498	0.8634835128117498	0.8634835128117498
AZD0530	FAM211B	0.8634415592478144	0.8634415592478144	0.8634415592478144
AZD0530	ENSG00000198914	0.8634391416363341	0.8634391416363341	0.8634391416363341
AZD0530	ENSG00000105989	0.8634000410583104	0.8634000410583104	0.8634000410583104
AZD0530	ENSG00000140511	0.8633499464152752	0.8633499464152752	0.8633499464152752
AZD0530	LRG_85	0.8632477295577415	0.8632477295577415	0.8632477295577415
AZD0530	ENSG00000113600	0.8630356280320484	0.8630356280320484	0.8630356280320484
AZD0530	ENSG00000105127	0.8630190163031476	0.8630190163031476	0.8630190163031476
AZD0530	ENSG00000111879	0.862874972595255	0.862874972595255	0.862874972595255
AZD0530	ENSG00000257341	0.8627701355594292	0.8627701355594292	0.8627701355594292
AZD0530	ENSG00000185386	0.8627446780839508	0.8627446780839508	0.8627446780839508
AZD0530	ENSG00000230797	0.8627025016293972	0.8627025016293972	0.8627025016293972
AZD0530	ENSG00000121775	0.8625126170037404	0.8625126170037404	0.8625126170037404
AZD0530	ENSG00000160703	0.8624909000828614	0.8624909000828614	0.8624909000828614
AZD0530	ENSG00000142207	0.8624728644183524	0.8624728644183524	0.8624728644183524
AZD0530	ENSG00000137814	0.8624542357860047	0.8624542357860047	0.8624542357860047
AZD0530	ENSG00000198758	0.8624472746699845	0.8624472746699845	0.8624472746699845
AZD0530	ENSG00000064989	0.8624215828035122	0.8624215828035122	0.8624215828035122
AZD0530	ENSG00000128607	0.8622492471166457	0.8622492471166457	0.8622492471166457
AZD0530	ENSG00000139842	0.8620710222417619	0.8620710222417619	0.8620710222417619
AZD0530	ENSG00000280641	0.8620143639072931	0.8620143639072931	0.8620143639072931
AZD0530	ENSG00000111254	0.8619139599189187	0.8619139599189187	0.8619139599189187
AZD0530	ENSG00000109686	0.8619057139388503	0.8619057139388503	0.8619057139388503
AZD0530	C1orf173	0.86188336922554	0.86188336922554	0.86188336922554
AZD0530	ENSG00000116830	0.8618139151524895	0.8618139151524895	0.8618139151524895
AZD0530	ENSG00000111291	0.8616205739838317	0.8616205739838317	0.8616205739838317
AZD0530	ENSG00000134256	0.8614395390244596	0.8614395390244596	0.8614395390244596
AZD0530	C19orf59	0.8613978572345018	0.8613978572345018	0.8613978572345018
AZD0530	ENSG00000178802	0.861156953959608	0.861156953959608	0.861156953959608
AZD0530	ENSG00000134758	0.8611300990392883	0.8611300990392883	0.8611300990392883
AZD0530	ENSG00000184009	0.8610704958824843	0.8610704958824843	0.8610704958824843
AZD0530	ENSG00000147677	0.8610418144597333	0.8610418144597333	0.8610418144597333
AZD0530	ENSG00000130822	0.8609750499434459	0.8609750499434459	0.8609750499434459
AZD0530	ENSG00000147872	0.8609576680405372	0.8609576680405372	0.8609576680405372
AZD0530	ENSG00000073536	0.8608517030078062	0.8608517030078062	0.8608517030078062
AZD0530	ENSG00000168748	0.8607800573770514	0.8607800573770514	0.8607800573770514
AZD0530	ENSG00000080839	0.8607156098535601	0.8607156098535601	0.8607156098535601
AZD0530	ENSG00000110237	0.8607022496703093	0.8607022496703093	0.8607022496703093
AZD0530	ENSG00000173540	0.8606646534258766	0.8606646534258766	0.8606646534258766
AZD0530	ENSG00000148187	0.8605390227315971	0.8605390227315971	0.8605390227315971
AZD0530	ENSG00000112699	0.8605333446726552	0.8605333446726552	0.8605333446726552
AZD0530	ENSG00000196422	0.8604229661815747	0.8604229661815747	0.8604229661815747
AZD0530	ENSG00000206449	0.8603306262603012	0.8603306262603012	0.8603306262603012
AZD0530	LRG_124	0.860193835353644	0.860193835353644	0.860193835353644
AZD0530	ENSG00000164418	0.8601378305537004	0.8601378305537004	0.8601378305537004
AZD0530	ENSG00000188517	0.8600849500762432	0.8600849500762432	0.8600849500762432
AZD0530	ENSG00000262731	0.8600386185473031	0.8600386185473031	0.8600386185473031
AZD0530	ENSG00000121351	0.8600059247934917	0.8600059247934917	0.8600059247934917
AZD0530	ENSG00000082516	0.859923026420795	0.859923026420795	0.859923026420795
AZD0530	ENSG00000158270	0.8597891168298505	0.8597891168298505	0.8597891168298505
AZD0530	ENSG00000151746	0.8597653688459811	0.8597653688459811	0.8597653688459811
AZD0530	ENSG00000171729	0.8596807085075178	0.8596807085075178	0.8596807085075178
AZD0530	LOC338963	0.8596693020537125	0.8596693020537125	0.8596693020537125
AZD0530	ENSG00000107566	0.8596383513103948	0.8596383513103948	0.8596383513103948
AZD0530	ENSG00000167904	0.8595845751860993	0.8595845751860993	0.8595845751860993
AZD0530	ENSG00000197045	0.8595605851684728	0.8595605851684728	0.8595605851684728
AZD0530	ENSG00000196565	0.8591504150813607	0.8591504150813607	0.8591504150813607
AZD0530	ENSG00000157653	0.8591248837096148	0.8591248837096148	0.8591248837096148
AZD0530	ENSG00000053372	0.8591005743830659	0.8591005743830659	0.8591005743830659
AZD0530	ENSG00000119013	0.8588947381769556	0.8588947381769556	0.8588947381769556
AZD0530	LOC286059	0.8588939485073713	0.8588939485073713	0.8588939485073713
AZD0530	ENSG00000169896	0.8587024438763019	0.8587024438763019	0.8587024438763019
AZD0530	ENSG00000154736	0.8586003448599946	0.8586003448599946	0.8586003448599946
AZD0530	ENSG00000142949	0.8584558278579013	0.8584558278579013	0.8584558278579013
AZD0530	ENSG00000173531	0.8584069756375897	0.8584069756375897	0.8584069756375897
AZD0530	ENSG00000184166	0.8581173160229764	0.8581173160229764	0.8581173160229764
AZD0530	ENSG00000165156	0.8580561697190882	0.8580561697190882	0.8580561697190882
AZD0530	ENSG00000135070	0.857861322907693	0.857861322907693	0.857861322907693
AZD0530	LOC643923	0.8577921270719024	0.8577921270719024	0.8577921270719024
AZD0530	ENSG00000254093	0.8577537303821978	0.8577537303821978	0.8577537303821978
AZD0530	ENSG00000079102	0.8576189464268854	0.8576189464268854	0.8576189464268854
AZD0530	ENSG00000212122	0.8571444535600917	0.8571444535600917	0.8571444535600917
AZD0530	ENSG00000175782	0.8571210990621732	0.8571210990621732	0.8571210990621732
AZD0530	ENSG00000170876	0.8571184444564502	0.8571184444564502	0.8571184444564502
AZD0530	ENSG00000171864	0.857044708134187	0.857044708134187	0.857044708134187
AZD0530	ENSG00000186298	0.8567229409932627	0.8567229409932627	0.8567229409932627
AZD0530	ENSG00000168116	0.856566659379725	0.856566659379725	0.856566659379725
AZD0530	SPINLW1	0.8562851480862848	0.8562851480862848	0.8562851480862848
AZD0530	ENSG00000186010	0.8562618839236134	0.8562618839236134	0.8562618839236134
AZD0530	ENSG00000236384	0.8562203293803609	0.8562203293803609	0.8562203293803609
AZD0530	ENSG00000198162	0.8561267897744405	0.8561267897744405	0.8561267897744405
AZD0530	ENSG00000187726	0.8560230323923482	0.8560230323923482	0.8560230323923482
AZD0530	ENSG00000137434	0.8559335050778809	0.8559335050778809	0.8559335050778809
AZD0530	ENSG00000184697	0.8558793277294608	0.8558793277294608	0.8558793277294608
AZD0530	ENSG00000156414	0.8558762807976871	0.8558762807976871	0.8558762807976871
AZD0530	ENSG00000225937	0.8558558891162397	0.8558558891162397	0.8558558891162397
AZD0530	ENSG00000189292	0.8557818662257962	0.8557818662257962	0.8557818662257962
AZD0530	ENSG00000135698	0.8557801756827401	0.8557801756827401	0.8557801756827401
AZD0530	ENSG00000169188	0.8557278359375521	0.8557278359375521	0.8557278359375521
AZD0530	ENSG00000134200	0.8557081765139852	0.8557081765139852	0.8557081765139852
AZD0530	ENSG00000057663	0.8555252676112999	0.8555252676112999	0.8555252676112999
AZD0530	ENSG00000142192	0.8553197905415215	0.8553197905415215	0.8553197905415215
AZD0530	ENSG00000180263	0.8551814918203552	0.8551814918203552	0.8551814918203552
AZD0530	ENSG00000179094	0.8549519050777962	0.8549519050777962	0.8549519050777962
AZD0530	ENSG00000163510	0.8549226490563964	0.8549226490563964	0.8549226490563964
AZD0530	ENSG00000175820	0.8548643665117248	0.8548643665117248	0.8548643665117248
AZD0530	ENSG00000131435	0.854782757899115	0.854782757899115	0.854782757899115
AZD0530	C19orf76	0.8547337322167079	0.8547337322167079	0.8547337322167079
AZD0530	ENSG00000149308	0.8546582087161411	0.8546582087161411	0.8546582087161411
AZD0530	ENSG00000205426	0.8545370087409324	0.8545370087409324	0.8545370087409324
AZD0530	ENSG00000171860	0.8545017626589997	0.8545017626589997	0.8545017626589997
AZD0530	LOC728052	0.8543000231212864	0.8543000231212864	0.8543000231212864
AZD0530	ENSG00000143801	0.8542496338189798	0.8542496338189798	0.8542496338189798
AZD0530	LOC440356	0.8540438570230741	0.8540438570230741	0.8540438570230741
AZD0530	ENSG00000136928	0.8540319815370765	0.8540319815370765	0.8540319815370765
AZD0530	ENSG00000139163	0.8539767316558162	0.8539767316558162	0.8539767316558162
AZD0530	LRG_189	0.8539671606247998	0.8539671606247998	0.8539671606247998
AZD0530	ENSG00000241878	0.8538384961647342	0.8538384961647342	0.8538384961647342
AZD0530	ENSG00000091844	0.8536732477224384	0.8536732477224384	0.8536732477224384
AZD0530	ENSG00000198157	0.8535749703533705	0.8535749703533705	0.8535749703533705
AZD0530	ENSG00000147003	0.8535478948575803	0.8535478948575803	0.8535478948575803
AZD0530	ENSG00000126890	0.8533012945288553	0.8533012945288553	0.8533012945288553
AZD0530	ENSG00000100285	0.853016075347081	0.853016075347081	0.853016075347081
AZD0530	ENSG00000123407	0.8529411823654721	0.8529411823654721	0.8529411823654721
AZD0530	LOC283856	0.8528269217827771	0.8528269217827771	0.8528269217827771
AZD0530	ENSG00000119913	0.8527482970284228	0.8527482970284228	0.8527482970284228
AZD0530	ENSG00000066827	0.8526638204164647	0.8526638204164647	0.8526638204164647
AZD0530	LOC100289255	0.8525525076518669	0.8525525076518669	0.8525525076518669
AZD0530	ENSG00000163295	0.8524363230235615	0.8524363230235615	0.8524363230235615
AZD0530	ENSG00000107859	0.8523957101466906	0.8523957101466906	0.8523957101466906
AZD0530	ENSG00000104918	0.8523313347913573	0.8523313347913573	0.8523313347913573
AZD0530	AAA1	0.8522100405049818	0.8522100405049818	0.8522100405049818
AZD0530	KIAA1751	0.8521704805263307	0.8521704805263307	0.8521704805263307
AZD0530	ENSG00000169084	0.8521050785757384	0.8521050785757384	0.8521050785757384
AZD0530	ENSG00000174938	0.8519001115235821	0.8519001115235821	0.8519001115235821
AZD0530	ENSG00000123064	0.8515209409896735	0.8515209409896735	0.8515209409896735
AZD0530	ENSG00000165588	0.8513476072678781	0.8513476072678781	0.8513476072678781
AZD0530	ENSG00000110881	0.8512018284896796	0.8512018284896796	0.8512018284896796
AZD0530	ENSG00000105879	0.8509595697001288	0.8509595697001288	0.8509595697001288
AZD0530	ENSG00000188818	0.8508744282272842	0.8508744282272842	0.8508744282272842
AZD0530	ENSG00000180383	0.8506874196823011	0.8506874196823011	0.8506874196823011
AZD0530	ITGB1BP3	0.8506167481808279	0.8506167481808279	0.8506167481808279
AZD0530	LOC100506016	0.8505767329012875	0.8505767329012875	0.8505767329012875
AZD0530	ENSG00000149564	0.8505354543958233	0.8505354543958233	0.8505354543958233
AZD0530	ENSG00000135480	0.8504180025290828	0.8504180025290828	0.8504180025290828
AZD0530	ENSG00000132423	0.850404378373192	0.850404378373192	0.850404378373192
AZD0530	ENSG00000160349	0.8503949149989324	0.8503949149989324	0.8503949149989324
AZD0530	ENSG00000128886	0.8502821099525102	0.8502821099525102	0.8502821099525102
AZD0530	ENSG00000130829	0.8497679824560276	0.8497679824560276	0.8497679824560276
AZD0530	ENSG00000150990	0.8497468224931801	0.8497468224931801	0.8497468224931801
AZD0530	ENSG00000281398	0.8497274243690143	0.8497274243690143	0.8497274243690143
AZD0530	ENSG00000177301	0.849471269237946	0.849471269237946	0.849471269237946
AZD0530	ENSG00000112818	0.849447912292919	0.849447912292919	0.849447912292919
AZD0530	ENSG00000151353	0.849424591347945	0.849424591347945	0.849424591347945
AZD0530	ENSG00000072182	0.8493475548394075	0.8493475548394075	0.8493475548394075
AZD0530	ENSG00000077549	0.8492447106267799	0.8492447106267799	0.8492447106267799
AZD0530	ENSG00000162849	0.8491896185244733	0.8491896185244733	0.8491896185244733
AZD0530	ENSG00000178233	0.8490721118062442	0.8490721118062442	0.8490721118062442
AZD0530	ENSG00000130254	0.8489565128280312	0.8489565128280312	0.8489565128280312
AZD0530	ENSG00000213022	0.8487756471772764	0.8487756471772764	0.8487756471772764
AZD0530	ENSG00000186184	0.848717708434566	0.848717708434566	0.848717708434566
AZD0530	ENSG00000164164	0.8486779354557665	0.8486779354557665	0.8486779354557665
AZD0530	ENSG00000229236	0.8486439044717735	0.8486439044717735	0.8486439044717735
AZD0530	ENSG00000152377	0.8486411242527684	0.8486411242527684	0.8486411242527684
AZD0530	ENSG00000152785	0.848598152057784	0.848598152057784	0.848598152057784
AZD0530	ENSG00000160185	0.8485962965071858	0.8485962965071858	0.8485962965071858
AZD0530	LOC201617	0.8485761011201656	0.8485761011201656	0.8485761011201656
AZD0530	LRG_186	0.8483748898889799	0.8483748898889799	0.8483748898889799
AZD0530	ENSG00000123096	0.8482880140735543	0.8482880140735543	0.8482880140735543
AZD0530	LOC338588	0.8479095809693592	0.8479095809693592	0.8479095809693592
AZD0530	ENSG00000129167	0.8478042766282357	0.8478042766282357	0.8478042766282357
AZD0530	C9orf11	0.8476507300622912	0.8476507300622912	0.8476507300622912
AZD0530	ENSG00000092200	0.8475959110474511	0.8475959110474511	0.8475959110474511
AZD0530	ENSG00000177479	0.8475587549028157	0.8475587549028157	0.8475587549028157
AZD0530	ENSG00000084693	0.8474602318484795	0.8474602318484795	0.8474602318484795
AZD0530	ENSG00000108582	0.8474570769760413	0.8474570769760413	0.8474570769760413
AZD0530	ENSG00000136048	0.8473737917249132	0.8473737917249132	0.8473737917249132
AZD0530	LOC100507634	0.8472925967609568	0.8472925967609568	0.8472925967609568
AZD0530	ENSG00000186907	0.8471877019684831	0.8471877019684831	0.8471877019684831
AZD0530	ENSG00000112514	0.847045120095964	0.847045120095964	0.847045120095964
AZD0530	ENSG00000105372	0.8470273841494491	0.8470273841494491	0.8470273841494491
AZD0530	ENSG00000133488	0.8469159023769969	0.8469159023769969	0.8469159023769969
AZD0530	ENSG00000141252	0.846850356000469	0.846850356000469	0.846850356000469
AZD0530	FLJ20712	0.8468012374640875	0.8468012374640875	0.8468012374640875
AZD0530	ENSG00000152931	0.8465782754349762	0.8465782754349762	0.8465782754349762
AZD0530	ENSG00000134463	0.8465424644623775	0.8465424644623775	0.8465424644623775
AZD0530	ENSG00000172465	0.8465418526855526	0.8465418526855526	0.8465418526855526
AZD0530	LRG_511	0.846482861338427	0.846482861338427	0.846482861338427
AZD0530	LOC100505685	0.8464765507931449	0.8464765507931449	0.8464765507931449
AZD0530	ENSG00000132963	0.8460590671298944	0.8460590671298944	0.8460590671298944
AZD0530	ENSG00000126067	0.8458284535463059	0.8458284535463059	0.8458284535463059
AZD0530	ENSG00000119917	0.8458104575822761	0.8458104575822761	0.8458104575822761
AZD0530	ENSG00000152642	0.8458011702304719	0.8458011702304719	0.8458011702304719
AZD0530	ENSG00000144791	0.8457074069575029	0.8457074069575029	0.8457074069575029
AZD0530	ENSG00000113141	0.8456851272578184	0.8456851272578184	0.8456851272578184
AZD0530	ENSG00000197622	0.8456231938048551	0.8456231938048551	0.8456231938048551
AZD0530	ENSG00000113140	0.8454668692757755	0.8454668692757755	0.8454668692757755
AZD0530	ENSG00000189184	0.8454319692822277	0.8454319692822277	0.8454319692822277
AZD0530	ENSG00000103061	0.8454018998853082	0.8454018998853082	0.8454018998853082
AZD0530	ENSG00000112029	0.8453144295882331	0.8453144295882331	0.8453144295882331
AZD0530	ENSG00000181722	0.8452912162395163	0.8452912162395163	0.8452912162395163
AZD0530	ENSG00000196670	0.8452535995619502	0.8452535995619502	0.8452535995619502
AZD0530	ENSG00000136273	0.8451294315899764	0.8451294315899764	0.8451294315899764
AZD0530	LOC100130855	0.845017860582187	0.845017860582187	0.845017860582187
AZD0530	ENSG00000102893	0.8448913724654248	0.8448913724654248	0.8448913724654248
AZD0530	ENSG00000133597	0.844828767504271	0.844828767504271	0.844828767504271
AZD0530	LOC100507025	0.8447695761479678	0.8447695761479678	0.8447695761479678
AZD0530	ENSG00000104866	0.8443890603068454	0.8443890603068454	0.8443890603068454
AZD0530	ENSG00000197165	0.8443497714923355	0.8443497714923355	0.8443497714923355
AZD0530	ENSG00000071127	0.8443232957422155	0.8443232957422155	0.8443232957422155
AZD0530	ENSG00000117400	0.844268869515031	0.844268869515031	0.844268869515031
AZD0530	LRG_309	0.8442104192871813	0.8442104192871813	0.8442104192871813
AZD0530	ENSG00000067836	0.8441734467010725	0.8441734467010725	0.8441734467010725
AZD0530	ENSG00000111404	0.8441541694608274	0.8441541694608274	0.8441541694608274
AZD0530	ENSG00000100346	0.8440889100038569	0.8440889100038569	0.8440889100038569
AZD0530	LOC100652950	0.8440156266247321	0.8440156266247321	0.8440156266247321
AZD0530	ENSG00000138621	0.8440118980779415	0.8440118980779415	0.8440118980779415
AZD0530	LOC100507562	0.8439796253713653	0.8439796253713653	0.8439796253713653
AZD0530	LOC100128554	0.8439702830945965	0.8439702830945965	0.8439702830945965
AZD0530	ENSG00000197448	0.8439356738795614	0.8439356738795614	0.8439356738795614
AZD0530	ENSG00000100299	0.8438970719848704	0.8438970719848704	0.8438970719848704
AZD0530	LOC100507086	0.8437694298883391	0.8437694298883391	0.8437694298883391
AZD0530	ENSG00000101391	0.8436710715257186	0.8436710715257186	0.8436710715257186
AZD0530	ENSG00000101916	0.8436330795135517	0.8436330795135517	0.8436330795135517
AZD0530	ENSG00000198355	0.8434354433945727	0.8434354433945727	0.8434354433945727
AZD0530	ENSG00000269343	0.8433253755222054	0.8433253755222054	0.8433253755222054
AZD0530	ENSG00000196510	0.8429556299651564	0.8429556299651564	0.8429556299651564
AZD0530	ENSG00000090554	0.8428282295113833	0.8428282295113833	0.8428282295113833
AZD0530	ENSG00000116459	0.8427783056215609	0.8427783056215609	0.8427783056215609
AZD0530	ENSG00000148840	0.8426969909575145	0.8426969909575145	0.8426969909575145
AZD0530	ENSG00000089597	0.8425971362620052	0.8425971362620052	0.8425971362620052
AZD0530	ENSG00000049089	0.8425032002640203	0.8425032002640203	0.8425032002640203
AZD0530	ENSG00000079263	0.8423359650430732	0.8423359650430732	0.8423359650430732
AZD0530	ENSG00000172009	0.8419617584807856	0.8419617584807856	0.8419617584807856
AZD0530	LOC283624	0.841872924834253	0.841872924834253	0.841872924834253
AZD0530	ENSG00000174791	0.8418558088201943	0.8418558088201943	0.8418558088201943
AZD0530	ENSG00000220201	0.8417402366811824	0.8417402366811824	0.8417402366811824
AZD0530	ENSG00000080200	0.8415391238784379	0.8415391238784379	0.8415391238784379
AZD0530	ENSG00000177192	0.8413738807293305	0.8413738807293305	0.8413738807293305
AZD0530	ENSG00000204856	0.841236214768687	0.841236214768687	0.841236214768687
AZD0530	ENSG00000112893	0.8410596909964478	0.8410596909964478	0.8410596909964478
AZD0530	ENSG00000013374	0.8409894324946707	0.8409894324946707	0.8409894324946707
AZD0530	LRG_462	0.8408913944210645	0.8408913944210645	0.8408913944210645
AZD0530	ENSG00000164975	0.8407792392836406	0.8407792392836406	0.8407792392836406
AZD0530	ENSG00000185988	0.8407080865812925	0.8407080865812925	0.8407080865812925
AZD0530	ENSG00000121297	0.8405546198828615	0.8405546198828615	0.8405546198828615
AZD0530	ENSG00000173578	0.8405317250716214	0.8405317250716214	0.8405317250716214
AZD0530	ENSG00000119411	0.8404464202137129	0.8404464202137129	0.8404464202137129
AZD0530	ACPL2	0.8404152736204534	0.8404152736204534	0.8404152736204534
AZD0530	ENSG00000170469	0.8404046460011265	0.8404046460011265	0.8404046460011265
AZD0530	ENSG00000150281	0.8403317030619522	0.8403317030619522	0.8403317030619522
AZD0530	ENSG00000187372	0.8402714262455079	0.8402714262455079	0.8402714262455079
AZD0530	ENSG00000003147	0.8400296985917173	0.8400296985917173	0.8400296985917173
AZD0530	ENSG00000057657	0.8398176781932061	0.8398176781932061	0.8398176781932061
AZD0530	ENSG00000165886	0.8396297532209468	0.8396297532209468	0.8396297532209468
AZD0530	ENSG00000166135	0.8396230350955769	0.8396230350955769	0.8396230350955769
AZD0530	ENSG00000123505	0.8394366634215686	0.8394366634215686	0.8394366634215686
AZD0530	ENSG00000101439	0.8393707633129774	0.8393707633129774	0.8393707633129774
AZD0530	ENSG00000248228	0.8393668883927817	0.8393668883927817	0.8393668883927817
AZD0530	ENSG00000162441	0.838998216475173	0.838998216475173	0.838998216475173
AZD0530	ENSG00000103316	0.838988349074414	0.838988349074414	0.838988349074414
AZD0530	ENSG00000108700	0.838944024686857	0.838944024686857	0.838944024686857
AZD0530	ENSG00000133422	0.8388402406528793	0.8388402406528793	0.8388402406528793
AZD0530	ENSG00000080189	0.8387542369291091	0.8387542369291091	0.8387542369291091
AZD0530	ENSG00000170180	0.8387221369820291	0.8387221369820291	0.8387221369820291
AZD0530	LOC100506484	0.838640265582734	0.838640265582734	0.838640265582734
AZD0530	ENSG00000140876	0.8386192652728266	0.8386192652728266	0.8386192652728266
AZD0530	ENSG00000185974	0.8384925044135824	0.8384925044135824	0.8384925044135824
AZD0530	GLTPD1	0.8384055438241521	0.8384055438241521	0.8384055438241521
AZD0530	ENSG00000166246	0.8384026552298225	0.8384026552298225	0.8384026552298225
AZD0530	ENSG00000113722	0.8382804177658797	0.8382804177658797	0.8382804177658797
AZD0530	ENSG00000169251	0.8382073038128833	0.8382073038128833	0.8382073038128833
AZD0530	C10orf116	0.838035934491114	0.838035934491114	0.838035934491114
AZD0530	ENSG00000198015	0.8379521203919396	0.8379521203919396	0.8379521203919396
AZD0530	ENSG00000100029	0.8379454454404595	0.8379454454404595	0.8379454454404595
AZD0530	ENSG00000173153	0.8379170943502483	0.8379170943502483	0.8379170943502483
AZD0530	ENSG00000173465	0.8376015418508966	0.8376015418508966	0.8376015418508966
AZD0530	ENSG00000211891	0.8375152383317606	0.8375152383317606	0.8375152383317606
AZD0530	LOC100506922	0.8374577543541858	0.8374577543541858	0.8374577543541858
AZD0530	ENSG00000087589	0.8373487139286068	0.8373487139286068	0.8373487139286068
AZD0530	ENSG00000153201	0.8373251036920283	0.8373251036920283	0.8373251036920283
AZD0530	C18orf62	0.8372678068816672	0.8372678068816672	0.8372678068816672
AZD0530	ENSG00000173338	0.8372087757523249	0.8372087757523249	0.8372087757523249
AZD0530	ENSG00000108511	0.8371815798662015	0.8371815798662015	0.8371815798662015
AZD0530	ENSG00000145192	0.8370595289343941	0.8370595289343941	0.8370595289343941
AZD0530	ENSG00000110888	0.8368946067661804	0.8368946067661804	0.8368946067661804
AZD0530	ENSG00000132294	0.8367280680902222	0.8367280680902222	0.8367280680902222
AZD0530	ENSG00000112110	0.8365434639087509	0.8365434639087509	0.8365434639087509
AZD0530	ENSG00000171827	0.8364622888425787	0.8364622888425787	0.8364622888425787
AZD0530	ENSG00000109576	0.8363514962805276	0.8363514962805276	0.8363514962805276
AZD0530	SC5DL	0.8363347726128936	0.8363347726128936	0.8363347726128936
AZD0530	ENSG00000110046	0.8362939414953406	0.8362939414953406	0.8362939414953406
AZD0530	ENSG00000087274	0.8362592822085624	0.8362592822085624	0.8362592822085624
AZD0530	ENSG00000184432	0.8362309109705703	0.8362309109705703	0.8362309109705703
AZD0530	ENSG00000185306	0.8361717747711029	0.8361717747711029	0.8361717747711029
AZD0530	ENSG00000196411	0.836100654143497	0.836100654143497	0.836100654143497
AZD0530	LOC100507024	0.8359348363525424	0.8359348363525424	0.8359348363525424
AZD0530	ENSG00000064687	0.8359080253150144	0.8359080253150144	0.8359080253150144
AZD0530	ENSG00000154727	0.8359013493361674	0.8359013493361674	0.8359013493361674
AZD0530	C15orf60	0.8357089310217736	0.8357089310217736	0.8357089310217736
AZD0530	ENSG00000196605	0.8356348897215226	0.8356348897215226	0.8356348897215226
AZD0530	ENSG00000108381	0.8355041044720544	0.8355041044720544	0.8355041044720544
AZD0530	ENSG00000174365	0.8354980816188806	0.8354980816188806	0.8354980816188806
AZD0530	ENSG00000148737	0.8353715894075913	0.8353715894075913	0.8353715894075913
AZD0530	ENSG00000163071	0.8351136019205891	0.8351136019205891	0.8351136019205891
AZD0530	ENSG00000175221	0.8350810953748568	0.8350810953748568	0.8350810953748568
AZD0530	ENSG00000163251	0.8350462463667981	0.8350462463667981	0.8350462463667981
AZD0530	ENSG00000132386	0.8350451609398819	0.8350451609398819	0.8350451609398819
AZD0530	ENSG00000223776	0.8349893339632347	0.8349893339632347	0.8349893339632347
AZD0530	ENSG00000176894	0.8349483817034656	0.8349483817034656	0.8349483817034656
AZD0530	ENSG00000006453	0.8346978063498727	0.8346978063498727	0.8346978063498727
AZD0530	ENSG00000154358	0.8346033726047127	0.8346033726047127	0.8346033726047127
AZD0530	ENSG00000182253	0.8345325820198463	0.8345325820198463	0.8345325820198463
AZD0530	ENSG00000089050	0.8345077419488822	0.8345077419488822	0.8345077419488822
AZD0530	LOC100507299	0.8343794002488073	0.8343794002488073	0.8343794002488073
AZD0530	ENSG00000125384	0.8343395988532386	0.8343395988532386	0.8343395988532386
AZD0530	ENSG00000138686	0.8342610097893665	0.8342610097893665	0.8342610097893665
AZD0530	ENSG00000276876	0.8341043481820396	0.8341043481820396	0.8341043481820396
AZD0530	ENSG00000112242	0.833837193968675	0.833837193968675	0.833837193968675
AZD0530	LOC100505697	0.8337333054026139	0.8337333054026139	0.8337333054026139
AZD0530	ENSG00000125122	0.833574612739609	0.833574612739609	0.833574612739609
AZD0530	ENSG00000136169	0.8334457874262563	0.8334457874262563	0.8334457874262563
AZD0530	ENSG00000117543	0.8333750030672269	0.8333750030672269	0.8333750030672269
AZD0530	ENSG00000108826	0.83308197515317	0.83308197515317	0.83308197515317
AZD0530	ENSG00000113889	0.832995591830104	0.832995591830104	0.832995591830104
AZD0530	ENSG00000274887	0.8325088280137736	0.8325088280137736	0.8325088280137736
AZD0530	ENSG00000253305	0.8323653880117531	0.8323653880117531	0.8323653880117531
AZD0530	ENSG00000184792	0.8322789086424832	0.8322789086424832	0.8322789086424832
AZD0530	C11orf35	0.8320774616876391	0.8320774616876391	0.8320774616876391
AZD0530	ENSG00000157423	0.8318382802008992	0.8318382802008992	0.8318382802008992
AZD0530	LOC100507486	0.831819846671262	0.831819846671262	0.831819846671262
AZD0530	LOC646576	0.8317736586427857	0.8317736586427857	0.8317736586427857
AZD0530	ENSG00000177990	0.8317726892189381	0.8317726892189381	0.8317726892189381
AZD0530	ENSG00000138385	0.8315230869695237	0.8315230869695237	0.8315230869695237
AZD0530	ENSG00000166839	0.831422175897579	0.831422175897579	0.831422175897579
AZD0530	ENSG00000086696	0.8313532139774386	0.8313532139774386	0.8313532139774386
AZD0530	ENSG00000168710	0.8312737790353653	0.8312737790353653	0.8312737790353653
AZD0530	LOC100506930	0.8311426718576503	0.8311426718576503	0.8311426718576503
AZD0530	ENSG00000163520	0.8306609718177419	0.8306609718177419	0.8306609718177419
AZD0530	ENSG00000102144	0.8306245907928634	0.8306245907928634	0.8306245907928634
AZD0530	ENSG00000140043	0.830540244736706	0.830540244736706	0.830540244736706
AZD0530	LOC100127891	0.8301726404042273	0.8301726404042273	0.8301726404042273
AZD0530	ENSG00000198862	0.8300490884605869	0.8300490884605869	0.8300490884605869
AZD0530	LRG_158	0.8299306549876349	0.8299306549876349	0.8299306549876349
AZD0530	ENSG00000072840	0.829694848823318	0.829694848823318	0.829694848823318
AZD0530	ENSG00000174292	0.8294752944689183	0.8294752944689183	0.8294752944689183
AZD0530	ENSG00000136874	0.8292708209026	0.8292708209026	0.8292708209026
AZD0530	ENSG00000168612	0.8292486094919671	0.8292486094919671	0.8292486094919671
AZD0530	ENSG00000135899	0.8291965995133175	0.8291965995133175	0.8291965995133175
AZD0530	ENSG00000008710	0.8291602802492661	0.8291602802492661	0.8291602802492661
AZD0530	ENSG00000163207	0.8290306439093911	0.8290306439093911	0.8290306439093911
AZD0530	ENSG00000124201	0.8289181415574645	0.8289181415574645	0.8289181415574645
AZD0530	ENSG00000165828	0.8288700648114282	0.8288700648114282	0.8288700648114282
AZD0530	LRG_621	0.8288630229845966	0.8288630229845966	0.8288630229845966
AZD0530	ENSG00000142733	0.8288434959324016	0.8288434959324016	0.8288434959324016
AZD0530	ENSG00000184650	0.8288013152050216	0.8288013152050216	0.8288013152050216
AZD0530	ENSG00000166582	0.8287551815902711	0.8287551815902711	0.8287551815902711
AZD0530	CCDC41	0.8286907254688448	0.8286907254688448	0.8286907254688448
AZD0530	ENSG00000156509	0.8283673472525046	0.8283673472525046	0.8283673472525046
AZD0530	ENSG00000151779	0.8282467733287407	0.8282467733287407	0.8282467733287407
AZD0530	ENSG00000135903	0.8282346245344115	0.8282346245344115	0.8282346245344115
AZD0530	ENSG00000112365	0.8281817535632864	0.8281817535632864	0.8281817535632864
AZD0530	ENSG00000111786	0.828146368104582	0.828146368104582	0.828146368104582
AZD0530	ENSG00000177694	0.8279595163807668	0.8279595163807668	0.8279595163807668
AZD0530	ENSG00000092470	0.8279534595534433	0.8279534595534433	0.8279534595534433
AZD0530	ENSG00000270641	0.8279442281143196	0.8279442281143196	0.8279442281143196
AZD0530	ENSG00000067334	0.8277858562574185	0.8277858562574185	0.8277858562574185
AZD0530	ENSG00000152127	0.827775789164983	0.827775789164983	0.827775789164983
AZD0530	ENSG00000106443	0.8272123057787303	0.8272123057787303	0.8272123057787303
AZD0530	ENSG00000175189	0.827090206749507	0.827090206749507	0.827090206749507
AZD0530	ENSG00000113811	0.8270811493033617	0.8270811493033617	0.8270811493033617
AZD0530	ENSG00000120519	0.8269278144830705	0.8269278144830705	0.8269278144830705
AZD0530	ENSG00000132297	0.8268860330632241	0.8268860330632241	0.8268860330632241
AZD0530	ENSG00000163950	0.8267173702607995	0.8267173702607995	0.8267173702607995
AZD0530	ENSG00000130675	0.8265501597753514	0.8265501597753514	0.8265501597753514
AZD0530	ENSG00000198087	0.8265288523343918	0.8265288523343918	0.8265288523343918
AZD0530	ENSG00000203667	0.8264651456244828	0.8264651456244828	0.8264651456244828
AZD0530	ENSG00000160679	0.8263676997797352	0.8263676997797352	0.8263676997797352
AZD0530	ENSG00000213533	0.8263526889258688	0.8263526889258688	0.8263526889258688
AZD0530	LOC100129597	0.8262960012230158	0.8262960012230158	0.8262960012230158
AZD0530	LOC144571	0.826233176945309	0.826233176945309	0.826233176945309
AZD0530	IL28A	0.8261877287972783	0.8261877287972783	0.8261877287972783
AZD0530	ENSG00000233418	0.8261252028923489	0.8261252028923489	0.8261252028923489
AZD0530	LOC729013	0.8259824240188154	0.8259824240188154	0.8259824240188154
AZD0530	ENSG00000068489	0.8259369598461139	0.8259369598461139	0.8259369598461139
AZD0530	ENSG00000159788	0.8258547024728756	0.8258547024728756	0.8258547024728756
AZD0530	ENSG00000135913	0.825822134609368	0.825822134609368	0.825822134609368
AZD0530	ENSG00000105419	0.825716625476406	0.825716625476406	0.825716625476406
AZD0530	ENSG00000144741	0.8257077130402676	0.8257077130402676	0.8257077130402676
AZD0530	ENSG00000116138	0.825707166249086	0.825707166249086	0.825707166249086
AZD0530	ENSG00000105552	0.8255848527579137	0.8255848527579137	0.8255848527579137
AZD0530	ENSG00000259207	0.8254904336970005	0.8254904336970005	0.8254904336970005
AZD0530	ENSG00000140718	0.8254861484270521	0.8254861484270521	0.8254861484270521
AZD0530	ENSG00000267673	0.8252378310427763	0.8252378310427763	0.8252378310427763
AZD0530	ENSG00000036448	0.8252026548790056	0.8252026548790056	0.8252026548790056
AZD0530	ENSG00000160505	0.8249366761362393	0.8249366761362393	0.8249366761362393
AZD0530	ENSG00000163596	0.8248159854513376	0.8248159854513376	0.8248159854513376
AZD0530	ENSG00000170396	0.8246888908965954	0.8246888908965954	0.8246888908965954
AZD0530	ENSG00000167210	0.8245910368169328	0.8245910368169328	0.8245910368169328
AZD0530	ENSG00000172318	0.8244424844642797	0.8244424844642797	0.8244424844642797
AZD0530	ENSG00000158683	0.8244101839205735	0.8244101839205735	0.8244101839205735
AZD0530	ENSG00000146063	0.8243768317016797	0.8243768317016797	0.8243768317016797
AZD0530	ENSG00000119661	0.824214389341173	0.824214389341173	0.824214389341173
AZD0530	ENSG00000249481	0.8240368984596314	0.8240368984596314	0.8240368984596314
AZD0530	ENSG00000273859	0.8240227486861416	0.8240227486861416	0.8240227486861416
AZD0530	ENSG00000100319	0.8239946809978225	0.8239946809978225	0.8239946809978225
AZD0530	LOC157627	0.8238501513953067	0.8238501513953067	0.8238501513953067
AZD0530	ENSG00000171017	0.8238064611050498	0.8238064611050498	0.8238064611050498
AZD0530	ENSG00000171456	0.823664750904363	0.823664750904363	0.823664750904363
AZD0530	ENSG00000137474	0.8236304936746961	0.8236304936746961	0.8236304936746961
AZD0530	LRG_135	0.8236250418104702	0.8236250418104702	0.8236250418104702
AZD0530	ENSG00000006432	0.823585557415551	0.823585557415551	0.823585557415551
AZD0530	ENSG00000076826	0.8234918463716571	0.8234918463716571	0.8234918463716571
AZD0530	ENSG00000022840	0.8234419799553501	0.8234419799553501	0.8234419799553501
AZD0530	ENSG00000004142	0.8233658631588733	0.8233658631588733	0.8233658631588733
AZD0530	ENSG00000048471	0.8233268863685561	0.8233268863685561	0.8233268863685561
AZD0530	ENSG00000010256	0.8232348251535919	0.8232348251535919	0.8232348251535919
AZD0530	ENSG00000189299	0.8232143604186818	0.8232143604186818	0.8232143604186818
AZD0530	ENSG00000117632	0.8231478527272803	0.8231478527272803	0.8231478527272803
AZD0530	ENSG00000279362	0.8229659839155955	0.8229659839155955	0.8229659839155955
AZD0530	ENSG00000169714	0.822881504255727	0.822881504255727	0.822881504255727
AZD0530	ENSG00000172264	0.8226358770382262	0.8226358770382262	0.8226358770382262
AZD0530	ENSG00000158553	0.8225197235773019	0.8225197235773019	0.8225197235773019
AZD0530	ENSG00000139174	0.8224819461395525	0.8224819461395525	0.8224819461395525
AZD0530	ENSG00000152465	0.8224586416275355	0.8224586416275355	0.8224586416275355
AZD0530	ENSG00000127914	0.82240320071898	0.82240320071898	0.82240320071898
AZD0530	ENSG00000170500	0.8223344959577834	0.8223344959577834	0.8223344959577834
AZD0530	LOC100128751	0.8219993186413637	0.8219993186413637	0.8219993186413637
AZD0530	ENSG00000162733	0.8219358639272739	0.8219358639272739	0.8219358639272739
AZD0530	ENSG00000111799	0.8216148055631316	0.8216148055631316	0.8216148055631316
AZD0530	ENSG00000176239	0.8216059994745842	0.8216059994745842	0.8216059994745842
AZD0530	ENSG00000169071	0.8215935176419402	0.8215935176419402	0.8215935176419402
AZD0530	ENSG00000115840	0.8215709060634807	0.8215709060634807	0.8215709060634807
AZD0530	ENSG00000175746	0.8215170500225926	0.8215170500225926	0.8215170500225926
AZD0530	ENSG00000179364	0.8214564474157295	0.8214564474157295	0.8214564474157295
AZD0530	ENSG00000075702	0.8212884514037946	0.8212884514037946	0.8212884514037946
AZD0530	ENSG00000106436	0.8212724839099286	0.8212724839099286	0.8212724839099286
AZD0530	ENSG00000215021	0.8212424555500062	0.8212424555500062	0.8212424555500062
AZD0530	LOC100506983	0.8212285355481034	0.8212285355481034	0.8212285355481034
AZD0530	ENSG00000076685	0.8211567654522396	0.8211567654522396	0.8211567654522396
AZD0530	ENSG00000125089	0.8211439306773829	0.8211439306773829	0.8211439306773829
AZD0530	ENSG00000152348	0.8211261330031068	0.8211261330031068	0.8211261330031068
AZD0530	C8orf84	0.8210898277136561	0.8210898277136561	0.8210898277136561
AZD0530	ENSG00000189129	0.8210897739298099	0.8210897739298099	0.8210897739298099
AZD0530	ENSG00000088766	0.820616328906286	0.820616328906286	0.820616328906286
AZD0530	PET112	0.820599491761481	0.820599491761481	0.820599491761481
AZD0530	ENSG00000213123	0.8205842421083785	0.8205842421083785	0.8205842421083785
AZD0530	ENSG00000143365	0.8204550559441088	0.8204550559441088	0.8204550559441088
AZD0530	ENSG00000165672	0.8200837805531264	0.8200837805531264	0.8200837805531264
AZD0530	ENSG00000164318	0.8199679389544758	0.8199679389544758	0.8199679389544758
AZD0530	ENSG00000137497	0.819950684545373	0.819950684545373	0.819950684545373
AZD0530	ENSG00000196476	0.8196768925383311	0.8196768925383311	0.8196768925383311
AZD0530	ENSG00000070182	0.8196263170099108	0.8196263170099108	0.8196263170099108
AZD0530	ENSG00000176563	0.8196027498533803	0.8196027498533803	0.8196027498533803
AZD0530	ENSG00000173467	0.8194490185125503	0.8194490185125503	0.8194490185125503
AZD0530	CXorf30	0.8194132435055409	0.8194132435055409	0.8194132435055409
AZD0530	ENSG00000166598	0.8191941648788031	0.8191941648788031	0.8191941648788031
AZD0530	ENSG00000132199	0.8191002516474287	0.8191002516474287	0.8191002516474287
AZD0530	ENSG00000163166	0.8190911293243086	0.8190911293243086	0.8190911293243086
AZD0530	C6orf228	0.8186385992308832	0.8186385992308832	0.8186385992308832
AZD0530	ENSG00000080546	0.8185227862852362	0.8185227862852362	0.8185227862852362
AZD0530	ENSG00000125686	0.8183562368676899	0.8183562368676899	0.8183562368676899
AZD0530	ENSG00000065060	0.8181359940174167	0.8181359940174167	0.8181359940174167
AZD0530	ENSG00000139540	0.8180098633147643	0.8180098633147643	0.8180098633147643
AZD0530	ENSG00000117586	0.8179105256230997	0.8179105256230997	0.8179105256230997
AZD0530	ENSG00000188910	0.8178077035201662	0.8178077035201662	0.8178077035201662
AZD0530	ENSG00000091137	0.8177437059455835	0.8177437059455835	0.8177437059455835
AZD0530	ENSG00000104870	0.8175504329932625	0.8175504329932625	0.8175504329932625
AZD0530	ENSG00000001630	0.8175140675126285	0.8175140675126285	0.8175140675126285
AZD0530	ENSG00000141552	0.8174317945628277	0.8174317945628277	0.8174317945628277
AZD0530	ENSG00000176125	0.8174113687962105	0.8174113687962105	0.8174113687962105
AZD0530	ENSG00000167925	0.8173779474023649	0.8173779474023649	0.8173779474023649
AZD0530	ENSG00000079459	0.8172062319196792	0.8172062319196792	0.8172062319196792
AZD0530	ENSG00000076003	0.817024949799832	0.817024949799832	0.817024949799832
AZD0530	ENSG00000127838	0.8170074538945554	0.8170074538945554	0.8170074538945554
AZD0530	ENSG00000163171	0.8167525637719308	0.8167525637719308	0.8167525637719308
AZD0530	ENSG00000171988	0.8167324599685702	0.8167324599685702	0.8167324599685702
AZD0530	LOC348761	0.8167217233277143	0.8167217233277143	0.8167217233277143
AZD0530	ENSG00000138593	0.8164707758019171	0.8164707758019171	0.8164707758019171
AZD0530	ENSG00000143340	0.8164366686138174	0.8164366686138174	0.8164366686138174
AZD0530	ENSG00000151093	0.8163675415790564	0.8163675415790564	0.8163675415790564
AZD0530	C1orf31	0.8162716545813722	0.8162716545813722	0.8162716545813722
AZD0530	ENSG00000141429	0.8162296134334599	0.8162296134334599	0.8162296134334599
AZD0530	ENSG00000108588	0.8161848139909713	0.8161848139909713	0.8161848139909713
AZD0530	ENSG00000153310	0.8160338891120303	0.8160338891120303	0.8160338891120303
AZD0530	ENSG00000124159	0.8160194116612183	0.8160194116612183	0.8160194116612183
AZD0530	LOC440335	0.8158226264947797	0.8158226264947797	0.8158226264947797
AZD0530	ENSG00000116514	0.8158063705748078	0.8158063705748078	0.8158063705748078
AZD0530	ENSG00000184922	0.8157293039057188	0.8157293039057188	0.8157293039057188
AZD0530	ENSG00000222004	0.81562869808117	0.81562869808117	0.81562869808117
AZD0530	ENSG00000101052	0.8155404469080221	0.8155404469080221	0.8155404469080221
AZD0530	ENSG00000162706	0.8155269637234319	0.8155269637234319	0.8155269637234319
AZD0530	LOC100505729	0.8154514978030176	0.8154514978030176	0.8154514978030176
AZD0530	ENSG00000121577	0.8152710549480225	0.8152710549480225	0.8152710549480225
AZD0530	ENSG00000125124	0.8152229158448143	0.8152229158448143	0.8152229158448143
AZD0530	ENSG00000126953	0.8151842241403056	0.8151842241403056	0.8151842241403056
AZD0530	ENSG00000140274	0.8149186425613624	0.8149186425613624	0.8149186425613624
AZD0530	ENSG00000278463	0.8147199001403457	0.8147199001403457	0.8147199001403457
AZD0530	ENSG00000124802	0.8147084831252063	0.8147084831252063	0.8147084831252063
AZD0530	ENSG00000171794	0.8146172692207119	0.8146172692207119	0.8146172692207119
AZD0530	ENSG00000183775	0.8145436808291109	0.8145436808291109	0.8145436808291109
AZD0530	ENSG00000178084	0.8141816470749446	0.8141816470749446	0.8141816470749446
AZD0530	LOC100507165	0.8141286710699295	0.8141286710699295	0.8141286710699295
AZD0530	ENSG00000111790	0.8141250320585062	0.8141250320585062	0.8141250320585062
AZD0530	ENSG00000124429	0.8140885530420072	0.8140885530420072	0.8140885530420072
AZD0530	XGPY2	0.814088452745403	0.814088452745403	0.814088452745403
AZD0530	ENSG00000163714	0.8140500178889407	0.8140500178889407	0.8140500178889407
AZD0530	ENSG00000149503	0.8140345530252571	0.8140345530252571	0.8140345530252571
AZD0530	LOC100302650	0.8140089132015208	0.8140089132015208	0.8140089132015208
AZD0530	ENSG00000136152	0.8139278151791367	0.8139278151791367	0.8139278151791367
AZD0530	ENSG00000101460	0.8138284972858509	0.8138284972858509	0.8138284972858509
AZD0530	ENSG00000147679	0.8135681650992039	0.8135681650992039	0.8135681650992039
AZD0530	LOC100506374	0.8135390770469111	0.8135390770469111	0.8135390770469111
AZD0530	LOC91149	0.8132762011800067	0.8132762011800067	0.8132762011800067
AZD0530	ENSG00000159322	0.8132570405882376	0.8132570405882376	0.8132570405882376
AZD0530	ENSG00000151726	0.8132366944204973	0.8132366944204973	0.8132366944204973
AZD0530	LRG_521	0.8130830714466672	0.8130830714466672	0.8130830714466672
AZD0530	ENSG00000205726	0.8129364108278858	0.8129364108278858	0.8129364108278858
AZD0530	ENSG00000060237	0.8128837826954858	0.8128837826954858	0.8128837826954858
AZD0530	ENSG00000276336	0.8127319710125386	0.8127319710125386	0.8127319710125386
AZD0530	ENSG00000108821	0.8127145295486704	0.8127145295486704	0.8127145295486704
AZD0530	ENSG00000203879	0.8127010904107472	0.8127010904107472	0.8127010904107472
AZD0530	ENSG00000115604	0.8126325921495848	0.8126325921495848	0.8126325921495848
AZD0530	LOC285095	0.8125818210962464	0.8125818210962464	0.8125818210962464
AZD0530	ENSG00000177943	0.8125254228344999	0.8125254228344999	0.8125254228344999
AZD0530	LOC100505483	0.8124540220330122	0.8124540220330122	0.8124540220330122
AZD0530	C9orf68	0.8123815707275552	0.8123815707275552	0.8123815707275552
AZD0530	ENSG00000086827	0.8123389787026674	0.8123389787026674	0.8123389787026674
AZD0530	ENSG00000169026	0.8120917054809398	0.8120917054809398	0.8120917054809398
AZD0530	ENSG00000100290	0.8120608225101194	0.8120608225101194	0.8120608225101194
AZD0530	ENSG00000176148	0.8119609543119344	0.8119609543119344	0.8119609543119344
AZD0530	ENSG00000104213	0.8118962379105087	0.8118962379105087	0.8118962379105087
AZD0530	ENSG00000160007	0.8116422745712949	0.8116422745712949	0.8116422745712949
AZD0530	ENSG00000104687	0.8116309533295989	0.8116309533295989	0.8116309533295989
AZD0530	ENSG00000168228	0.8114225820985613	0.8114225820985613	0.8114225820985613
AZD0530	ENSG00000180043	0.8113650455848553	0.8113650455848553	0.8113650455848553
AZD0530	ENSG00000131368	0.8113107970034622	0.8113107970034622	0.8113107970034622
AZD0530	ENSG00000197558	0.8113024178976467	0.8113024178976467	0.8113024178976467
AZD0530	ENSG00000180488	0.8112798378096425	0.8112798378096425	0.8112798378096425
AZD0530	ENSG00000077514	0.8112326912876122	0.8112326912876122	0.8112326912876122
AZD0530	ENSG00000206492	0.811015358583407	0.811015358583407	0.811015358583407
AZD0530	ENSG00000182621	0.8109594654060828	0.8109594654060828	0.8109594654060828
AZD0530	ENSG00000169446	0.8109510218862546	0.8109510218862546	0.8109510218862546
AZD0530	ENSG00000153237	0.8109388585312374	0.8109388585312374	0.8109388585312374
AZD0530	ENSG00000163823	0.8109293660407482	0.8109293660407482	0.8109293660407482
AZD0530	ENSG00000129159	0.8108758915440596	0.8108758915440596	0.8108758915440596
AZD0530	ENSG00000105048	0.8108263652879191	0.8108263652879191	0.8108263652879191
AZD0530	ENSG00000120833	0.8106659965701162	0.8106659965701162	0.8106659965701162
AZD0530	ENSG00000079308	0.8104240725136022	0.8104240725136022	0.8104240725136022
AZD0530	ENSG00000079112	0.8104085309027763	0.8104085309027763	0.8104085309027763
AZD0530	IFLTD1	0.8103941470096041	0.8103941470096041	0.8103941470096041
AZD0530	ENSG00000189058	0.8102377633813171	0.8102377633813171	0.8102377633813171
AZD0530	ENSG00000090534	0.810189198026689	0.810189198026689	0.810189198026689
AZD0530	ENSG00000150768	0.8101731183368688	0.8101731183368688	0.8101731183368688
AZD0530	ENSG00000196236	0.8097255989662874	0.8097255989662874	0.8097255989662874
AZD0530	ENSG00000152056	0.8097190931404842	0.8097190931404842	0.8097190931404842
AZD0530	ENSG00000133641	0.8096289105960771	0.8096289105960771	0.8096289105960771
AZD0530	ENSG00000122507	0.8094953281951325	0.8094953281951325	0.8094953281951325
AZD0530	ENSG00000065150	0.8094752115668868	0.8094752115668868	0.8094752115668868
AZD0530	ENSG00000065534	0.809414893100949	0.809414893100949	0.809414893100949
AZD0530	ENSG00000171724	0.8092280613715154	0.8092280613715154	0.8092280613715154
AZD0530	ENSG00000120658	0.8091020088031569	0.8091020088031569	0.8091020088031569
AZD0530	ENSG00000160193	0.8089886746330487	0.8089886746330487	0.8089886746330487
AZD0530	ENSG00000133863	0.8089405032890787	0.8089405032890787	0.8089405032890787
AZD0530	ENSG00000171195	0.8087478168470175	0.8087478168470175	0.8087478168470175
AZD0530	ENSG00000171813	0.8087059767299944	0.8087059767299944	0.8087059767299944
AZD0530	ENSG00000104826	0.8086338242788145	0.8086338242788145	0.8086338242788145
AZD0530	ENSG00000117114	0.8086029163079401	0.8086029163079401	0.8086029163079401
AZD0530	ENSG00000204991	0.8085918478366712	0.8085918478366712	0.8085918478366712
AZD0530	ENSG00000233180	0.8085758454678326	0.8085758454678326	0.8085758454678326
AZD0530	ENSG00000165929	0.8085719999244586	0.8085719999244586	0.8085719999244586
AZD0530	ENSG00000086102	0.8082979162809992	0.8082979162809992	0.8082979162809992
AZD0530	ENSG00000197093	0.8081290950834918	0.8081290950834918	0.8081290950834918
AZD0530	ENSG00000241360	0.8080543714458295	0.8080543714458295	0.8080543714458295
AZD0530	ENSG00000185670	0.807978605548014	0.807978605548014	0.807978605548014
AZD0530	ENSG00000198093	0.8079418814192726	0.8079418814192726	0.8079418814192726
AZD0530	ENSG00000188175	0.8077957272906112	0.8077957272906112	0.8077957272906112
AZD0530	LRG_283	0.8075064941498903	0.8075064941498903	0.8075064941498903
AZD0530	ENSG00000091127	0.807498142129672	0.807498142129672	0.807498142129672
AZD0530	ENSG00000070886	0.8074704658967244	0.8074704658967244	0.8074704658967244
AZD0530	ENSG00000166224	0.8074476584581115	0.8074476584581115	0.8074476584581115
AZD0530	ENSG00000171446	0.8074266124114076	0.8074266124114076	0.8074266124114076
AZD0530	ENSG00000104660	0.8071969042981584	0.8071969042981584	0.8071969042981584
AZD0530	ENSG00000237110	0.8070115818170404	0.8070115818170404	0.8070115818170404
AZD0530	ENSG00000042781	0.806831633123519	0.806831633123519	0.806831633123519
AZD0530	ENSG00000186469	0.80670229202248	0.80670229202248	0.80670229202248
AZD0530	LOC647323	0.8066075852908762	0.8066075852908762	0.8066075852908762
AZD0530	ENSG00000165970	0.8064654661066003	0.8064654661066003	0.8064654661066003
AZD0530	ENSG00000078018	0.8064302802435479	0.8064302802435479	0.8064302802435479
AZD0530	ENSG00000206258	0.8063695987372063	0.8063695987372063	0.8063695987372063
AZD0530	LOC387723	0.8062989571490047	0.8062989571490047	0.8062989571490047
AZD0530	ENSG00000162630	0.8060593168304221	0.8060593168304221	0.8060593168304221
AZD0530	ENSG00000102103	0.8060534528237545	0.8060534528237545	0.8060534528237545
AZD0530	ENSG00000070614	0.8059704867180857	0.8059704867180857	0.8059704867180857
AZD0530	ENSG00000149357	0.805893055715584	0.805893055715584	0.805893055715584
AZD0530	ENSG00000224748	0.8058552576901116	0.8058552576901116	0.8058552576901116
AZD0530	ENSG00000196664	0.8058462405319625	0.8058462405319625	0.8058462405319625
AZD0530	ENSG00000025039	0.805758281863481	0.805758281863481	0.805758281863481
AZD0530	ENSG00000137414	0.8057017515517292	0.8057017515517292	0.8057017515517292
AZD0530	ENSG00000160714	0.8056584753590622	0.8056584753590622	0.8056584753590622
AZD0530	ENSG00000197006	0.8054879094705139	0.8054879094705139	0.8054879094705139
AZD0530	ENSG00000134597	0.8054635608030729	0.8054635608030729	0.8054635608030729
AZD0530	ENSG00000091140	0.8053425969786486	0.8053425969786486	0.8053425969786486
AZD0530	ENSG00000163960	0.8052661382913947	0.8052661382913947	0.8052661382913947
AZD0530	ENSG00000138111	0.8052650431147902	0.8052650431147902	0.8052650431147902
AZD0530	ENSG00000149480	0.8052346004882481	0.8052346004882481	0.8052346004882481
AZD0530	ENSG00000070759	0.805219258627419	0.805219258627419	0.805219258627419
AZD0530	ENSG00000153558	0.8052181838541449	0.8052181838541449	0.8052181838541449
AZD0530	ENSG00000171617	0.8049460312150802	0.8049460312150802	0.8049460312150802
AZD0530	ENSG00000087157	0.8049452245315298	0.8049452245315298	0.8049452245315298
AZD0530	ENSG00000012211	0.8048531422163065	0.8048531422163065	0.8048531422163065
AZD0530	ENSG00000115380	0.8048121720600574	0.8048121720600574	0.8048121720600574
AZD0530	ENSG00000101003	0.8048019151966441	0.8048019151966441	0.8048019151966441
AZD0530	ENSG00000197702	0.8047624481796963	0.8047624481796963	0.8047624481796963
AZD0530	ENSG00000180425	0.8047533093586251	0.8047533093586251	0.8047533093586251
AZD0530	ENSG00000188508	0.8047315367797069	0.8047315367797069	0.8047315367797069
AZD0530	LOC100190938	0.804664803707742	0.804664803707742	0.804664803707742
AZD0530	ENSG00000145808	0.804624721745619	0.804624721745619	0.804624721745619
AZD0530	ENSG00000175121	0.8044246873587444	0.8044246873587444	0.8044246873587444
AZD0530	RTDR1	0.8043883178036116	0.8043883178036116	0.8043883178036116
AZD0530	ENSG00000166741	0.80407987429687	0.80407987429687	0.80407987429687
AZD0530	ENSG00000153446	0.8040610740756515	0.8040610740756515	0.8040610740756515
AZD0530	LRG_267	0.8038582934260405	0.8038582934260405	0.8038582934260405
AZD0530	ENSG00000109107	0.8038354313424226	0.8038354313424226	0.8038354313424226
AZD0530	ENSG00000115207	0.8038142194310647	0.8038142194310647	0.8038142194310647
AZD0530	LOC283104	0.8038018120937287	0.8038018120937287	0.8038018120937287
AZD0530	ENSG00000197905	0.8037019449326516	0.8037019449326516	0.8037019449326516
AZD0530	LRG_720	0.8035225086606413	0.8035225086606413	0.8035225086606413
AZD0530	ENSG00000150991	0.8033874687440555	0.8033874687440555	0.8033874687440555
AZD0530	ENSG00000108950	0.8033775536930072	0.8033775536930072	0.8033775536930072
AZD0530	ENSG00000172725	0.8033152708239912	0.8033152708239912	0.8033152708239912
AZD0530	ENSG00000100395	0.8032595755229758	0.8032595755229758	0.8032595755229758
AZD0530	ENSG00000087258	0.8031821694424877	0.8031821694424877	0.8031821694424877
AZD0530	ENSG00000172809	0.8031582026834951	0.8031582026834951	0.8031582026834951
AZD0530	ENSG00000100664	0.8030149177567932	0.8030149177567932	0.8030149177567932
AZD0530	ENSG00000142615	0.8029582815506525	0.8029582815506525	0.8029582815506525
AZD0530	ENSG00000228824	0.802809387456132	0.802809387456132	0.802809387456132
AZD0530	ENSG00000152527	0.8025356315448341	0.8025356315448341	0.8025356315448341
AZD0530	LOC285556	0.8023809437113522	0.8023809437113522	0.8023809437113522
AZD0530	ENSG00000099365	0.8022949914741188	0.8022949914741188	0.8022949914741188
AZD0530	ENSG00000133116	0.8022189863876045	0.8022189863876045	0.8022189863876045
AZD0530	ENSG00000172057	0.8021869697893018	0.8021869697893018	0.8021869697893018
AZD0530	ENSG00000135801	0.8019451689384323	0.8019451689384323	0.8019451689384323
AZD0530	ENSG00000235408	0.8019004462454685	0.8019004462454685	0.8019004462454685
AZD0530	ENSG00000198865	0.8018769049240184	0.8018769049240184	0.8018769049240184
AZD0530	ENSG00000160678	0.8017158248797499	0.8017158248797499	0.8017158248797499
AZD0530	ENSG00000159921	0.8017097364078171	0.8017097364078171	0.8017097364078171
AZD0530	ENSG00000154118	0.8017016022122461	0.8017016022122461	0.8017016022122461
AZD0530	ENSG00000113460	0.8011974281673633	0.8011974281673633	0.8011974281673633
AZD0530	ENSG00000159184	0.8011753564418393	0.8011753564418393	0.8011753564418393
AZD0530	ENSG00000145386	0.8009930458994087	0.8009930458994087	0.8009930458994087
AZD0530	ENSG00000280804	0.8006879472831206	0.8006879472831206	0.8006879472831206
AZD0530	ENSG00000138180	0.8006788813418706	0.8006788813418706	0.8006788813418706
AZD0530	ENSG00000275013	0.8006785989415418	0.8006785989415418	0.8006785989415418
AZD0530	ENSG00000111641	0.8006000462737146	0.8006000462737146	0.8006000462737146
AZD0530	ENSG00000131848	0.8004786574221046	0.8004786574221046	0.8004786574221046
AZD0530	ENSG00000148604	0.8004465795640882	0.8004465795640882	0.8004465795640882
AZD0530	ENSG00000057252	0.8003751639889881	0.8003751639889881	0.8003751639889881
AZD0530	ENSG00000165181	0.8002823019343106	0.8002823019343106	0.8002823019343106
AZD0530	ENSG00000180891	0.8000449023736907	0.8000449023736907	0.8000449023736907
AZD0530	ENSG00000155090	0.8000148145415287	0.8000148145415287	0.8000148145415287
AZD0530	ENSG00000174697	0.7998559891172141	0.7998559891172141	0.7998559891172141
AZD0530	ENSG00000166707	0.7997435046175672	0.7997435046175672	0.7997435046175672
AZD0530	LOC100506268	0.799698170739475	0.799698170739475	0.799698170739475
AZD0530	LOC100506777	0.799634889685948	0.799634889685948	0.799634889685948
AZD0530	ENSG00000106976	0.799623868735949	0.799623868735949	0.799623868735949
AZD0530	ENSG00000130307	0.7995895648611673	0.7995895648611673	0.7995895648611673
AZD0530	ENSG00000165923	0.7995649573366275	0.7995649573366275	0.7995649573366275
AZD0530	ENSG00000275693	0.7994069664543255	0.7994069664543255	0.7994069664543255
AZD0530	ENSG00000039560	0.7993849176996082	0.7993849176996082	0.7993849176996082
AZD0530	ENSG00000205763	0.799309267213729	0.799309267213729	0.799309267213729
AZD0530	ENSG00000065911	0.7991910969202476	0.7991910969202476	0.7991910969202476
AZD0530	ENSG00000203784	0.7989829238514032	0.7989829238514032	0.7989829238514032
AZD0530	ENSG00000138036	0.7989372804421722	0.7989372804421722	0.7989372804421722
AZD0530	ENSG00000185070	0.7989060088466418	0.7989060088466418	0.7989060088466418
AZD0530	ENSG00000113100	0.7988035589863466	0.7988035589863466	0.7988035589863466
AZD0530	ENSG00000169989	0.7987565266708182	0.7987565266708182	0.7987565266708182
AZD0530	ENSG00000138448	0.7987405601740771	0.7987405601740771	0.7987405601740771
AZD0530	ENSG00000055044	0.7986868191641734	0.7986868191641734	0.7986868191641734
AZD0530	ENSG00000139116	0.7986521031387399	0.7986521031387399	0.7986521031387399
AZD0530	ENSG00000112304	0.7986072532944978	0.7986072532944978	0.7986072532944978
AZD0530	LOC100505518	0.7985936784919	0.7985936784919	0.7985936784919
AZD0530	ENSG00000133574	0.7985920563894997	0.7985920563894997	0.7985920563894997
AZD0530	ENSG00000169683	0.7985635401040546	0.7985635401040546	0.7985635401040546
AZD0530	ENSG00000225629	0.7981034144214861	0.7981034144214861	0.7981034144214861
AZD0530	ENSG00000145740	0.7980887580822247	0.7980887580822247	0.7980887580822247
AZD0530	ENSG00000073670	0.7979653548434831	0.7979653548434831	0.7979653548434831
AZD0530	C14orf129	0.7979586526300124	0.7979586526300124	0.7979586526300124
AZD0530	ENSG00000136108	0.7979370576808191	0.7979370576808191	0.7979370576808191
AZD0530	ENSG00000056277	0.7975049726655787	0.7975049726655787	0.7975049726655787
AZD0530	ENSG00000167971	0.7975022226236382	0.7975022226236382	0.7975022226236382
AZD0530	ENSG00000140853	0.7973816030069947	0.7973816030069947	0.7973816030069947
AZD0530	ENSG00000134007	0.7973413447142147	0.7973413447142147	0.7973413447142147
AZD0530	ENSG00000087269	0.7972140746968962	0.7972140746968962	0.7972140746968962
AZD0530	LOC100507410	0.7972108742660549	0.7972108742660549	0.7972108742660549
AZD0530	ENSG00000184343	0.7971848759014002	0.7971848759014002	0.7971848759014002
AZD0530	ENSG00000100401	0.7971767904018635	0.7971767904018635	0.7971767904018635
AZD0530	ENSG00000111911	0.7971503372658698	0.7971503372658698	0.7971503372658698
AZD0530	ENSG00000174276	0.796936932442248	0.796936932442248	0.796936932442248
AZD0530	LOC100144602	0.7968579438253924	0.7968579438253924	0.7968579438253924
AZD0530	ENSG00000129538	0.7967631494288745	0.7967631494288745	0.7967631494288745
AZD0530	ENSG00000113369	0.7967098797850544	0.7967098797850544	0.7967098797850544
AZD0530	ENSG00000213199	0.7966937794779336	0.7966937794779336	0.7966937794779336
AZD0530	ENSG00000180787	0.7966175969115409	0.7966175969115409	0.7966175969115409
AZD0530	ENSG00000176105	0.7965431582901052	0.7965431582901052	0.7965431582901052
AZD0530	ENSG00000088827	0.7965425085739016	0.7965425085739016	0.7965425085739016
AZD0530	ENSG00000147274	0.7964650309618908	0.7964650309618908	0.7964650309618908
AZD0530	ENSG00000178966	0.7964428513238156	0.7964428513238156	0.7964428513238156
AZD0530	ENSG00000124260	0.7963664907763884	0.7963664907763884	0.7963664907763884
AZD0530	ENSG00000135457	0.7963548993050559	0.7963548993050559	0.7963548993050559
AZD0530	ENSG00000187773	0.7962390093266317	0.7962390093266317	0.7962390093266317
AZD0530	ENSG00000143452	0.7960647662054745	0.7960647662054745	0.7960647662054745
AZD0530	ENSG00000026652	0.796051726109095	0.796051726109095	0.796051726109095
AZD0530	ENSG00000159267	0.7960196037309132	0.7960196037309132	0.7960196037309132
AZD0530	ENSG00000186470	0.7960020377936194	0.7960020377936194	0.7960020377936194
AZD0530	ENSG00000152240	0.7958946053501883	0.7958946053501883	0.7958946053501883
AZD0530	ENSG00000171119	0.7958790586595177	0.7958790586595177	0.7958790586595177
AZD0530	ENSG00000138430	0.7958353621265681	0.7958353621265681	0.7958353621265681
AZD0530	ENSG00000124466	0.795763729041833	0.795763729041833	0.795763729041833
AZD0530	ENSG00000231225	0.795678575921137	0.795678575921137	0.795678575921137
AZD0530	ENSG00000181588	0.7956214117237371	0.7956214117237371	0.7956214117237371
AZD0530	ENSG00000171757	0.7955315193017678	0.7955315193017678	0.7955315193017678
AZD0530	ENSG00000075891	0.7954214379325762	0.7954214379325762	0.7954214379325762
AZD0530	ENSG00000153094	0.7953924807136378	0.7953924807136378	0.7953924807136378
AZD0530	ENSG00000198252	0.7953575798636269	0.7953575798636269	0.7953575798636269
AZD0530	ENSG00000132716	0.7953334020094432	0.7953334020094432	0.7953334020094432
AZD0530	ENSG00000090382	0.7951251221600726	0.7951251221600726	0.7951251221600726
AZD0530	LRG_3	0.7949009899059036	0.7949009899059036	0.7949009899059036
AZD0530	ENSG00000109189	0.7947103853350279	0.7947103853350279	0.7947103853350279
AZD0530	ENSG00000136697	0.7945741463715033	0.7945741463715033	0.7945741463715033
AZD0530	ENSG00000179833	0.7945140707336871	0.7945140707336871	0.7945140707336871
AZD0530	ENSG00000183695	0.7944292433640026	0.7944292433640026	0.7944292433640026
AZD0530	ENSG00000180008	0.7943282879335831	0.7943282879335831	0.7943282879335831
AZD0530	ENSG00000106397	0.7942335420143875	0.7942335420143875	0.7942335420143875
AZD0530	ENSG00000225077	0.7942185937370558	0.7942185937370558	0.7942185937370558
AZD0530	ENSG00000110031	0.7941953623826001	0.7941953623826001	0.7941953623826001
AZD0530	ENSG00000088386	0.794146408585682	0.794146408585682	0.794146408585682
AZD0530	ENSG00000117906	0.7940967387736757	0.7940967387736757	0.7940967387736757
AZD0530	ENSG00000149577	0.7939302039560107	0.7939302039560107	0.7939302039560107
AZD0530	C12orf35	0.7938947248328049	0.7938947248328049	0.7938947248328049
AZD0530	ENSG00000113578	0.793750862037631	0.793750862037631	0.793750862037631
AZD0530	LRG_198	0.7935968677041022	0.7935968677041022	0.7935968677041022
AZD0530	LOC100505971	0.7935089737344185	0.7935089737344185	0.7935089737344185
AZD0530	ENSG00000133169	0.7934901898126723	0.7934901898126723	0.7934901898126723
AZD0530	ENSG00000131100	0.7934243057843243	0.7934243057843243	0.7934243057843243
AZD0530	ENSG00000144035	0.7933834087557959	0.7933834087557959	0.7933834087557959
AZD0530	ENSG00000083312	0.7931782502433394	0.7931782502433394	0.7931782502433394
AZD0530	ENSG00000164219	0.7931760827916501	0.7931760827916501	0.7931760827916501
AZD0530	ENSG00000073464	0.7931116165782037	0.7931116165782037	0.7931116165782037
AZD0530	ENSG00000240498	0.792983291646744	0.792983291646744	0.792983291646744
AZD0530	ENSG00000119514	0.7929218784022348	0.7929218784022348	0.7929218784022348
AZD0530	ENSG00000164056	0.7928829318293982	0.7928829318293982	0.7928829318293982
AZD0530	ENSG00000281886	0.792572475965694	0.792572475965694	0.792572475965694
AZD0530	ENSG00000136327	0.792525080640547	0.792525080640547	0.792525080640547
AZD0530	ENSG00000168539	0.7923711044524391	0.7923711044524391	0.7923711044524391
AZD0530	ENSG00000144320	0.7922847120901669	0.7922847120901669	0.7922847120901669
AZD0530	ENSG00000164136	0.7921337128040945	0.7921337128040945	0.7921337128040945
AZD0530	ENSG00000169403	0.791873754783045	0.791873754783045	0.791873754783045
AZD0530	ENSG00000135956	0.7917477417856884	0.7917477417856884	0.7917477417856884
AZD0530	ENSG00000186468	0.7917056077707118	0.7917056077707118	0.7917056077707118
AZD0530	ENSG00000241224	0.7916915800471372	0.7916915800471372	0.7916915800471372
AZD0530	ENSG00000133059	0.7914433611033511	0.7914433611033511	0.7914433611033511
AZD0530	PER4	0.7914400271691077	0.7914400271691077	0.7914400271691077
AZD0530	ENSG00000243449	0.7914006682459092	0.7914006682459092	0.7914006682459092
AZD0530	ENSG00000164270	0.7913774747607196	0.7913774747607196	0.7913774747607196
AZD0530	ENSG00000188060	0.7913703261125624	0.7913703261125624	0.7913703261125624
AZD0530	C11orf51	0.7912026100739122	0.7912026100739122	0.7912026100739122
AZD0530	LOC100506098	0.7910827641764366	0.7910827641764366	0.7910827641764366
AZD0530	ENSG00000126895	0.7910631547617647	0.7910631547617647	0.7910631547617647
AZD0530	ENSG00000119772	0.7909683518504392	0.7909683518504392	0.7909683518504392
AZD0530	ENSG00000105698	0.7909125402385071	0.7909125402385071	0.7909125402385071
AZD0530	LOC100127974	0.7908966721030948	0.7908966721030948	0.7908966721030948
AZD0530	ENSG00000136026	0.7908181816920484	0.7908181816920484	0.7908181816920484
AZD0530	C7orf63	0.7907517069211015	0.7907517069211015	0.7907517069211015
AZD0530	MUDENG	0.7907297724551121	0.7907297724551121	0.7907297724551121
AZD0530	ENSG00000137573	0.7906475629429089	0.7906475629429089	0.7906475629429089
AZD0530	ENSG00000185088	0.790632272660408	0.790632272660408	0.790632272660408
AZD0530	ENSG00000178750	0.7905775477379818	0.7905775477379818	0.7905775477379818
AZD0530	ENSG00000198176	0.7905549539326995	0.7905549539326995	0.7905549539326995
AZD0530	ENSG00000072682	0.7905440730857792	0.7905440730857792	0.7905440730857792
AZD0530	ENSG00000152463	0.7904063736033053	0.7904063736033053	0.7904063736033053
AZD0530	ENSG00000105821	0.790393352322821	0.790393352322821	0.790393352322821
AZD0530	ENSG00000176435	0.7903125520004931	0.7903125520004931	0.7903125520004931
AZD0530	ENSG00000093183	0.7901442656276392	0.7901442656276392	0.7901442656276392
AZD0530	ENSG00000155754	0.7899541067249922	0.7899541067249922	0.7899541067249922
AZD0530	ENSG00000206380	0.7899466324521244	0.7899466324521244	0.7899466324521244
AZD0530	C6orf192	0.7899427506319867	0.7899427506319867	0.7899427506319867
AZD0530	ENSG00000143921	0.7899236177467165	0.7899236177467165	0.7899236177467165
AZD0530	ENSG00000124216	0.789809767964224	0.789809767964224	0.789809767964224
AZD0530	ENSG00000111445	0.7897602533407003	0.7897602533407003	0.7897602533407003
AZD0530	ENSG00000126267	0.7897325478038519	0.7897325478038519	0.7897325478038519
AZD0530	ENSG00000167676	0.7897091979953124	0.7897091979953124	0.7897091979953124
AZD0530	ENSG00000227268	0.7896065114905891	0.7896065114905891	0.7896065114905891
AZD0530	ENSG00000076984	0.7894826116023818	0.7894826116023818	0.7894826116023818
AZD0530	ENSG00000198075	0.7892121566112407	0.7892121566112407	0.7892121566112407
AZD0530	ENSG00000143416	0.7890812579983953	0.7890812579983953	0.7890812579983953
AZD0530	ENSG00000185803	0.7890695886047728	0.7890695886047728	0.7890695886047728
AZD0530	LOC100506251	0.7888728976326005	0.7888728976326005	0.7888728976326005
AZD0530	ENSG00000275911	0.788808102514067	0.788808102514067	0.788808102514067
AZD0530	ENSG00000182010	0.7886909078946075	0.7886909078946075	0.7886909078946075
AZD0530	ENSG00000161944	0.7883377783248023	0.7883377783248023	0.7883377783248023
AZD0530	ENSG00000130700	0.7881832456273856	0.7881832456273856	0.7881832456273856
AZD0530	ENSG00000182866	0.7878319934735646	0.7878319934735646	0.7878319934735646
AZD0530	ENSG00000169684	0.7876938309286166	0.7876938309286166	0.7876938309286166
AZD0530	ENSG00000152455	0.7875507347912498	0.7875507347912498	0.7875507347912498
AZD0530	ENSG00000072803	0.787271623945208	0.787271623945208	0.787271623945208
AZD0530	ENSG00000214706	0.7872016370631201	0.7872016370631201	0.7872016370631201
AZD0530	ENSG00000119314	0.7871372933989487	0.7871372933989487	0.7871372933989487
AZD0530	ENSG00000172543	0.7871267511132768	0.7871267511132768	0.7871267511132768
AZD0530	ENSG00000181191	0.7868417803866611	0.7868417803866611	0.7868417803866611
AZD0530	LOC100652951	0.7867537541863494	0.7867537541863494	0.7867537541863494
AZD0530	ENSG00000089356	0.7867124259346967	0.7867124259346967	0.7867124259346967
AZD0530	ENSG00000133816	0.7867006442955055	0.7867006442955055	0.7867006442955055
AZD0530	ENSG00000081479	0.7866385988705191	0.7866385988705191	0.7866385988705191
AZD0530	ENSG00000133019	0.7865929385014124	0.7865929385014124	0.7865929385014124
AZD0530	ENSG00000124602	0.7865315427346865	0.7865315427346865	0.7865315427346865
AZD0530	ENSG00000113520	0.7862860601165778	0.7862860601165778	0.7862860601165778
AZD0530	LOC339666	0.7861771720119468	0.7861771720119468	0.7861771720119468
AZD0530	ENSG00000009844	0.7860595661729929	0.7860595661729929	0.7860595661729929
AZD0530	ENSG00000166405	0.786052666110409	0.786052666110409	0.786052666110409
AZD0530	ENSG00000186810	0.7860155926500452	0.7860155926500452	0.7860155926500452
AZD0530	ENSG00000211806	0.7859802848247469	0.7859802848247469	0.7859802848247469
AZD0530	LOC389906	0.7859227213614789	0.7859227213614789	0.7859227213614789
AZD0530	ENSG00000109339	0.785816813160588	0.785816813160588	0.785816813160588
AZD0530	ENSG00000278608	0.7856234570223749	0.7856234570223749	0.7856234570223749
AZD0530	ENSG00000136156	0.7854390903354984	0.7854390903354984	0.7854390903354984
AZD0530	ENSG00000167664	0.7852790449347523	0.7852790449347523	0.7852790449347523
AZD0530	ENSG00000134882	0.7851710357169212	0.7851710357169212	0.7851710357169212
AZD0530	ENSG00000126878	0.7849458474623445	0.7849458474623445	0.7849458474623445
AZD0530	ENSG00000143401	0.7849418995017208	0.7849418995017208	0.7849418995017208
AZD0530	ENSG00000130876	0.784924210265632	0.784924210265632	0.784924210265632
AZD0530	ENSG00000227942	0.7849056783899307	0.7849056783899307	0.7849056783899307
AZD0530	ENSG00000049192	0.7847885206366668	0.7847885206366668	0.7847885206366668
AZD0530	ENSG00000145214	0.7846371295345906	0.7846371295345906	0.7846371295345906
AZD0530	ENSG00000115593	0.7842691022503704	0.7842691022503704	0.7842691022503704
AZD0530	ENSG00000092377	0.7842559214591431	0.7842559214591431	0.7842559214591431
AZD0530	ENSG00000159648	0.7842117406940335	0.7842117406940335	0.7842117406940335
AZD0530	ENSG00000163694	0.7840924484986377	0.7840924484986377	0.7840924484986377
AZD0530	ENSG00000115267	0.783817799222597	0.783817799222597	0.783817799222597
AZD0530	ENSG00000168386	0.783786075062821	0.783786075062821	0.783786075062821
AZD0530	ENSG00000198833	0.7837516769217989	0.7837516769217989	0.7837516769217989
AZD0530	ENSG00000104695	0.7834092317906441	0.7834092317906441	0.7834092317906441
AZD0530	ENSG00000149489	0.783171786563337	0.783171786563337	0.783171786563337
AZD0530	LOC90499	0.7830229037023577	0.7830229037023577	0.7830229037023577
AZD0530	ENSG00000262938	0.7828063576034209	0.7828063576034209	0.7828063576034209
AZD0530	ENSG00000121931	0.7827455616778226	0.7827455616778226	0.7827455616778226
AZD0530	LOC100505880	0.7827375423073324	0.7827375423073324	0.7827375423073324
AZD0530	ENSG00000085563	0.782689588002297	0.782689588002297	0.782689588002297
AZD0530	ENSG00000086848	0.7825507594633769	0.7825507594633769	0.7825507594633769
AZD0530	ENSG00000125510	0.7825041176812165	0.7825041176812165	0.7825041176812165
AZD0530	ENSG00000067369	0.7824667981049933	0.7824667981049933	0.7824667981049933
AZD0530	ENSG00000204882	0.7821731105689861	0.7821731105689861	0.7821731105689861
AZD0530	ATP1A1OS	0.7821398345484684	0.7821398345484684	0.7821398345484684
AZD0530	ENSG00000139974	0.7821173655023114	0.7821173655023114	0.7821173655023114
AZD0530	ENSG00000211848	0.7821029579458465	0.7821029579458465	0.7821029579458465
AZD0530	ENSG00000170871	0.7820944261888445	0.7820944261888445	0.7820944261888445
AZD0530	ENSG00000144182	0.7820400425148917	0.7820400425148917	0.7820400425148917
AZD0530	ENSG00000175455	0.7818200477250273	0.7818200477250273	0.7818200477250273
AZD0530	ENSG00000107821	0.7815802741593739	0.7815802741593739	0.7815802741593739
AZD0530	ENSG00000152595	0.7815752852886213	0.7815752852886213	0.7815752852886213
AZD0530	ENSG00000261934	0.7814749589621146	0.7814749589621146	0.7814749589621146
AZD0530	ENSG00000186310	0.7813420928863161	0.7813420928863161	0.7813420928863161
AZD0530	ENSG00000160716	0.7813392840396695	0.7813392840396695	0.7813392840396695
AZD0530	ENSG00000070010	0.7813071864467592	0.7813071864467592	0.7813071864467592
AZD0530	ENSG00000061936	0.7808471251343518	0.7808471251343518	0.7808471251343518
AZD0530	ENSG00000149809	0.7808068493032947	0.7808068493032947	0.7808068493032947
AZD0530	ENSG00000147099	0.7807094329495543	0.7807094329495543	0.7807094329495543
AZD0530	ENSG00000149930	0.7806710261900772	0.7806710261900772	0.7806710261900772
AZD0530	ENSG00000090432	0.7806514151446502	0.7806514151446502	0.7806514151446502
AZD0530	ENSG00000168556	0.7806321168196165	0.7806321168196165	0.7806321168196165
AZD0530	ENSG00000171227	0.7805967718390996	0.7805967718390996	0.7805967718390996
AZD0530	ENSG00000110917	0.7804732584233237	0.7804732584233237	0.7804732584233237
AZD0530	ENSG00000134508	0.7804506240567051	0.7804506240567051	0.7804506240567051
AZD0530	ENSG00000167967	0.7803509088199745	0.7803509088199745	0.7803509088199745
AZD0530	ENSG00000055483	0.77987513750726	0.77987513750726	0.77987513750726
AZD0530	ENSG00000010379	0.7796969684919172	0.7796969684919172	0.7796969684919172
AZD0530	EIF2C2	0.7796017090935456	0.7796017090935456	0.7796017090935456
AZD0530	ENSG00000166603	0.7795657711575892	0.7795657711575892	0.7795657711575892
AZD0530	ENSG00000111231	0.7792816594425271	0.7792816594425271	0.7792816594425271
AZD0530	ENSG00000101200	0.7791820718340882	0.7791820718340882	0.7791820718340882
AZD0530	ENSG00000213901	0.7791271600993765	0.7791271600993765	0.7791271600993765
AZD0530	ENSG00000115053	0.7790590965440242	0.7790590965440242	0.7790590965440242
AZD0530	ENSG00000185737	0.7789831490233029	0.7789831490233029	0.7789831490233029
AZD0530	ENSG00000118307	0.7789208515580078	0.7789208515580078	0.7789208515580078
AZD0530	ENSG00000007384	0.7788441503234019	0.7788441503234019	0.7788441503234019
AZD0530	LOC100130872	0.7788283298223546	0.7788283298223546	0.7788283298223546
AZD0530	ENSG00000037965	0.778809403942354	0.778809403942354	0.778809403942354
AZD0530	ENSG00000090238	0.7786661455575775	0.7786661455575775	0.7786661455575775
AZD0530	LRG_89	0.7785977755720519	0.7785977755720519	0.7785977755720519
AZD0530	ENSG00000237515	0.7785569892302711	0.7785569892302711	0.7785569892302711
AZD0530	ENSG00000146576	0.7784388834545359	0.7784388834545359	0.7784388834545359
AZD0530	ENSG00000145868	0.7784105588558585	0.7784105588558585	0.7784105588558585
AZD0530	ENSG00000146066	0.7781438118006565	0.7781438118006565	0.7781438118006565
AZD0530	ENSG00000185252	0.7781380306915545	0.7781380306915545	0.7781380306915545
AZD0530	ENSG00000102539	0.778108357789025	0.778108357789025	0.778108357789025
AZD0530	ENSG00000124915	0.7780834402632079	0.7780834402632079	0.7780834402632079
AZD0530	ENSG00000085721	0.778038078353253	0.778038078353253	0.778038078353253
AZD0530	ENSG00000166902	0.7779246632231736	0.7779246632231736	0.7779246632231736
AZD0530	ENSG00000183762	0.777826959435284	0.777826959435284	0.777826959435284
AZD0530	ENSG00000006638	0.77753678374229	0.77753678374229	0.77753678374229
AZD0530	ENSG00000166847	0.7774593384158854	0.7774593384158854	0.7774593384158854
AZD0530	LOC100652770	0.7773963219005577	0.7773963219005577	0.7773963219005577
AZD0530	ENSG00000172935	0.7773404143710849	0.7773404143710849	0.7773404143710849
AZD0530	ENSG00000160181	0.7772170892753123	0.7772170892753123	0.7772170892753123
AZD0530	C6orf70	0.7771177602936712	0.7771177602936712	0.7771177602936712
AZD0530	ENSG00000085514	0.7770577198047222	0.7770577198047222	0.7770577198047222
AZD0530	ENSG00000128694	0.7766328030405754	0.7766328030405754	0.7766328030405754
AZD0530	FLJ23867	0.7765327641941799	0.7765327641941799	0.7765327641941799
AZD0530	ENSG00000047621	0.7764270362039901	0.7764270362039901	0.7764270362039901
AZD0530	ENSG00000104859	0.7764110113208107	0.7764110113208107	0.7764110113208107
AZD0530	ENSG00000174165	0.7763187767046545	0.7763187767046545	0.7763187767046545
AZD0530	ENSG00000172992	0.7762603674153233	0.7762603674153233	0.7762603674153233
AZD0530	DOM3Z	0.776242000540219	0.776242000540219	0.776242000540219
AZD0530	LOC100506557	0.775635550853327	0.775635550853327	0.775635550853327
AZD0530	ENSG00000164841	0.7755192837592293	0.7755192837592293	0.7755192837592293
AZD0530	ENSG00000215712	0.7753338787656	0.7753338787656	0.7753338787656
AZD0530	ENSG00000278767	0.775172343196922	0.775172343196922	0.775172343196922
AZD0530	ENSG00000125772	0.7749469250216248	0.7749469250216248	0.7749469250216248
AZD0530	FAM116B	0.7747451503017306	0.7747451503017306	0.7747451503017306
AZD0530	ENSG00000180549	0.7747048002038668	0.7747048002038668	0.7747048002038668
AZD0530	ENSG00000070731	0.774548965707253	0.774548965707253	0.774548965707253
AZD0530	ENSG00000119915	0.7744838930132859	0.7744838930132859	0.7744838930132859
AZD0530	C1orf135	0.7744159991881657	0.7744159991881657	0.7744159991881657
AZD0530	ENSG00000143337	0.7743640529462126	0.7743640529462126	0.7743640529462126
AZD0530	ENSG00000173145	0.7743085266189265	0.7743085266189265	0.7743085266189265
AZD0530	ENSG00000157617	0.7743011822900935	0.7743011822900935	0.7743011822900935
AZD0530	ENSG00000165915	0.7742967331229897	0.7742967331229897	0.7742967331229897
AZD0530	ENSG00000149179	0.7742052537924773	0.7742052537924773	0.7742052537924773
AZD0530	LOC648691	0.7739519278805252	0.7739519278805252	0.7739519278805252
AZD0530	ENSG00000203808	0.773917260327989	0.773917260327989	0.773917260327989
AZD0530	ENSG00000148331	0.7738856863861956	0.7738856863861956	0.7738856863861956
AZD0530	LRG_23	0.7737994254341208	0.7737994254341208	0.7737994254341208
AZD0530	ENSG00000185269	0.7737507128623752	0.7737507128623752	0.7737507128623752
AZD0530	ENSG00000275835	0.7736589543833677	0.7736589543833677	0.7736589543833677
AZD0530	ENSG00000197408	0.773644521491392	0.773644521491392	0.773644521491392
AZD0530	ENSG00000124383	0.7735453701672892	0.7735453701672892	0.7735453701672892
AZD0530	ENSG00000142188	0.7733474768275493	0.7733474768275493	0.7733474768275493
AZD0530	ENSG00000042317	0.7733313587711916	0.7733313587711916	0.7733313587711916
AZD0530	ENSG00000165383	0.773300143853369	0.773300143853369	0.773300143853369
AZD0530	ENSG00000145050	0.7732711929523284	0.7732711929523284	0.7732711929523284
AZD0530	ENSG00000196455	0.7731611398622471	0.7731611398622471	0.7731611398622471
AZD0530	ENSG00000117713	0.7731375943021467	0.7731375943021467	0.7731375943021467
AZD0530	ENSG00000092098	0.7728201652766938	0.7728201652766938	0.7728201652766938
AZD0530	ENSG00000182240	0.772658379934533	0.772658379934533	0.772658379934533
AZD0530	ENSG00000110931	0.7726287454315169	0.7726287454315169	0.7726287454315169
AZD0530	ENSG00000273991	0.7725207455364614	0.7725207455364614	0.7725207455364614
AZD0530	ENSG00000104435	0.7724237784109431	0.7724237784109431	0.7724237784109431
AZD0530	ENSG00000068120	0.7724211641662361	0.7724211641662361	0.7724211641662361
AZD0530	ENSG00000125533	0.7722654307014097	0.7722654307014097	0.7722654307014097
AZD0530	ENSG00000133065	0.7720597926460883	0.7720597926460883	0.7720597926460883
AZD0530	ENSG00000117148	0.7720083861874752	0.7720083861874752	0.7720083861874752
AZD0530	ENSG00000196338	0.7719940879639597	0.7719940879639597	0.7719940879639597
AZD0530	RPL13P5	0.7717996993736981	0.7717996993736981	0.7717996993736981
AZD0530	ENSG00000170486	0.7715656437259983	0.7715656437259983	0.7715656437259983
AZD0530	ENSG00000083520	0.7715233313643437	0.7715233313643437	0.7715233313643437
AZD0530	ENSG00000138757	0.7714891491247252	0.7714891491247252	0.7714891491247252
AZD0530	ENSG00000181195	0.7712026495132849	0.7712026495132849	0.7712026495132849
AZD0530	LINC00515	0.770967031523478	0.770967031523478	0.770967031523478
AZD0530	ENSG00000172680	0.7709643099738209	0.7709643099738209	0.7709643099738209
AZD0530	ENSG00000120049	0.7708425312708703	0.7708425312708703	0.7708425312708703
AZD0530	LOC729296	0.7706366770152604	0.7706366770152604	0.7706366770152604
AZD0530	EMID2	0.7704647617217042	0.7704647617217042	0.7704647617217042
AZD0530	ENSG00000181090	0.770431711590749	0.770431711590749	0.770431711590749
AZD0530	LOC100129620	0.7703732990480658	0.7703732990480658	0.7703732990480658
AZD0530	ENSG00000144366	0.7703520542396377	0.7703520542396377	0.7703520542396377
AZD0530	ENSG00000185591	0.770315015388591	0.770315015388591	0.770315015388591
AZD0530	LOC100507513	0.7698661551260464	0.7698661551260464	0.7698661551260464
AZD0530	ENSG00000107643	0.7697967000588698	0.7697967000588698	0.7697967000588698
AZD0530	ENSG00000137309	0.7697739473148089	0.7697739473148089	0.7697739473148089
AZD0530	LOC100507254	0.7695868321327237	0.7695868321327237	0.7695868321327237
AZD0530	ENSG00000164414	0.7693943519093871	0.7693943519093871	0.7693943519093871
AZD0530	ENSG00000149294	0.7693539451662061	0.7693539451662061	0.7693539451662061
AZD0530	ENSG00000198901	0.7690879232903156	0.7690879232903156	0.7690879232903156
AZD0530	ENSG00000101421	0.7690156484863963	0.7690156484863963	0.7690156484863963
AZD0530	ENSG00000088325	0.7687784635542565	0.7687784635542565	0.7687784635542565
AZD0530	ENSG00000137806	0.76859541307381	0.76859541307381	0.76859541307381
AZD0530	ENSG00000159217	0.768574712623411	0.768574712623411	0.768574712623411
AZD0530	ENSG00000104626	0.7685455415065536	0.7685455415065536	0.7685455415065536
AZD0530	C9orf37	0.7684764007539964	0.7684764007539964	0.7684764007539964
AZD0530	ENSG00000183128	0.768296601252961	0.768296601252961	0.768296601252961
AZD0530	ENSG00000256269	0.7681283819692317	0.7681283819692317	0.7681283819692317
AZD0530	ENSG00000176204	0.767888087138945	0.767888087138945	0.767888087138945
AZD0530	ENSG00000101096	0.7678239844079943	0.7678239844079943	0.7678239844079943
AZD0530	LOC100507150	0.767702588879818	0.767702588879818	0.767702588879818
AZD0530	ENSG00000116039	0.7676626273236933	0.7676626273236933	0.7676626273236933
AZD0530	ENSG00000070778	0.7676146735294069	0.7676146735294069	0.7676146735294069
AZD0530	ENSG00000157881	0.767455960150952	0.767455960150952	0.767455960150952
AZD0530	ENSG00000163931	0.767361314211853	0.767361314211853	0.767361314211853
AZD0530	ENSG00000144824	0.7673431878200386	0.7673431878200386	0.7673431878200386
AZD0530	ENSG00000145247	0.767173447684674	0.767173447684674	0.767173447684674
AZD0530	ENSG00000165376	0.7670617762615294	0.7670617762615294	0.7670617762615294
AZD0530	ENSG00000162613	0.7670473622722791	0.7670473622722791	0.7670473622722791
AZD0530	ENSG00000007968	0.7669840152427793	0.7669840152427793	0.7669840152427793
AZD0530	ENSG00000177000	0.7667810207932139	0.7667810207932139	0.7667810207932139
AZD0530	C14orf126	0.7667378413257546	0.7667378413257546	0.7667378413257546
AZD0530	ENSG00000170162	0.766556390023329	0.766556390023329	0.766556390023329
AZD0530	LRG_299	0.7665313750591939	0.7665313750591939	0.7665313750591939
AZD0530	ENSG00000121390	0.7664397591719095	0.7664397591719095	0.7664397591719095
AZD0530	ENSG00000171150	0.7663765150646391	0.7663765150646391	0.7663765150646391
AZD0530	ENSG00000158710	0.7661777175227291	0.7661777175227291	0.7661777175227291
AZD0530	ENSG00000274577	0.766139715829372	0.766139715829372	0.766139715829372
AZD0530	ENSG00000172059	0.7657578751967365	0.7657578751967365	0.7657578751967365
AZD0530	ENSG00000100526	0.7657107516053107	0.7657107516053107	0.7657107516053107
AZD0530	LOC729970	0.7655910551302078	0.7655910551302078	0.7655910551302078
AZD0530	ENSG00000276726	0.7655294458179669	0.7655294458179669	0.7655294458179669
AZD0530	ENSG00000070831	0.7653371610654252	0.7653371610654252	0.7653371610654252
AZD0530	ENSG00000254986	0.76530551230374	0.76530551230374	0.76530551230374
AZD0530	ENSG00000136514	0.7652972139642283	0.7652972139642283	0.7652972139642283
AZD0530	LOC339524	0.7652636817097569	0.7652636817097569	0.7652636817097569
AZD0530	ENSG00000146013	0.7651480571237247	0.7651480571237247	0.7651480571237247
AZD0530	ENSG00000006607	0.7651019066367432	0.7651019066367432	0.7651019066367432
AZD0530	ENSG00000138398	0.7650623720759328	0.7650623720759328	0.7650623720759328
AZD0530	ENSG00000167536	0.7650128432008088	0.7650128432008088	0.7650128432008088
AZD0530	ENSG00000197024	0.7648790403964207	0.7648790403964207	0.7648790403964207
AZD0530	ENSG00000154975	0.7648056783694515	0.7648056783694515	0.7648056783694515
AZD0530	ENSG00000099949	0.7644270004712066	0.7644270004712066	0.7644270004712066
AZD0530	ENSG00000108094	0.7643746541598145	0.7643746541598145	0.7643746541598145
AZD0530	ENSG00000070366	0.7641740193102668	0.7641740193102668	0.7641740193102668
AZD0530	ENSG00000066136	0.7640221952653565	0.7640221952653565	0.7640221952653565
AZD0530	ENSG00000119335	0.7640052890510678	0.7640052890510678	0.7640052890510678
AZD0530	ENSG00000225756	0.7639600483511821	0.7639600483511821	0.7639600483511821
AZD0530	ENSG00000135631	0.7639242871300719	0.7639242871300719	0.7639242871300719
AZD0530	ENSG00000228889	0.7638663353523999	0.7638663353523999	0.7638663353523999
AZD0530	ENSG00000179750	0.7638074399292131	0.7638074399292131	0.7638074399292131
AZD0530	ENSG00000134438	0.7636663964741249	0.7636663964741249	0.7636663964741249
AZD0530	ENSG00000276480	0.763658471594944	0.763658471594944	0.763658471594944
AZD0530	ENSG00000169972	0.7636493787506844	0.7636493787506844	0.7636493787506844
AZD0530	ENSG00000115073	0.7636279798259974	0.7636279798259974	0.7636279798259974
AZD0530	ENSG00000160161	0.7635946180908697	0.7635946180908697	0.7635946180908697
AZD0530	ENSG00000135636	0.76357191658549	0.76357191658549	0.76357191658549
AZD0530	ENSG00000145349	0.7634957894843459	0.7634957894843459	0.7634957894843459
AZD0530	ENSG00000083097	0.7634126594162398	0.7634126594162398	0.7634126594162398
AZD0530	ENSG00000172458	0.7631530198361339	0.7631530198361339	0.7631530198361339
AZD0530	ENSG00000132740	0.7630901156611039	0.7630901156611039	0.7630901156611039
AZD0530	ENSG00000167772	0.7628833009549372	0.7628833009549372	0.7628833009549372
AZD0530	ENSG00000149476	0.7628662359279643	0.7628662359279643	0.7628662359279643
AZD0530	ENSG00000172893	0.762819190940244	0.762819190940244	0.762819190940244
AZD0530	ENSG00000131174	0.7627004855707241	0.7627004855707241	0.7627004855707241
AZD0530	ENSG00000116353	0.7625342154203658	0.7625342154203658	0.7625342154203658
AZD0530	ENSG00000167178	0.7624281485081099	0.7624281485081099	0.7624281485081099
AZD0530	LOC100507449	0.7621105413624487	0.7621105413624487	0.7621105413624487
AZD0530	ENSG00000169508	0.7620046244717378	0.7620046244717378	0.7620046244717378
AZD0530	ENSG00000011007	0.7619709948260461	0.7619709948260461	0.7619709948260461
AZD0530	LOC283070	0.7617646630916368	0.7617646630916368	0.7617646630916368
AZD0530	LOC100505519	0.7616163372493924	0.7616163372493924	0.7616163372493924
AZD0530	ENSG00000124721	0.7615412164229237	0.7615412164229237	0.7615412164229237
AZD0530	KIAA0247	0.7614113219458172	0.7614113219458172	0.7614113219458172
AZD0530	ENSG00000237808	0.7614080886503461	0.7614080886503461	0.7614080886503461
AZD0530	LOC100507311	0.7613977716810992	0.7613977716810992	0.7613977716810992
AZD0530	ENSG00000185787	0.761397369928444	0.761397369928444	0.761397369928444
AZD0530	ENSG00000136872	0.7613776386097192	0.7613776386097192	0.7613776386097192
AZD0530	ENSG00000236709	0.7613306632130336	0.7613306632130336	0.7613306632130336
AZD0530	ENSG00000166736	0.761071551525652	0.761071551525652	0.761071551525652
AZD0530	ENSG00000196693	0.7609657086554077	0.7609657086554077	0.7609657086554077
AZD0530	LOC100505862	0.7609012524679158	0.7609012524679158	0.7609012524679158
AZD0530	ENSG00000155252	0.7606369206741571	0.7606369206741571	0.7606369206741571
AZD0530	ENSG00000137460	0.7605421967865688	0.7605421967865688	0.7605421967865688
AZD0530	ENSG00000166796	0.7605025654818329	0.7605025654818329	0.7605025654818329
AZD0530	ENSG00000262180	0.7604715439830114	0.7604715439830114	0.7604715439830114
AZD0530	LOC732275	0.7603575493356117	0.7603575493356117	0.7603575493356117
AZD0530	ENSG00000151704	0.7602369100962934	0.7602369100962934	0.7602369100962934
AZD0530	ENSG00000166199	0.7602364730044615	0.7602364730044615	0.7602364730044615
AZD0530	ENSG00000162989	0.7599754743760411	0.7599754743760411	0.7599754743760411
AZD0530	LOC100131366	0.7598919319579331	0.7598919319579331	0.7598919319579331
AZD0530	ENSG00000102743	0.7598353268182584	0.7598353268182584	0.7598353268182584
AZD0530	ENSG00000142327	0.7597970523386517	0.7597970523386517	0.7597970523386517
AZD0530	ENSG00000141497	0.7597706069905179	0.7597706069905179	0.7597706069905179
AZD0530	ENSG00000151247	0.7597627158500307	0.7597627158500307	0.7597627158500307
AZD0530	ENSG00000091129	0.7596714379615604	0.7596714379615604	0.7596714379615604
AZD0530	ENSG00000113318	0.7595989804808764	0.7595989804808764	0.7595989804808764
AZD0530	ENSG00000119333	0.7588245888548384	0.7588245888548384	0.7588245888548384
AZD0530	ENSG00000163026	0.7587769896166884	0.7587769896166884	0.7587769896166884
AZD0530	ENSG00000162545	0.7584866631511591	0.7584866631511591	0.7584866631511591
AZD0530	ENSG00000115211	0.7584542663159123	0.7584542663159123	0.7584542663159123
AZD0530	ENSG00000146205	0.7583443327066485	0.7583443327066485	0.7583443327066485
AZD0530	ENSG00000065518	0.758337532432709	0.758337532432709	0.758337532432709
AZD0530	ENSG00000157005	0.758334521997799	0.758334521997799	0.758334521997799
AZD0530	ENSG00000120915	0.7582645341392409	0.7582645341392409	0.7582645341392409
AZD0530	LRG_693	0.7582596548838137	0.7582596548838137	0.7582596548838137
AZD0530	ENSG00000175711	0.7582093285710352	0.7582093285710352	0.7582093285710352
AZD0530	LOC100507461	0.7582028962865249	0.7582028962865249	0.7582028962865249
AZD0530	ENSG00000130827	0.7581589706983913	0.7581589706983913	0.7581589706983913
AZD0530	ENSG00000233314	0.758060452784763	0.758060452784763	0.758060452784763
AZD0530	ENSG00000181938	0.7579015232998024	0.7579015232998024	0.7579015232998024
AZD0530	ENSG00000239900	0.7577733655048404	0.7577733655048404	0.7577733655048404
AZD0530	ENSG00000116032	0.757767179025846	0.757767179025846	0.757767179025846
AZD0530	ENSG00000169228	0.7576464796288255	0.7576464796288255	0.7576464796288255
AZD0530	ENSG00000275663	0.7575102820398925	0.7575102820398925	0.7575102820398925
AZD0530	ENSG00000110395	0.7574860966518875	0.7574860966518875	0.7574860966518875
AZD0530	ENSG00000211450	0.757405203717279	0.757405203717279	0.757405203717279
AZD0530	ENSG00000235989	0.7573386143341962	0.7573386143341962	0.7573386143341962
AZD0530	ENSG00000135317	0.7570470728726938	0.7570470728726938	0.7570470728726938
AZD0530	ENSG00000109132	0.7568496636631188	0.7568496636631188	0.7568496636631188
AZD0530	ENSG00000153234	0.7566401999470486	0.7566401999470486	0.7566401999470486
AZD0530	ENSG00000119946	0.7565329540647411	0.7565329540647411	0.7565329540647411
AZD0530	C1orf63	0.7562734968675044	0.7562734968675044	0.7562734968675044
AZD0530	ENSG00000277804	0.7562225509080667	0.7562225509080667	0.7562225509080667
AZD0530	ENSG00000115155	0.7561775565422058	0.7561775565422058	0.7561775565422058
AZD0530	ENSG00000160180	0.7561439713888379	0.7561439713888379	0.7561439713888379
AZD0530	ENSG00000114988	0.7560270905676083	0.7560270905676083	0.7560270905676083
AZD0530	LINC00277	0.7559575589938269	0.7559575589938269	0.7559575589938269
AZD0530	ENSG00000146802	0.7559567263284246	0.7559567263284246	0.7559567263284246
AZD0530	IL28RA	0.7558797842557381	0.7558797842557381	0.7558797842557381
AZD0530	ENSG00000163125	0.7558546618663239	0.7558546618663239	0.7558546618663239
AZD0530	ENSG00000163428	0.7558428271325246	0.7558428271325246	0.7558428271325246
AZD0530	ENSG00000143164	0.7557706901581127	0.7557706901581127	0.7557706901581127
AZD0530	ENSG00000169851	0.755660308403122	0.755660308403122	0.755660308403122
AZD0530	ENSG00000181374	0.7556116457143504	0.7556116457143504	0.7556116457143504
AZD0530	ENSG00000119711	0.7555347263554363	0.7555347263554363	0.7555347263554363
AZD0530	ENSG00000205707	0.75550947861809	0.75550947861809	0.75550947861809
AZD0530	ENSG00000021461	0.7554598216471018	0.7554598216471018	0.7554598216471018
AZD0530	ENSG00000116604	0.7553706271300443	0.7553706271300443	0.7553706271300443
AZD0530	ENSG00000161813	0.7553351893964839	0.7553351893964839	0.7553351893964839
AZD0530	ENSG00000162426	0.7553008221181577	0.7553008221181577	0.7553008221181577
AZD0530	ENSG00000158042	0.7552883945348058	0.7552883945348058	0.7552883945348058
AZD0530	ENSG00000145700	0.7552220110011355	0.7552220110011355	0.7552220110011355
AZD0530	ENSG00000171136	0.7551839764474835	0.7551839764474835	0.7551839764474835
AZD0530	ENSG00000169509	0.7551676829717796	0.7551676829717796	0.7551676829717796
AZD0530	ENSG00000139910	0.7550713300180344	0.7550713300180344	0.7550713300180344
AZD0530	ENSG00000166710	0.7548677178791804	0.7548677178791804	0.7548677178791804
AZD0530	ENSG00000213186	0.7547927202384705	0.7547927202384705	0.7547927202384705
AZD0530	ENSG00000103248	0.7545935274585585	0.7545935274585585	0.7545935274585585
AZD0530	ENSG00000145293	0.7545087802647746	0.7545087802647746	0.7545087802647746
AZD0530	ENSG00000173535	0.7543529112114775	0.7543529112114775	0.7543529112114775
AZD0530	ENSG00000177426	0.7543386691609313	0.7543386691609313	0.7543386691609313
AZD0530	ENSG00000144191	0.7542494845108714	0.7542494845108714	0.7542494845108714
AZD0530	ENSG00000188257	0.754194691408634	0.754194691408634	0.754194691408634
AZD0530	ENSG00000100982	0.7540810826667289	0.7540810826667289	0.7540810826667289
AZD0530	ENSG00000176302	0.7540245619753575	0.7540245619753575	0.7540245619753575
AZD0530	LOC100506997	0.7538269803201869	0.7538269803201869	0.7538269803201869
AZD0530	ENSG00000135905	0.7537128311190644	0.7537128311190644	0.7537128311190644
AZD0530	ENSG00000204669	0.753686829321293	0.753686829321293	0.753686829321293
AZD0530	ENSG00000256646	0.7534855179089136	0.7534855179089136	0.7534855179089136
AZD0530	ENSG00000124731	0.7534717269965864	0.7534717269965864	0.7534717269965864
AZD0530	ENSG00000146007	0.7534521720883605	0.7534521720883605	0.7534521720883605
AZD0530	ENSG00000157429	0.7534509236355171	0.7534509236355171	0.7534509236355171
AZD0530	ENSG00000149262	0.7534492995334514	0.7534492995334514	0.7534492995334514
AZD0530	ENSG00000162384	0.7534296419739293	0.7534296419739293	0.7534296419739293
AZD0530	ENSG00000134255	0.7533526736673388	0.7533526736673388	0.7533526736673388
AZD0530	ENSG00000138449	0.7532723077327799	0.7532723077327799	0.7532723077327799
AZD0530	ENSG00000116824	0.7531929970708233	0.7531929970708233	0.7531929970708233
AZD0530	ENSG00000139223	0.7531287296162279	0.7531287296162279	0.7531287296162279
AZD0530	ENSG00000100625	0.7530444230042219	0.7530444230042219	0.7530444230042219
AZD0530	ENSG00000070808	0.7529489807576772	0.7529489807576772	0.7529489807576772
AZD0530	ENSG00000158769	0.7528297394572626	0.7528297394572626	0.7528297394572626
AZD0530	LOC100506714	0.7528058036096434	0.7528058036096434	0.7528058036096434
AZD0530	FLJ41350	0.7524841272125702	0.7524841272125702	0.7524841272125702
AZD0530	MTCP1NB	0.7523334588032005	0.7523334588032005	0.7523334588032005
AZD0530	ENSG00000188076	0.7522283657331176	0.7522283657331176	0.7522283657331176
AZD0530	ENSG00000164440	0.7516581729398257	0.7516581729398257	0.7516581729398257
AZD0530	ENSG00000137491	0.7516532658425049	0.7516532658425049	0.7516532658425049
AZD0530	ENSG00000160886	0.7515692226299244	0.7515692226299244	0.7515692226299244
AZD0530	ENSG00000171992	0.7515092626404793	0.7515092626404793	0.7515092626404793
AZD0530	ENSG00000157570	0.7513942064218279	0.7513942064218279	0.7513942064218279
AZD0530	FAM176A	0.7512485592081528	0.7512485592081528	0.7512485592081528
AZD0530	ENSG00000132780	0.7512408700333717	0.7512408700333717	0.7512408700333717
AZD0530	ENSG00000107796	0.7511892961120271	0.7511892961120271	0.7511892961120271
AZD0530	ENSG00000119969	0.7511883447118652	0.7511883447118652	0.7511883447118652
AZD0530	ENSG00000185115	0.7508497602648887	0.7508497602648887	0.7508497602648887
AZD0530	ENSG00000180739	0.7507574416638911	0.7507574416638911	0.7507574416638911
AZD0530	ENSG00000163879	0.7507153833802763	0.7507153833802763	0.7507153833802763
AZD0530	ENSG00000060688	0.7506925380599062	0.7506925380599062	0.7506925380599062
AZD0530	ENSG00000181751	0.7506618482083595	0.7506618482083595	0.7506618482083595
AZD0530	ENSG00000167550	0.7505809852582164	0.7505809852582164	0.7505809852582164
AZD0530	ENSG00000104983	0.7505408196593563	0.7505408196593563	0.7505408196593563
AZD0530	ENSG00000160813	0.7502978876783164	0.7502978876783164	0.7502978876783164
AZD0530	ENSG00000135723	0.7502321467180055	0.7502321467180055	0.7502321467180055
AZD0530	ENSG00000091106	0.7501723638143434	0.7501723638143434	0.7501723638143434
AZD0530	ENSG00000170348	0.7500103984419169	0.7500103984419169	0.7500103984419169
AZD0530	ENSG00000173889	0.7499878591540663	0.7499878591540663	0.7499878591540663
AZD0530	ENSG00000110171	0.7497818673685285	0.7497818673685285	0.7497818673685285
AZD0530	FLJ30838	0.7497378446351202	0.7497378446351202	0.7497378446351202
AZD0530	ENSG00000253719	0.7495547930987116	0.7495547930987116	0.7495547930987116
AZD0530	LOC284454	0.7495517899619824	0.7495517899619824	0.7495517899619824
AZD0530	ENSG00000188676	0.7495381111857141	0.7495381111857141	0.7495381111857141
AZD0530	ENSG00000171219	0.7495078523708292	0.7495078523708292	0.7495078523708292
AZD0530	ENSG00000152092	0.7494836792892037	0.7494836792892037	0.7494836792892037
AZD0530	ENSG00000077097	0.7493978511960303	0.7493978511960303	0.7493978511960303
AZD0530	ENSG00000198535	0.7492002290314649	0.7492002290314649	0.7492002290314649
AZD0530	ENSG00000130762	0.7491085054613397	0.7491085054613397	0.7491085054613397
AZD0530	ENSG00000197451	0.7491039625499034	0.7491039625499034	0.7491039625499034
AZD0530	ENSG00000106268	0.749084511485314	0.749084511485314	0.749084511485314
AZD0530	ZNF193	0.7490715578842431	0.7490715578842431	0.7490715578842431
AZD0530	ENSG00000115386	0.749045806884115	0.749045806884115	0.749045806884115
AZD0530	ENSG00000067829	0.7488243883137736	0.7488243883137736	0.7488243883137736
AZD0530	ENSG00000157191	0.7487429818354535	0.7487429818354535	0.7487429818354535
AZD0530	ENSG00000118596	0.7486127318125279	0.7486127318125279	0.7486127318125279
AZD0530	LOC100506083	0.7482790073190536	0.7482790073190536	0.7482790073190536
AZD0530	ENSG00000173826	0.7482671443404055	0.7482671443404055	0.7482671443404055
AZD0530	ENSG00000006712	0.7482474990176	0.7482474990176	0.7482474990176
AZD0530	ENSG00000121060	0.7480750069809624	0.7480750069809624	0.7480750069809624
AZD0530	ENSG00000162714	0.7479531205732822	0.7479531205732822	0.7479531205732822
AZD0530	ENSG00000118113	0.7478552676808841	0.7478552676808841	0.7478552676808841
AZD0530	ENSG00000157077	0.7477310748958057	0.7477310748958057	0.7477310748958057
AZD0530	LOC100506498	0.747691011402515	0.747691011402515	0.747691011402515
AZD0530	ENSG00000138653	0.7476414749625079	0.7476414749625079	0.7476414749625079
AZD0530	ENSG00000131089	0.747509681418001	0.747509681418001	0.747509681418001
AZD0530	ENSG00000170128	0.747412941711987	0.747412941711987	0.747412941711987
AZD0530	ENSG00000243667	0.7473828668285845	0.7473828668285845	0.7473828668285845
AZD0530	ENSG00000114867	0.7473647718173783	0.7473647718173783	0.7473647718173783
AZD0530	ENSG00000187893	0.7472728129595934	0.7472728129595934	0.7472728129595934
AZD0530	ENSG00000231690	0.747260644155809	0.747260644155809	0.747260644155809
AZD0530	ENSG00000198604	0.7470290347096205	0.7470290347096205	0.7470290347096205
AZD0530	FLJ10038	0.7470022340913702	0.7470022340913702	0.7470022340913702
AZD0530	ENSG00000105254	0.746934548814939	0.746934548814939	0.746934548814939
AZD0530	ENSG00000196305	0.7464742527792434	0.7464742527792434	0.7464742527792434
AZD0530	C20orf11	0.7464637669999576	0.7464637669999576	0.7464637669999576
AZD0530	ENSG00000120738	0.746436725694142	0.746436725694142	0.746436725694142
AZD0530	ENSG00000105675	0.7462897219394559	0.7462897219394559	0.7462897219394559
AZD0530	ENSG00000161791	0.746060760356559	0.746060760356559	0.746060760356559
AZD0530	ENSG00000147488	0.7460218051458573	0.7460218051458573	0.7460218051458573
AZD0530	ENSG00000173237	0.7459887706063104	0.7459887706063104	0.7459887706063104
AZD0530	MKI67IP	0.7459817437301519	0.7459817437301519	0.7459817437301519
AZD0530	ENSG00000067715	0.7459423601817816	0.7459423601817816	0.7459423601817816
AZD0530	ENSG00000163565	0.7459266902047609	0.7459266902047609	0.7459266902047609
AZD0530	ENSG00000088038	0.745828851441542	0.745828851441542	0.745828851441542
AZD0530	LOC149373	0.7456878013202164	0.7456878013202164	0.7456878013202164
AZD0530	ENSG00000147454	0.7456500073299456	0.7456500073299456	0.7456500073299456
AZD0530	ENSG00000111981	0.7455914481858328	0.7455914481858328	0.7455914481858328
AZD0530	ENSG00000101670	0.7454383523693843	0.7454383523693843	0.7454383523693843
AZD0530	ENSG00000167996	0.745334892992046	0.745334892992046	0.745334892992046
AZD0530	LOC100507160	0.7452972591780359	0.7452972591780359	0.7452972591780359
AZD0530	ENSG00000004948	0.7451544330826267	0.7451544330826267	0.7451544330826267
AZD0530	C3orf15	0.744853115210341	0.744853115210341	0.744853115210341
AZD0530	ENSG00000088876	0.7448443016870614	0.7448443016870614	0.7448443016870614
AZD0530	ENSG00000163002	0.7447464689296771	0.7447464689296771	0.7447464689296771
AZD0530	ENSG00000109381	0.7445529126740544	0.7445529126740544	0.7445529126740544
AZD0530	ENSG00000164241	0.7445184768038668	0.7445184768038668	0.7445184768038668
AZD0530	ENSG00000063587	0.7444528370028197	0.7444528370028197	0.7444528370028197
AZD0530	ENSG00000071205	0.7442258111646566	0.7442258111646566	0.7442258111646566
AZD0530	LINC00202	0.7442001950509707	0.7442001950509707	0.7442001950509707
AZD0530	ENSG00000110841	0.7441358357963982	0.7441358357963982	0.7441358357963982
AZD0530	LRG_557	0.7441261882043566	0.7441261882043566	0.7441261882043566
AZD0530	ENSG00000167693	0.7438400388665998	0.7438400388665998	0.7438400388665998
AZD0530	ENSG00000120210	0.7436198919845975	0.7436198919845975	0.7436198919845975
AZD0530	ENSG00000164256	0.7436039610011314	0.7436039610011314	0.7436039610011314
AZD0530	ENSG00000100379	0.7435476658183452	0.7435476658183452	0.7435476658183452
AZD0530	ENSG00000198301	0.7435446281684306	0.7435446281684306	0.7435446281684306
AZD0530	C11orf9	0.7435047266914165	0.7435047266914165	0.7435047266914165
AZD0530	ENSG00000145526	0.7432728345977343	0.7432728345977343	0.7432728345977343
AZD0530	LOC100288432	0.7431791676109777	0.7431791676109777	0.7431791676109777
AZD0530	ENSG00000275176	0.7430209692038077	0.7430209692038077	0.7430209692038077
AZD0530	ENSG00000185728	0.7428570403641522	0.7428570403641522	0.7428570403641522
AZD0530	ENSG00000179950	0.7424932844164264	0.7424932844164264	0.7424932844164264
AZD0530	ENSG00000169372	0.7424328683557111	0.7424328683557111	0.7424328683557111
AZD0530	ENSG00000215915	0.7422124505788041	0.7422124505788041	0.7422124505788041
AZD0530	ENSG00000197226	0.7421987216094709	0.7421987216094709	0.7421987216094709
AZD0530	ENSG00000239713	0.7419668151098626	0.7419668151098626	0.7419668151098626
AZD0530	ENSG00000029534	0.7416985471225045	0.7416985471225045	0.7416985471225045
AZD0530	ENSG00000111817	0.7416385012453982	0.7416385012453982	0.7416385012453982
AZD0530	ENSG00000114115	0.7412034788840638	0.7412034788840638	0.7412034788840638
AZD0530	ENSG00000186352	0.7409700427193694	0.7409700427193694	0.7409700427193694
AZD0530	ENSG00000066777	0.740908169328409	0.740908169328409	0.740908169328409
AZD0530	ENSG00000160685	0.7408330825203756	0.7408330825203756	0.7408330825203756
AZD0530	ENSG00000156973	0.7407851963076962	0.7407851963076962	0.7407851963076962
AZD0530	ENSG00000112406	0.7406568434995571	0.7406568434995571	0.7406568434995571
AZD0530	ENSG00000188822	0.7406378995920418	0.7406378995920418	0.7406378995920418
AZD0530	ENSG00000162241	0.7404745290089134	0.7404745290089134	0.7404745290089134
AZD0530	ENSG00000140022	0.7404560153536792	0.7404560153536792	0.7404560153536792
AZD0530	ZNF271	0.7403470952372785	0.7403470952372785	0.7403470952372785
AZD0530	ENSG00000071537	0.7402764764162868	0.7402764764162868	0.7402764764162868
AZD0530	ENSG00000204128	0.7400939214090393	0.7400939214090393	0.7400939214090393
AZD0530	ENSG00000141337	0.7400292100364764	0.7400292100364764	0.7400292100364764
AZD0530	ENSG00000136819	0.7400193997708676	0.7400193997708676	0.7400193997708676
AZD0530	ENSG00000099866	0.7399968160988784	0.7399968160988784	0.7399968160988784
AZD0530	ENSG00000164022	0.7399852330171455	0.7399852330171455	0.7399852330171455
AZD0530	ENSG00000160188	0.7398588020417385	0.7398588020417385	0.7398588020417385
AZD0530	ENSG00000140807	0.7398523719053973	0.7398523719053973	0.7398523719053973
AZD0530	ENSG00000068001	0.7398453998298492	0.7398453998298492	0.7398453998298492
AZD0530	LOC100506012	0.7397326938016421	0.7397326938016421	0.7397326938016421
AZD0530	ENSG00000164543	0.739730894435358	0.739730894435358	0.739730894435358
AZD0530	LOC100506827	0.7396864172098937	0.7396864172098937	0.7396864172098937
AZD0530	ENSG00000096872	0.7396697340705416	0.7396697340705416	0.7396697340705416
AZD0530	PCDP1	0.7395978808601943	0.7395978808601943	0.7395978808601943
AZD0530	ENSG00000174586	0.7391262299308639	0.7391262299308639	0.7391262299308639
AZD0530	ENSG00000171102	0.7391164318151731	0.7391164318151731	0.7391164318151731
AZD0530	LOC100652860	0.7390606518858023	0.7390606518858023	0.7390606518858023
AZD0530	ENSG00000173327	0.739023919292144	0.739023919292144	0.739023919292144
AZD0530	ENSG00000187866	0.7389949170007838	0.7389949170007838	0.7389949170007838
AZD0530	SELRC1	0.7388234902396558	0.7388234902396558	0.7388234902396558
AZD0530	ENSG00000074621	0.7387323734956814	0.7387323734956814	0.7387323734956814
AZD0530	ENSG00000101266	0.7386437559385173	0.7386437559385173	0.7386437559385173
AZD0530	ENSG00000138363	0.7385800238424242	0.7385800238424242	0.7385800238424242
AZD0530	ENSG00000130725	0.7384521100158893	0.7384521100158893	0.7384521100158893
AZD0530	ENSG00000177469	0.7383203243764012	0.7383203243764012	0.7383203243764012
AZD0530	ENSG00000090060	0.7380587294639582	0.7380587294639582	0.7380587294639582
AZD0530	ENSG00000170638	0.7378755087348509	0.7378755087348509	0.7378755087348509
AZD0530	ENSG00000198919	0.7377055946236707	0.7377055946236707	0.7377055946236707
AZD0530	ENSG00000188001	0.7376527124102434	0.7376527124102434	0.7376527124102434
AZD0530	ENSG00000154330	0.7376270972872008	0.7376270972872008	0.7376270972872008
AZD0530	ENSG00000184162	0.7375662650266688	0.7375662650266688	0.7375662650266688
AZD0530	ENSG00000114487	0.7371050711602993	0.7371050711602993	0.7371050711602993
AZD0530	ENSG00000077264	0.7368876515593902	0.7368876515593902	0.7368876515593902
AZD0530	ENSG00000183549	0.7367326092042519	0.7367326092042519	0.7367326092042519
AZD0530	LOC100507408	0.7367212219993434	0.7367212219993434	0.7367212219993434
AZD0530	ENSG00000103091	0.7366650443559141	0.7366650443559141	0.7366650443559141
AZD0530	ENSG00000214819	0.7364426846697347	0.7364426846697347	0.7364426846697347
AZD0530	ENSG00000116273	0.7362529077295388	0.7362529077295388	0.7362529077295388
AZD0530	ENSG00000112983	0.7362489786490738	0.7362489786490738	0.7362489786490738
AZD0530	ENSG00000197114	0.7362161681912682	0.7362161681912682	0.7362161681912682
AZD0530	ENSG00000105325	0.736158859032506	0.736158859032506	0.736158859032506
AZD0530	ENSG00000167671	0.7361157682475259	0.7361157682475259	0.7361157682475259
AZD0530	ENSG00000142959	0.7361046256865278	0.7361046256865278	0.7361046256865278
AZD0530	ENSG00000169105	0.7360639829274799	0.7360639829274799	0.7360639829274799
AZD0530	ENSG00000183166	0.7360481438146069	0.7360481438146069	0.7360481438146069
AZD0530	ENSG00000184258	0.7360101896725373	0.7360101896725373	0.7360101896725373
AZD0530	ENSG00000170523	0.7358714024506948	0.7358714024506948	0.7358714024506948
AZD0530	ENSG00000073169	0.7358536249493441	0.7358536249493441	0.7358536249493441
AZD0530	NT5C3L	0.7357367240487348	0.7357367240487348	0.7357367240487348
AZD0530	LOC401442	0.7356512260115226	0.7356512260115226	0.7356512260115226
AZD0530	ENSG00000183579	0.7356446054480108	0.7356446054480108	0.7356446054480108
AZD0530	ENSG00000112078	0.7356350014110504	0.7356350014110504	0.7356350014110504
AZD0530	ENSG00000111319	0.7356048379188455	0.7356048379188455	0.7356048379188455
AZD0530	ENSG00000229807	0.7354881927100574	0.7354881927100574	0.7354881927100574
AZD0530	ENSG00000073910	0.7354774670954598	0.7354774670954598	0.7354774670954598
AZD0530	LOC100506874	0.735439670080027	0.735439670080027	0.735439670080027
AZD0530	ENSG00000170779	0.7353581253757466	0.7353581253757466	0.7353581253757466
AZD0530	ENSG00000106789	0.7352771437625683	0.7352771437625683	0.7352771437625683
AZD0530	ENSG00000242049	0.7352239001108102	0.7352239001108102	0.7352239001108102
AZD0530	ENSG00000165272	0.735187111712186	0.735187111712186	0.735187111712186
AZD0530	ENSG00000205923	0.7351697678281711	0.7351697678281711	0.7351697678281711
AZD0530	ENSG00000011260	0.7347996521896183	0.7347996521896183	0.7347996521896183
AZD0530	LOC100506054	0.7346474264549792	0.7346474264549792	0.7346474264549792
AZD0530	ENSG00000178105	0.7345329881010504	0.7345329881010504	0.7345329881010504
AZD0530	ENSG00000078403	0.7344362972507787	0.7344362972507787	0.7344362972507787
AZD0530	LOC100506368	0.7344360730437812	0.7344360730437812	0.7344360730437812
AZD0530	ENSG00000160888	0.7343888597613683	0.7343888597613683	0.7343888597613683
AZD0530	ENSG00000214188	0.7342653720448425	0.7342653720448425	0.7342653720448425
AZD0530	C12orf61	0.7340697729335744	0.7340697729335744	0.7340697729335744
AZD0530	LOC100506226	0.7340592499853602	0.7340592499853602	0.7340592499853602
AZD0530	ENSG00000091317	0.7338967806977968	0.7338967806977968	0.7338967806977968
AZD0530	GHRLOS2	0.733765232422028	0.733765232422028	0.733765232422028
AZD0530	ENSG00000100281	0.7337194215470881	0.7337194215470881	0.7337194215470881
AZD0530	ENSG00000137747	0.7335826882870506	0.7335826882870506	0.7335826882870506
AZD0530	ENSG00000117298	0.733546394201308	0.733546394201308	0.733546394201308
AZD0530	ENSG00000126391	0.7334230374786367	0.7334230374786367	0.7334230374786367
AZD0530	ENSG00000138073	0.733317602252005	0.733317602252005	0.733317602252005
AZD0530	ENSG00000139350	0.7331995517515213	0.7331995517515213	0.7331995517515213
AZD0530	ENSG00000171502	0.7331460980641779	0.7331460980641779	0.7331460980641779
AZD0530	ENSG00000116882	0.7329527878773342	0.7329527878773342	0.7329527878773342
AZD0530	ENSG00000048052	0.732861797700852	0.732861797700852	0.732861797700852
AZD0530	ENSG00000105401	0.7325779090768633	0.7325779090768633	0.7325779090768633
AZD0530	ENSG00000161395	0.7325493082025756	0.7325493082025756	0.7325493082025756
AZD0530	ENSG00000113732	0.7325371401794313	0.7325371401794313	0.7325371401794313
AZD0530	ENSG00000111142	0.7325263116164725	0.7325263116164725	0.7325263116164725
AZD0530	ENSG00000119685	0.7323449073824834	0.7323449073824834	0.7323449073824834
AZD0530	ENSG00000164776	0.7323033268183188	0.7323033268183188	0.7323033268183188
AZD0530	ENSG00000134986	0.7322799771978166	0.7322799771978166	0.7322799771978166
AZD0530	ENSG00000039650	0.7322555568985737	0.7322555568985737	0.7322555568985737
AZD0530	ENSG00000154845	0.7321174511202948	0.7321174511202948	0.7321174511202948
AZD0530	ENSG00000185875	0.7320410670816422	0.7320410670816422	0.7320410670816422
AZD0530	ENSG00000175445	0.731970390688952	0.731970390688952	0.731970390688952
AZD0530	LEPRE1	0.7319472507216926	0.7319472507216926	0.7319472507216926
AZD0530	ENSG00000139793	0.7319354469849868	0.7319354469849868	0.7319354469849868
AZD0530	ENSG00000103876	0.7319151423458022	0.7319151423458022	0.7319151423458022
AZD0530	C9orf80	0.7318009783834656	0.7318009783834656	0.7318009783834656
AZD0530	ENSG00000183715	0.7316864420300033	0.7316864420300033	0.7316864420300033
AZD0530	ENSG00000169840	0.7314944178286026	0.7314944178286026	0.7314944178286026
AZD0530	ENSG00000170748	0.7312207862047899	0.7312207862047899	0.7312207862047899
AZD0530	FLJ35024	0.7312029146913905	0.7312029146913905	0.7312029146913905
AZD0530	ENSG00000180900	0.7311625404361887	0.7311625404361887	0.7311625404361887
AZD0530	ENSG00000181617	0.7311309115198009	0.7311309115198009	0.7311309115198009
AZD0530	ENSG00000132952	0.7311178791818003	0.7311178791818003	0.7311178791818003
AZD0530	ENSG00000171552	0.7310521705747758	0.7310521705747758	0.7310521705747758
AZD0530	LOC100132707	0.7309616896559826	0.7309616896559826	0.7309616896559826
AZD0530	ENSG00000166971	0.7308589121733299	0.7308589121733299	0.7308589121733299
AZD0530	ENSG00000138778	0.7308140188738135	0.7308140188738135	0.7308140188738135
AZD0530	ENSG00000180638	0.7307345575112612	0.7307345575112612	0.7307345575112612
AZD0530	LOC100288637	0.7306698321972886	0.7306698321972886	0.7306698321972886
AZD0530	ENSG00000160310	0.7306510435502663	0.7306510435502663	0.7306510435502663
AZD0530	ENSG00000153208	0.730611861500057	0.730611861500057	0.730611861500057
AZD0530	ENSG00000089876	0.7304028845011079	0.7304028845011079	0.7304028845011079
AZD0530	ENSG00000155542	0.7303648077649523	0.7303648077649523	0.7303648077649523
AZD0530	ENSG00000180376	0.7303581887501127	0.7303581887501127	0.7303581887501127
AZD0530	ENSG00000123159	0.7302096146749495	0.7302096146749495	0.7302096146749495
AZD0530	ENSG00000138798	0.7302024696068322	0.7302024696068322	0.7302024696068322
AZD0530	ENSG00000132702	0.7300990994900758	0.7300990994900758	0.7300990994900758
AZD0530	ENSG00000086544	0.7297981203755798	0.7297981203755798	0.7297981203755798
AZD0530	ENSG00000172262	0.7297343116809588	0.7297343116809588	0.7297343116809588
AZD0530	LOC282980	0.7297216035714977	0.7297216035714977	0.7297216035714977
AZD0530	ENSG00000161860	0.7296711869107204	0.7296711869107204	0.7296711869107204
AZD0530	ENSG00000172731	0.7296320875112465	0.7296320875112465	0.7296320875112465
AZD0530	ENSG00000105507	0.7294777526342452	0.7294777526342452	0.7294777526342452
AZD0530	ENSG00000187678	0.7292941043837571	0.7292941043837571	0.7292941043837571
AZD0530	ENSG00000109452	0.7292139101225119	0.7292139101225119	0.7292139101225119
AZD0530	ENSG00000143942	0.729141159311882	0.729141159311882	0.729141159311882
AZD0530	ENSG00000172116	0.7290675251349868	0.7290675251349868	0.7290675251349868
AZD0530	ENSG00000047056	0.7290630485626789	0.7290630485626789	0.7290630485626789
AZD0530	ENSG00000126247	0.7289684311026776	0.7289684311026776	0.7289684311026776
AZD0530	ENSG00000205030	0.7288388298263172	0.7288388298263172	0.7288388298263172
AZD0530	ENSG00000125885	0.7287869983337065	0.7287869983337065	0.7287869983337065
AZD0530	ENSG00000058272	0.7287451042434147	0.7287451042434147	0.7287451042434147
AZD0530	LOC100505644	0.72872164149643	0.72872164149643	0.72872164149643
AZD0530	ENSG00000085117	0.7286434763078581	0.7286434763078581	0.7286434763078581
AZD0530	ENSG00000172410	0.7286070130568366	0.7286070130568366	0.7286070130568366
AZD0530	ENSG00000185432	0.7284503330953503	0.7284503330953503	0.7284503330953503
AZD0530	C12orf68	0.7282433642167773	0.7282433642167773	0.7282433642167773
AZD0530	ENSG00000164070	0.7281875808573636	0.7281875808573636	0.7281875808573636
AZD0530	ENSG00000163170	0.7281584891158869	0.7281584891158869	0.7281584891158869
AZD0530	ENSG00000100296	0.7280765582700306	0.7280765582700306	0.7280765582700306
AZD0530	ENSG00000103245	0.7279203175382992	0.7279203175382992	0.7279203175382992
AZD0530	ENSG00000119878	0.7278578845808888	0.7278578845808888	0.7278578845808888
AZD0530	ENSG00000158296	0.7277951960797698	0.7277951960797698	0.7277951960797698
AZD0530	ENSG00000167741	0.7272390297629491	0.7272390297629491	0.7272390297629491
AZD0530	ENSG00000151229	0.7271283141133918	0.7271283141133918	0.7271283141133918
AZD0530	ENSG00000006756	0.7271229081427295	0.7271229081427295	0.7271229081427295
AZD0530	ENSG00000169727	0.727094390475351	0.727094390475351	0.727094390475351
AZD0530	ENSG00000138600	0.7269767815641731	0.7269767815641731	0.7269767815641731
AZD0530	ENSG00000034713	0.7269739436044326	0.7269739436044326	0.7269739436044326
AZD0530	ENSG00000073861	0.7269713025352762	0.7269713025352762	0.7269713025352762
AZD0530	ENSG00000081148	0.7269441348544107	0.7269441348544107	0.7269441348544107
AZD0530	LOC283688	0.7269229830104651	0.7269229830104651	0.7269229830104651
AZD0530	ENSG00000149516	0.7269137641636904	0.7269137641636904	0.7269137641636904
AZD0530	ENSG00000126461	0.7268583795998753	0.7268583795998753	0.7268583795998753
AZD0530	ENSG00000110665	0.7265904891597338	0.7265904891597338	0.7265904891597338
AZD0530	ENSG00000232159	0.7264609871168065	0.7264609871168065	0.7264609871168065
AZD0530	ENSG00000214140	0.7262690382499454	0.7262690382499454	0.7262690382499454
AZD0530	ENSG00000196378	0.7262652332900144	0.7262652332900144	0.7262652332900144
AZD0530	ENSG00000100124	0.7262361954596261	0.7262361954596261	0.7262361954596261
AZD0530	LOC100506599	0.7258034963604636	0.7258034963604636	0.7258034963604636
AZD0530	ENSG00000125780	0.7257945769808491	0.7257945769808491	0.7257945769808491
AZD0530	C14orf118	0.7256521027916748	0.7256521027916748	0.7256521027916748
AZD0530	ENSG00000100994	0.7256193556377991	0.7256193556377991	0.7256193556377991
AZD0530	LPPR1	0.7256118205768146	0.7256118205768146	0.7256118205768146
AZD0530	ENSG00000182255	0.7255796113914126	0.7255796113914126	0.7255796113914126
AZD0530	ENSG00000156076	0.7254531756315057	0.7254531756315057	0.7254531756315057
AZD0530	LRG_106	0.7254146927157212	0.7254146927157212	0.7254146927157212
AZD0530	ENSG00000065057	0.7252819678430233	0.7252819678430233	0.7252819678430233
AZD0530	ENSG00000260704	0.725275058931694	0.725275058931694	0.725275058931694
AZD0530	ENSG00000156395	0.7252247654051986	0.7252247654051986	0.7252247654051986
AZD0530	ENSG00000189134	0.7251524784460022	0.7251524784460022	0.7251524784460022
AZD0530	LOC285758	0.7249069503985411	0.7249069503985411	0.7249069503985411
AZD0530	ENSG00000203877	0.7247471107013758	0.7247471107013758	0.7247471107013758
AZD0530	ENSG00000213005	0.7247337367951123	0.7247337367951123	0.7247337367951123
AZD0530	ENSG00000169933	0.7246049726086854	0.7246049726086854	0.7246049726086854
AZD0530	ENSG00000182631	0.7245723368792417	0.7245723368792417	0.7245723368792417
AZD0530	ENSG00000183733	0.7245601977395189	0.7245601977395189	0.7245601977395189
AZD0530	ENSG00000198597	0.7245130499905081	0.7245130499905081	0.7245130499905081
AZD0530	ENSG00000276286	0.7244035754330655	0.7244035754330655	0.7244035754330655
AZD0530	ENSG00000109758	0.7242371340473606	0.7242371340473606	0.7242371340473606
AZD0530	ENSG00000178222	0.7241409986685101	0.7241409986685101	0.7241409986685101
AZD0530	ENSG00000135617	0.7241140871520165	0.7241140871520165	0.7241140871520165
AZD0530	ENSG00000126456	0.7240483369500518	0.7240483369500518	0.7240483369500518
AZD0530	ENSG00000130741	0.7240005060177216	0.7240005060177216	0.7240005060177216
AZD0530	ENSG00000136897	0.723867545674064	0.723867545674064	0.723867545674064
AZD0530	ENSG00000110002	0.7238115653568525	0.7238115653568525	0.7238115653568525
AZD0530	ENSG00000179292	0.7237884920382304	0.7237884920382304	0.7237884920382304
AZD0530	ENSG00000102468	0.7237190758133493	0.7237190758133493	0.7237190758133493
AZD0530	ENSG00000196123	0.7236919564106064	0.7236919564106064	0.7236919564106064
AZD0530	LOC374443	0.7233899097148456	0.7233899097148456	0.7233899097148456
AZD0530	LOC100507140	0.7233825601132621	0.7233825601132621	0.7233825601132621
AZD0530	ENSG00000177614	0.7233541500073913	0.7233541500073913	0.7233541500073913
AZD0530	LOC100130331	0.7233328417519956	0.7233328417519956	0.7233328417519956
AZD0530	ENSG00000162885	0.723078762997747	0.723078762997747	0.723078762997747
AZD0530	ENSG00000012223	0.7230449707326704	0.7230449707326704	0.7230449707326704
AZD0530	ENSG00000112077	0.7229629466452211	0.7229629466452211	0.7229629466452211
AZD0530	ENSG00000115850	0.7228957790369318	0.7228957790369318	0.7228957790369318
AZD0530	ENSG00000034693	0.722829486643998	0.722829486643998	0.722829486643998
AZD0530	ENSG00000145819	0.7227640062929322	0.7227640062929322	0.7227640062929322
AZD0530	ENSG00000021762	0.7227572613789703	0.7227572613789703	0.7227572613789703
AZD0530	ENSG00000156486	0.7226983300925484	0.7226983300925484	0.7226983300925484
AZD0530	ENSG00000130921	0.7226967349886759	0.7226967349886759	0.7226967349886759
AZD0530	ENSG00000116791	0.7226324718528444	0.7226324718528444	0.7226324718528444
AZD0530	ENSG00000186283	0.7224271603521325	0.7224271603521325	0.7224271603521325
AZD0530	ENSG00000107593	0.7222420594083665	0.7222420594083665	0.7222420594083665
AZD0530	ENSG00000168291	0.7222393656900629	0.7222393656900629	0.7222393656900629
AZD0530	ENSG00000103489	0.7221109404639111	0.7221109404639111	0.7221109404639111
AZD0530	ENSG00000049167	0.722054922241056	0.722054922241056	0.722054922241056
AZD0530	CCDC147	0.7220112111332648	0.7220112111332648	0.7220112111332648
AZD0530	ENSG00000177414	0.7219960130035727	0.7219960130035727	0.7219960130035727
AZD0530	ENSG00000157911	0.7219553942807695	0.7219553942807695	0.7219553942807695
AZD0530	ENSG00000172977	0.7219210405220338	0.7219210405220338	0.7219210405220338
AZD0530	ENSG00000129194	0.7217125879219781	0.7217125879219781	0.7217125879219781
AZD0530	ENSG00000181045	0.7216817154725081	0.7216817154725081	0.7216817154725081
AZD0530	ENSG00000171812	0.721516804959125	0.721516804959125	0.721516804959125
AZD0530	ENSG00000144227	0.7213949810616958	0.7213949810616958	0.7213949810616958
AZD0530	ENSG00000074800	0.7213552360448543	0.7213552360448543	0.7213552360448543
AZD0530	ENSG00000112357	0.7212474782944197	0.7212474782944197	0.7212474782944197
AZD0530	ENSG00000137692	0.7212014840837956	0.7212014840837956	0.7212014840837956
AZD0530	ENSG00000117010	0.7211806176460658	0.7211806176460658	0.7211806176460658
AZD0530	ENSG00000133454	0.7210107915229492	0.7210107915229492	0.7210107915229492
AZD0530	ENSG00000185499	0.7209392966211318	0.7209392966211318	0.7209392966211318
AZD0530	LOC100505495	0.7208798284560163	0.7208798284560163	0.7208798284560163
AZD0530	ENSG00000116833	0.7207199633751834	0.7207199633751834	0.7207199633751834
AZD0530	ENSG00000102760	0.7206440051491857	0.7206440051491857	0.7206440051491857
AZD0530	ENSG00000254901	0.7205140647566326	0.7205140647566326	0.7205140647566326
AZD0530	ENSG00000211772	0.7203072109940132	0.7203072109940132	0.7203072109940132
AZD0530	ENSG00000091527	0.7202682625130798	0.7202682625130798	0.7202682625130798
AZD0530	ENSG00000101040	0.7201904727184285	0.7201904727184285	0.7201904727184285
AZD0530	LOC100506070	0.7201722015410362	0.7201722015410362	0.7201722015410362
AZD0530	ENSG00000184281	0.7200634625181144	0.7200634625181144	0.7200634625181144
AZD0530	ENSG00000157766	0.7199846462256959	0.7199846462256959	0.7199846462256959
AZD0530	ENSG00000176994	0.719841939363987	0.719841939363987	0.719841939363987
AZD0530	ENSG00000108231	0.7197360966625946	0.7197360966625946	0.7197360966625946
AZD0530	ENSG00000156050	0.7197197730618062	0.7197197730618062	0.7197197730618062
AZD0530	ENSG00000165416	0.7196698452607818	0.7196698452607818	0.7196698452607818
AZD0530	ENSG00000215421	0.7196114023092018	0.7196114023092018	0.7196114023092018
AZD0530	ENSG00000114573	0.7196062812474886	0.7196062812474886	0.7196062812474886
AZD0530	ENSG00000133800	0.7194087822033567	0.7194087822033567	0.7194087822033567
AZD0530	ENSG00000187713	0.7191959637709456	0.7191959637709456	0.7191959637709456
AZD0530	ENSG00000162976	0.7190124425865257	0.7190124425865257	0.7190124425865257
AZD0530	LOC100507239	0.7189496021689579	0.7189496021689579	0.7189496021689579
AZD0530	ENSG00000137760	0.718892213623311	0.718892213623311	0.718892213623311
AZD0530	ENSG00000145990	0.7188033746262128	0.7188033746262128	0.7188033746262128
AZD0530	ENSG00000173918	0.7187923106508042	0.7187923106508042	0.7187923106508042
AZD0530	ENSG00000275214	0.7186430861209424	0.7186430861209424	0.7186430861209424
AZD0530	LOC100505554	0.7186034609934177	0.7186034609934177	0.7186034609934177
AZD0530	LOC400655	0.7185789902967976	0.7185789902967976	0.7185789902967976
AZD0530	C9orf123	0.7185055817627435	0.7185055817627435	0.7185055817627435
AZD0530	ENSG00000198854	0.7184874617416879	0.7184874617416879	0.7184874617416879
AZD0530	ENSG00000155545	0.7184626718321365	0.7184626718321365	0.7184626718321365
AZD0530	ENSG00000132692	0.7184197294416046	0.7184197294416046	0.7184197294416046
AZD0530	ENSG00000088727	0.7184025062993769	0.7184025062993769	0.7184025062993769
AZD0530	ENSG00000211861	0.7184021459409887	0.7184021459409887	0.7184021459409887
AZD0530	ENSG00000122958	0.7183540812336977	0.7183540812336977	0.7183540812336977
AZD0530	ENSG00000143632	0.7183126146044754	0.7183126146044754	0.7183126146044754
AZD0530	ENSG00000130226	0.7182699006546699	0.7182699006546699	0.7182699006546699
AZD0530	ENSG00000119669	0.7182630851360154	0.7182630851360154	0.7182630851360154
AZD0530	ENSG00000165238	0.7182521456209346	0.7182521456209346	0.7182521456209346
AZD0530	ENSG00000081923	0.7179191851537763	0.7179191851537763	0.7179191851537763
AZD0530	ENSG00000214517	0.7177256307132347	0.7177256307132347	0.7177256307132347
AZD0530	ENSG00000005059	0.7176694219573604	0.7176694219573604	0.7176694219573604
AZD0530	ENSG00000186642	0.7175444739587219	0.7175444739587219	0.7175444739587219
AZD0530	ENSG00000050344	0.7174481779171754	0.7174481779171754	0.7174481779171754
AZD0530	ENSG00000141219	0.7174241943223556	0.7174241943223556	0.7174241943223556
AZD0530	ENSG00000105695	0.7173829133386262	0.7173829133386262	0.7173829133386262
AZD0530	ENSG00000168389	0.7173806770564252	0.7173806770564252	0.7173806770564252
AZD0530	ENSG00000069122	0.717318318883594	0.717318318883594	0.717318318883594
AZD0530	ENSG00000162594	0.7172173209247019	0.7172173209247019	0.7172173209247019
AZD0530	ENSG00000117450	0.7170378895692378	0.7170378895692378	0.7170378895692378
AZD0530	LOC100130581	0.7165757964566479	0.7165757964566479	0.7165757964566479
AZD0530	ENSG00000115232	0.7165191585460705	0.7165191585460705	0.7165191585460705
AZD0530	ENSG00000122008	0.716513336742342	0.716513336742342	0.716513336742342
AZD0530	ENSG00000130413	0.7164005564344265	0.7164005564344265	0.7164005564344265
AZD0530	ENSG00000100889	0.7163677059896846	0.7163677059896846	0.7163677059896846
AZD0530	ENSG00000224281	0.7162297844758524	0.7162297844758524	0.7162297844758524
AZD0530	ENSG00000204965	0.7162220320850397	0.7162220320850397	0.7162220320850397
AZD0530	ENSG00000108559	0.7161716041140795	0.7161716041140795	0.7161716041140795
AZD0530	ENSG00000125657	0.7159893802612354	0.7159893802612354	0.7159893802612354
AZD0530	ENSG00000100292	0.7154911143281198	0.7154911143281198	0.7154911143281198
AZD0530	LOC731424	0.7152744934592186	0.7152744934592186	0.7152744934592186
AZD0530	ENSG00000084628	0.7152609923538924	0.7152609923538924	0.7152609923538924
AZD0530	ENSG00000139977	0.7152012871549873	0.7152012871549873	0.7152012871549873
AZD0530	ENSG00000129071	0.7151761437076544	0.7151761437076544	0.7151761437076544
AZD0530	ENSG00000133612	0.7151326681221845	0.7151326681221845	0.7151326681221845
AZD0530	ENSG00000160445	0.7150851039235213	0.7150851039235213	0.7150851039235213
AZD0530	ENSG00000197779	0.7149034281328831	0.7149034281328831	0.7149034281328831
AZD0530	ENSG00000072133	0.7149009076884154	0.7149009076884154	0.7149009076884154
AZD0530	ENSG00000120699	0.7148874796010954	0.7148874796010954	0.7148874796010954
AZD0530	ENSG00000128050	0.7148077926247376	0.7148077926247376	0.7148077926247376
AZD0530	ENSG00000145832	0.7148072400962568	0.7148072400962568	0.7148072400962568
AZD0530	ENSG00000144230	0.7145896118824989	0.7145896118824989	0.7145896118824989
AZD0530	ENSG00000104365	0.7145695027086376	0.7145695027086376	0.7145695027086376
AZD0530	ENSG00000139726	0.7145423361241582	0.7145423361241582	0.7145423361241582
AZD0530	ENSG00000182584	0.7142855357446927	0.7142855357446927	0.7142855357446927
AZD0530	ENSG00000129151	0.7140417481081446	0.7140417481081446	0.7140417481081446
AZD0530	LOC152742	0.7137727648898686	0.7137727648898686	0.7137727648898686
AZD0530	LOC100129961	0.7137606371774664	0.7137606371774664	0.7137606371774664
AZD0530	ENSG00000126106	0.7137582311460343	0.7137582311460343	0.7137582311460343
AZD0530	ENSG00000143369	0.713740286609222	0.713740286609222	0.713740286609222
AZD0530	ENSG00000134982	0.7136993610993451	0.7136993610993451	0.7136993610993451
AZD0530	ENSG00000187098	0.7135043717680885	0.7135043717680885	0.7135043717680885
AZD0530	ENSG00000213347	0.7133900740700179	0.7133900740700179	0.7133900740700179
AZD0530	ENSG00000119760	0.7132431862621285	0.7132431862621285	0.7132431862621285
AZD0530	ENSG00000007168	0.7132113364326328	0.7132113364326328	0.7132113364326328
AZD0530	ENSG00000159079	0.7132102779781507	0.7132102779781507	0.7132102779781507
AZD0530	ENSG00000181929	0.7130228223311557	0.7130228223311557	0.7130228223311557
AZD0530	ENSG00000164331	0.7128444717486689	0.7128444717486689	0.7128444717486689
AZD0530	ENSG00000121766	0.7128433124849013	0.7128433124849013	0.7128433124849013
AZD0530	LOC100507235	0.7128039593312909	0.7128039593312909	0.7128039593312909
AZD0530	ENSG00000183196	0.7127859960632225	0.7127859960632225	0.7127859960632225
AZD0530	ENSG00000105426	0.7127204630002425	0.7127204630002425	0.7127204630002425
AZD0530	ENSG00000242114	0.7125008233183331	0.7125008233183331	0.7125008233183331
AZD0530	ENSG00000240053	0.7122955703211361	0.7122955703211361	0.7122955703211361
AZD0530	ENSG00000166578	0.712089676759644	0.712089676759644	0.712089676759644
AZD0530	ENSG00000099721	0.7118778662218395	0.7118778662218395	0.7118778662218395
AZD0530	ENSG00000226397	0.7118461436530749	0.7118461436530749	0.7118461436530749
AZD0530	LRG_293	0.7117915154459409	0.7117915154459409	0.7117915154459409
AZD0530	ENSG00000152990	0.7116733228222907	0.7116733228222907	0.7116733228222907
AZD0530	ENSG00000160539	0.7116239061616246	0.7116239061616246	0.7116239061616246
AZD0530	PHF15	0.7113700545912636	0.7113700545912636	0.7113700545912636
AZD0530	LOC100506342	0.711274413965623	0.711274413965623	0.711274413965623
AZD0530	ENSG00000172538	0.7111516222351598	0.7111516222351598	0.7111516222351598
AZD0530	ENSG00000100784	0.7111190035503248	0.7111190035503248	0.7111190035503248
AZD0530	ENSG00000138663	0.7109223978969629	0.7109223978969629	0.7109223978969629
AZD0530	ENSG00000177054	0.7108078021182761	0.7108078021182761	0.7108078021182761
AZD0530	ENSG00000165449	0.7107817369329176	0.7107817369329176	0.7107817369329176
AZD0530	ENSG00000137752	0.7107459684860379	0.7107459684860379	0.7107459684860379
AZD0530	ENSG00000088280	0.7107403580013884	0.7107403580013884	0.7107403580013884
AZD0530	ENSG00000115523	0.7107167600815628	0.7107167600815628	0.7107167600815628
AZD0530	ENSG00000281028	0.7106806066229792	0.7106806066229792	0.7106806066229792
AZD0530	MTERFD3	0.7104554308802422	0.7104554308802422	0.7104554308802422
AZD0530	LOC113230	0.7103983014947969	0.7103983014947969	0.7103983014947969
AZD0530	ENSG00000084674	0.7102878529046915	0.7102878529046915	0.7102878529046915
AZD0530	ENSG00000012983	0.7102579833783489	0.7102579833783489	0.7102579833783489
AZD0530	ENSG00000130055	0.7101808813507052	0.7101808813507052	0.7101808813507052
AZD0530	LRG_382	0.7101205337072307	0.7101205337072307	0.7101205337072307
AZD0530	ENSG00000138092	0.7100276842139913	0.7100276842139913	0.7100276842139913
AZD0530	ENSG00000149435	0.710015924069359	0.710015924069359	0.710015924069359
AZD0530	ENSG00000067167	0.7100050864675	0.7100050864675	0.7100050864675
AZD0530	ENSG00000188816	0.7099074389304295	0.7099074389304295	0.7099074389304295
AZD0530	ENSG00000184903	0.7098005099673033	0.7098005099673033	0.7098005099673033
AZD0530	ENSG00000133216	0.7097344493622333	0.7097344493622333	0.7097344493622333
AZD0530	ENSG00000126500	0.7097045055803245	0.7097045055803245	0.7097045055803245
AZD0530	ENSG00000075391	0.7096958100299958	0.7096958100299958	0.7096958100299958
AZD0530	ENSG00000100711	0.7096882370168855	0.7096882370168855	0.7096882370168855
AZD0530	ENSG00000281076	0.7096862607307205	0.7096862607307205	0.7096862607307205
AZD0530	ENSG00000176083	0.7096712497562951	0.7096712497562951	0.7096712497562951
AZD0530	ENSG00000158828	0.7092024958879961	0.7092024958879961	0.7092024958879961
AZD0530	ENSG00000100225	0.7090841316313091	0.7090841316313091	0.7090841316313091
AZD0530	ENSG00000173567	0.7090622404961057	0.7090622404961057	0.7090622404961057
AZD0530	C1orf150	0.7089864467112122	0.7089864467112122	0.7089864467112122
AZD0530	ENSG00000226496	0.7088090985709766	0.7088090985709766	0.7088090985709766
AZD0530	ENSG00000158874	0.708572907835336	0.708572907835336	0.708572907835336
AZD0530	ENSG00000206538	0.7084810134023468	0.7084810134023468	0.7084810134023468
AZD0530	ENSG00000064787	0.7084387440276976	0.7084387440276976	0.7084387440276976
AZD0530	ENSG00000166856	0.708352992412034	0.708352992412034	0.708352992412034
AZD0530	ENSG00000134970	0.7083327283318445	0.7083327283318445	0.7083327283318445
AZD0530	LOC283888	0.7082182680325964	0.7082182680325964	0.7082182680325964
AZD0530	ENSG00000065325	0.708178292425569	0.708178292425569	0.708178292425569
AZD0530	ENSG00000160469	0.7081356149191159	0.7081356149191159	0.7081356149191159
AZD0530	ENSG00000126821	0.7081220531270883	0.7081220531270883	0.7081220531270883
AZD0530	ENSG00000269893	0.7079904552532396	0.7079904552532396	0.7079904552532396
AZD0530	ENSG00000196071	0.7076191114341264	0.7076191114341264	0.7076191114341264
AZD0530	ENSG00000112146	0.7075156615352061	0.7075156615352061	0.7075156615352061
AZD0530	ENSG00000118193	0.707481046321538	0.707481046321538	0.707481046321538
AZD0530	ENSG00000089692	0.7073484661871123	0.7073484661871123	0.7073484661871123
AZD0530	ENSG00000165934	0.7073231152075606	0.7073231152075606	0.7073231152075606
AZD0530	ENSG00000138639	0.7072456573439956	0.7072456573439956	0.7072456573439956
AZD0530	ENSG00000198736	0.7071390597716498	0.7071390597716498	0.7071390597716498
AZD0530	ENSG00000204335	0.7070912747582059	0.7070912747582059	0.7070912747582059
AZD0530	ENSG00000171819	0.7070602294005751	0.7070602294005751	0.7070602294005751
AZD0530	ENSG00000143217	0.7069284949861516	0.7069284949861516	0.7069284949861516
AZD0530	ENSG00000136155	0.7068150440528032	0.7068150440528032	0.7068150440528032
AZD0530	ENSG00000142185	0.7067083380024147	0.7067083380024147	0.7067083380024147
AZD0530	LRG_356	0.7065352251864849	0.7065352251864849	0.7065352251864849
AZD0530	ENSG00000107738	0.7065107464121989	0.7065107464121989	0.7065107464121989
AZD0530	ENSG00000125084	0.7063171208532585	0.7063171208532585	0.7063171208532585
AZD0530	ENSG00000023228	0.7061076731048728	0.7061076731048728	0.7061076731048728
AZD0530	ENSG00000187742	0.7060835517615933	0.7060835517615933	0.7060835517615933
AZD0530	ENSG00000133818	0.7060275097002923	0.7060275097002923	0.7060275097002923
AZD0530	ENSG00000138769	0.7059954589870427	0.7059954589870427	0.7059954589870427
AZD0530	ENSG00000184012	0.7059700139967631	0.7059700139967631	0.7059700139967631
AZD0530	ENSG00000184302	0.70586212366209	0.70586212366209	0.70586212366209
AZD0530	ENSG00000169436	0.7056727442866194	0.7056727442866194	0.7056727442866194
AZD0530	ENSG00000144820	0.7056360978798427	0.7056360978798427	0.7056360978798427
AZD0530	C14orf23	0.7055330780197124	0.7055330780197124	0.7055330780197124
AZD0530	ENSG00000108823	0.7054318251942977	0.7054318251942977	0.7054318251942977
AZD0530	ENSG00000153721	0.705351256707688	0.705351256707688	0.705351256707688
AZD0530	ENSG00000149243	0.7053435429207809	0.7053435429207809	0.7053435429207809
AZD0530	ENSG00000124207	0.7052950286428731	0.7052950286428731	0.7052950286428731
AZD0530	C21orf49	0.7051925732588509	0.7051925732588509	0.7051925732588509
AZD0530	ENSG00000182853	0.7051784824278654	0.7051784824278654	0.7051784824278654
AZD0530	ENSG00000136695	0.7051162580231494	0.7051162580231494	0.7051162580231494
AZD0530	ENSG00000167749	0.7050900590291285	0.7050900590291285	0.7050900590291285
AZD0530	ENSG00000179981	0.7050250101619562	0.7050250101619562	0.7050250101619562
AZD0530	ENSG00000106610	0.7049401508865951	0.7049401508865951	0.7049401508865951
AZD0530	ENSG00000150907	0.7048541648656431	0.7048541648656431	0.7048541648656431
AZD0530	ENSG00000253552	0.7048258889921228	0.7048258889921228	0.7048258889921228
AZD0530	ENSG00000127948	0.7047624283584841	0.7047624283584841	0.7047624283584841
AZD0530	ENSG00000196734	0.7046587153083312	0.7046587153083312	0.7046587153083312
AZD0530	LOC100506679	0.7046260547806543	0.7046260547806543	0.7046260547806543
AZD0530	PRO1768	0.7044841279063119	0.7044841279063119	0.7044841279063119
AZD0530	ENSG00000198815	0.704436346693607	0.704436346693607	0.704436346693607
AZD0530	LOC150197	0.7043557497969679	0.7043557497969679	0.7043557497969679
AZD0530	ENSG00000100095	0.7043155672616505	0.7043155672616505	0.7043155672616505
AZD0530	ENSG00000181830	0.7041814125925264	0.7041814125925264	0.7041814125925264
AZD0530	ENSG00000185345	0.7040809603326211	0.7040809603326211	0.7040809603326211
AZD0530	ENSG00000018869	0.7040271638235445	0.7040271638235445	0.7040271638235445
AZD0530	ENSG00000177189	0.704011632824251	0.704011632824251	0.704011632824251
AZD0530	ENSG00000187554	0.7039281313823442	0.7039281313823442	0.7039281313823442
AZD0530	ENSG00000152495	0.7037777871296944	0.7037777871296944	0.7037777871296944
AZD0530	ENSG00000177839	0.7037382912242732	0.7037382912242732	0.7037382912242732
AZD0530	ENSG00000142751	0.7037092573037395	0.7037092573037395	0.7037092573037395
AZD0530	ENSG00000116793	0.7034327978541604	0.7034327978541604	0.7034327978541604
AZD0530	ENSG00000167721	0.703299088639642	0.703299088639642	0.703299088639642
AZD0530	ENSG00000108375	0.7030598422389718	0.7030598422389718	0.7030598422389718
AZD0530	ENSG00000122778	0.7029712403831112	0.7029712403831112	0.7029712403831112
AZD0530	ENSG00000131051	0.7028449812974141	0.7028449812974141	0.7028449812974141
AZD0530	ENSG00000108773	0.7026618645843263	0.7026618645843263	0.7026618645843263
AZD0530	LRG_252	0.7024900365478384	0.7024900365478384	0.7024900365478384
AZD0530	ENSG00000221923	0.7024089904993366	0.7024089904993366	0.7024089904993366
AZD0530	ENSG00000106605	0.7023703413657434	0.7023703413657434	0.7023703413657434
AZD0530	ENSG00000171557	0.7023402432118246	0.7023402432118246	0.7023402432118246
AZD0530	ENSG00000139517	0.7023007484038578	0.7023007484038578	0.7023007484038578
AZD0530	ENSG00000104432	0.7022626602722146	0.7022626602722146	0.7022626602722146
AZD0530	LOC100130502	0.7021687249910232	0.7021687249910232	0.7021687249910232
AZD0530	ENSG00000163975	0.7021668061025297	0.7021668061025297	0.7021668061025297
AZD0530	LOC100652995	0.7021311170901231	0.7021311170901231	0.7021311170901231
AZD0530	ENSG00000187094	0.7020993243183269	0.7020993243183269	0.7020993243183269
AZD0530	ENSG00000196549	0.7020617998643902	0.7020617998643902	0.7020617998643902
AZD0530	ENSG00000196961	0.7020215477876119	0.7020215477876119	0.7020215477876119
AZD0530	ENSG00000146909	0.7019913162694781	0.7019913162694781	0.7019913162694781
AZD0530	ENSG00000197256	0.7019018903795229	0.7019018903795229	0.7019018903795229
AZD0530	ENSG00000175416	0.7018191215186083	0.7018191215186083	0.7018191215186083
AZD0530	ENSG00000163737	0.701803470238558	0.701803470238558	0.701803470238558
AZD0530	SLC24A6	0.7017542095342951	0.7017542095342951	0.7017542095342951
AZD0530	LOC100127983	0.7014890349166774	0.7014890349166774	0.7014890349166774
AZD0530	ENSG00000280661	0.701417592561321	0.701417592561321	0.701417592561321
AZD0530	ENSG00000163697	0.7014152145028854	0.7014152145028854	0.7014152145028854
AZD0530	ENSG00000129515	0.7014020512693286	0.7014020512693286	0.7014020512693286
AZD0530	DARC	0.7013680071221151	0.7013680071221151	0.7013680071221151
AZD0530	ENSG00000174013	0.701356246215088	0.701356246215088	0.701356246215088
AZD0530	ENSG00000185551	0.7012309390722441	0.7012309390722441	0.7012309390722441
AZD0530	ENSG00000139641	0.7010785620306538	0.7010785620306538	0.7010785620306538
AZD0530	ENSG00000103355	0.70102923791157	0.70102923791157	0.70102923791157
AZD0530	ENSG00000165006	0.7009415518750458	0.7009415518750458	0.7009415518750458
AZD0530	LOC100506126	0.7008500050569599	0.7008500050569599	0.7008500050569599
AZD0530	ENSG00000174628	0.7008126934634031	0.7008126934634031	0.7008126934634031
AZD0530	ENSG00000171777	0.7005644396392635	0.7005644396392635	0.7005644396392635
AZD0530	ENSG00000125285	0.7005268737567464	0.7005268737567464	0.7005268737567464
AZD0530	ENSG00000114204	0.7005257114075928	0.7005257114075928	0.7005257114075928
AZD0530	ENSG00000104957	0.7001875579859523	0.7001875579859523	0.7001875579859523
AZD0530	ENSG00000162522	0.7001832773200272	0.7001832773200272	0.7001832773200272
AZD0530	C13orf33	0.7001830874926552	0.7001830874926552	0.7001830874926552
AZD0530	ENSG00000184908	0.7000772105672456	0.7000772105672456	0.7000772105672456
AZD0530	ENSG00000117318	0.7000651656850362	0.7000651656850362	0.7000651656850362
AZD0530	ENSG00000186432	0.7000550682702295	0.7000550682702295	0.7000550682702295
AZD0530	ENSG00000143257	0.6999748150421461	0.6999748150421461	0.6999748150421461
AZD0530	LOC100507015	0.6999439347474549	0.6999439347474549	0.6999439347474549
AZD0530	ENSG00000136275	0.6999221646742567	0.6999221646742567	0.6999221646742567
AZD0530	ENSG00000172766	0.6996736135675198	0.6996736135675198	0.6996736135675198
AZD0530	ENSG00000174130	0.6995876857294708	0.6995876857294708	0.6995876857294708
AZD0530	ENSG00000165506	0.699542856856893	0.699542856856893	0.699542856856893
AZD0530	ENSG00000196652	0.6995272512480473	0.6995272512480473	0.6995272512480473
AZD0530	ENSG00000163746	0.699391325274714	0.699391325274714	0.699391325274714
AZD0530	ENSG00000173013	0.6991808647410447	0.6991808647410447	0.6991808647410447
AZD0530	ENSG00000239998	0.6991776943275281	0.6991776943275281	0.6991776943275281
AZD0530	ENSG00000133101	0.6991126753117487	0.6991126753117487	0.6991126753117487
AZD0530	ENSG00000198554	0.6986690451336033	0.6986690451336033	0.6986690451336033
AZD0530	ENSG00000007080	0.6986602597568887	0.6986602597568887	0.6986602597568887
AZD0530	ENSG00000099840	0.6986417852277614	0.6986417852277614	0.6986417852277614
AZD0530	ZNF252	0.698603819717575	0.698603819717575	0.698603819717575
AZD0530	ENSG00000142686	0.698274539588307	0.698274539588307	0.698274539588307
AZD0530	ENSG00000158286	0.6980622482806952	0.6980622482806952	0.6980622482806952
AZD0530	ENSG00000163918	0.6980520000919119	0.6980520000919119	0.6980520000919119
AZD0530	LOC338579	0.6978536354159215	0.6978536354159215	0.6978536354159215
AZD0530	ENSG00000134996	0.6975998463049992	0.6975998463049992	0.6975998463049992
AZD0530	LOC440993	0.6974493426154316	0.6974493426154316	0.6974493426154316
AZD0530	ENSG00000167881	0.6973940191099498	0.6973940191099498	0.6973940191099498
AZD0530	ENSG00000133069	0.6973316287821069	0.6973316287821069	0.6973316287821069
AZD0530	ENSG00000115216	0.6972370636779242	0.6972370636779242	0.6972370636779242
AZD0530	ENSG00000242732	0.6972343345345727	0.6972343345345727	0.6972343345345727
AZD0530	ENSG00000213337	0.6971855687473233	0.6971855687473233	0.6971855687473233
AZD0530	ENSG00000119919	0.6970207774260244	0.6970207774260244	0.6970207774260244
AZD0530	ENSG00000166148	0.6968877259946047	0.6968877259946047	0.6968877259946047
AZD0530	ENSG00000138802	0.6968068788209026	0.6968068788209026	0.6968068788209026
AZD0530	ENSG00000172531	0.6966820064999949	0.6966820064999949	0.6966820064999949
AZD0530	ENSG00000156515	0.6966784563598497	0.6966784563598497	0.6966784563598497
AZD0530	ENSG00000157152	0.6966204327298545	0.6966204327298545	0.6966204327298545
AZD0530	ENSG00000137100	0.6965119538867554	0.6965119538867554	0.6965119538867554
AZD0530	ENSG00000080603	0.6964931027190878	0.6964931027190878	0.6964931027190878
AZD0530	ENSG00000114738	0.6964457413825924	0.6964457413825924	0.6964457413825924
AZD0530	ENSG00000140332	0.6962670598904666	0.6962670598904666	0.6962670598904666
AZD0530	LRG_171	0.6962314430405074	0.6962314430405074	0.6962314430405074
AZD0530	ENSG00000164188	0.6959203682269551	0.6959203682269551	0.6959203682269551
AZD0530	ENSG00000139908	0.6957008603776428	0.6957008603776428	0.6957008603776428
AZD0530	ENSG00000142661	0.6955190625138855	0.6955190625138855	0.6955190625138855
AZD0530	ENSG00000179071	0.6955174333664845	0.6955174333664845	0.6955174333664845
AZD0530	ENSG00000204956	0.6954528567282935	0.6954528567282935	0.6954528567282935
AZD0530	ENSG00000064651	0.6954464447908244	0.6954464447908244	0.6954464447908244
AZD0530	ENSG00000158825	0.6952923752788763	0.6952923752788763	0.6952923752788763
AZD0530	ENSG00000167755	0.695234479681916	0.695234479681916	0.695234479681916
AZD0530	ENSG00000213203	0.6951707010905812	0.6951707010905812	0.6951707010905812
AZD0530	ENSG00000013375	0.6950861844467834	0.6950861844467834	0.6950861844467834
AZD0530	ENSG00000256294	0.6950681172777112	0.6950681172777112	0.6950681172777112
AZD0530	ENSG00000130881	0.6949892136002344	0.6949892136002344	0.6949892136002344
AZD0530	ENSG00000110169	0.6949065504594514	0.6949065504594514	0.6949065504594514
AZD0530	ENSG00000165084	0.694705243205748	0.694705243205748	0.694705243205748
AZD0530	ENSG00000132953	0.6945305346627246	0.6945305346627246	0.6945305346627246
AZD0530	ENSG00000164053	0.6943811405724377	0.6943811405724377	0.6943811405724377
AZD0530	ENSG00000164120	0.69431741157566	0.69431741157566	0.69431741157566
AZD0530	ENSG00000132792	0.6943081039987943	0.6943081039987943	0.6943081039987943
AZD0530	LOC100507429	0.6940824316777487	0.6940824316777487	0.6940824316777487
AZD0530	ENSG00000163349	0.6940425897315218	0.6940425897315218	0.6940425897315218
AZD0530	ENSG00000176920	0.6937590737934659	0.6937590737934659	0.6937590737934659
AZD0530	ENSG00000156150	0.6932495973738356	0.6932495973738356	0.6932495973738356
AZD0530	ENSG00000242335	0.693163168098189	0.693163168098189	0.693163168098189
AZD0530	ENSG00000167081	0.6930679346272863	0.6930679346272863	0.6930679346272863
AZD0530	ENSG00000134001	0.6930091410904552	0.6930091410904552	0.6930091410904552
AZD0530	ENSG00000162398	0.6928636497476216	0.6928636497476216	0.6928636497476216
AZD0530	ENSG00000137274	0.6928510725929655	0.6928510725929655	0.6928510725929655
AZD0530	ENSG00000139437	0.6924590427504029	0.6924590427504029	0.6924590427504029
AZD0530	ENSG00000164284	0.6922543866767656	0.6922543866767656	0.6922543866767656
AZD0530	ENSG00000154783	0.6921908114183783	0.6921908114183783	0.6921908114183783
AZD0530	ENSG00000130518	0.6921275711371677	0.6921275711371677	0.6921275711371677
AZD0530	ENSG00000095485	0.6921120530540146	0.6921120530540146	0.6921120530540146
AZD0530	ENSG00000165732	0.6919525652080722	0.6919525652080722	0.6919525652080722
AZD0530	ENSG00000140859	0.6917724089687102	0.6917724089687102	0.6917724089687102
AZD0530	ENSG00000174325	0.6917594810865251	0.6917594810865251	0.6917594810865251
AZD0530	ENSG00000101349	0.6917298817201861	0.6917298817201861	0.6917298817201861
AZD0530	ENSG00000176723	0.6916954116855851	0.6916954116855851	0.6916954116855851
AZD0530	LOC100506172	0.6916674405747985	0.6916674405747985	0.6916674405747985
AZD0530	ENSG00000109103	0.6915628550147733	0.6915628550147733	0.6915628550147733
AZD0530	TEX34	0.6914868153500223	0.6914868153500223	0.6914868153500223
AZD0530	ENSG00000050748	0.6914632646757176	0.6914632646757176	0.6914632646757176
AZD0530	ENSG00000120647	0.6912671767975832	0.6912671767975832	0.6912671767975832
AZD0530	ENSG00000093010	0.6911938996369759	0.6911938996369759	0.6911938996369759
AZD0530	ENSG00000154518	0.6911675846072455	0.6911675846072455	0.6911675846072455
AZD0530	ENSG00000050405	0.6910959223667218	0.6910959223667218	0.6910959223667218
AZD0530	ENSG00000169957	0.6909822472104014	0.6909822472104014	0.6909822472104014
AZD0530	ENSG00000204851	0.6908890548692791	0.6908890548692791	0.6908890548692791
AZD0530	ENSG00000167874	0.6908767355308445	0.6908767355308445	0.6908767355308445
AZD0530	ENSG00000179862	0.6907491037775201	0.6907491037775201	0.6907491037775201
AZD0530	ENSG00000137776	0.6906521222703654	0.6906521222703654	0.6906521222703654
AZD0530	ENSG00000148942	0.6905299632857722	0.6905299632857722	0.6905299632857722
AZD0530	ENSG00000164252	0.690467221112945	0.690467221112945	0.690467221112945
AZD0530	TMEM66	0.6904654709562491	0.6904654709562491	0.6904654709562491
AZD0530	ENSG00000105323	0.6903535622612902	0.6903535622612902	0.6903535622612902
AZD0530	ENSG00000132554	0.6903317042285496	0.6903317042285496	0.6903317042285496
AZD0530	ENSG00000174547	0.6902907203284123	0.6902907203284123	0.6902907203284123
AZD0530	ENSG00000141101	0.6902147809310762	0.6902147809310762	0.6902147809310762
AZD0530	ENSG00000149633	0.6897728158432063	0.6897728158432063	0.6897728158432063
AZD0530	ENSG00000146555	0.6896433354765359	0.6896433354765359	0.6896433354765359
AZD0530	ENSG00000130706	0.6895763248239976	0.6895763248239976	0.6895763248239976
AZD0530	ENSG00000214855	0.689569508336621	0.689569508336621	0.689569508336621
AZD0530	ENSG00000111450	0.6895664041424833	0.6895664041424833	0.6895664041424833
AZD0530	ENSG00000164144	0.6894445362617089	0.6894445362617089	0.6894445362617089
AZD0530	ENSG00000013306	0.6893192370089525	0.6893192370089525	0.6893192370089525
AZD0530	ENSG00000164054	0.6891272245335088	0.6891272245335088	0.6891272245335088
AZD0530	ENSG00000159314	0.6889130066947249	0.6889130066947249	0.6889130066947249
AZD0530	ENSG00000127578	0.6888424002928137	0.6888424002928137	0.6888424002928137
AZD0530	LRG_533	0.6885753893777815	0.6885753893777815	0.6885753893777815
AZD0530	ENSG00000185433	0.6884883615636193	0.6884883615636193	0.6884883615636193
AZD0530	LRG_669	0.6884825226054958	0.6884825226054958	0.6884825226054958
AZD0530	ENSG00000072832	0.688478665349234	0.688478665349234	0.688478665349234
AZD0530	ENSG00000250565	0.6883982487015803	0.6883982487015803	0.6883982487015803
AZD0530	ENSG00000187268	0.6883372836707468	0.6883372836707468	0.6883372836707468
AZD0530	ENSG00000106868	0.6882586842978659	0.6882586842978659	0.6882586842978659
AZD0530	ENSG00000100142	0.688203521417465	0.688203521417465	0.688203521417465
AZD0530	M1	0.6881551590651935	0.6881551590651935	0.6881551590651935
AZD0530	ENSG00000121897	0.688038646119372	0.688038646119372	0.688038646119372
AZD0530	ENSG00000072786	0.6878465775196461	0.6878465775196461	0.6878465775196461
AZD0530	ENSG00000185651	0.6876813923457847	0.6876813923457847	0.6876813923457847
AZD0530	ENSG00000102054	0.6875861813494192	0.6875861813494192	0.6875861813494192
AZD0530	LOC100287015	0.6874686227817188	0.6874686227817188	0.6874686227817188
AZD0530	ENSG00000172046	0.6874153169893219	0.6874153169893219	0.6874153169893219
AZD0530	LOC153684	0.6872818290926402	0.6872818290926402	0.6872818290926402
AZD0530	ENSG00000003249	0.687232251395893	0.687232251395893	0.687232251395893
AZD0530	ENSG00000100433	0.6870353555036183	0.6870353555036183	0.6870353555036183
AZD0530	ENSG00000196576	0.6868950138446618	0.6868950138446618	0.6868950138446618
AZD0530	ENSG00000105819	0.6868437891805411	0.6868437891805411	0.6868437891805411
AZD0530	ENSG00000232995	0.686778860180852	0.686778860180852	0.686778860180852
AZD0530	ENSG00000170703	0.6866593726322543	0.6866593726322543	0.6866593726322543
AZD0530	C10orf58	0.6865515330177269	0.6865515330177269	0.6865515330177269
AZD0530	ENSG00000127054	0.6864998451870923	0.6864998451870923	0.6864998451870923
AZD0530	LRG_484	0.686497526944593	0.686497526944593	0.686497526944593
AZD0530	ENSG00000198740	0.6864740262111164	0.6864740262111164	0.6864740262111164
AZD0530	ENSG00000196365	0.6863445163306973	0.6863445163306973	0.6863445163306973
AZD0530	ENSG00000233429	0.6861942871195252	0.6861942871195252	0.6861942871195252
AZD0530	ENSG00000072422	0.6861615637846559	0.6861615637846559	0.6861615637846559
AZD0530	ENSG00000119698	0.6860729663749587	0.6860729663749587	0.6860729663749587
AZD0530	ENSG00000175224	0.6860718082579425	0.6860718082579425	0.6860718082579425
AZD0530	ENSG00000197617	0.6860157344656234	0.6860157344656234	0.6860157344656234
AZD0530	ENSG00000169826	0.6859546417501781	0.6859546417501781	0.6859546417501781
AZD0530	ENSG00000121039	0.6858604045190877	0.6858604045190877	0.6858604045190877
AZD0530	ENSG00000129696	0.6856882325339567	0.6856882325339567	0.6856882325339567
AZD0530	ENSG00000178904	0.6856278858372387	0.6856278858372387	0.6856278858372387
AZD0530	ENSG00000183840	0.6856180235036706	0.6856180235036706	0.6856180235036706
AZD0530	ENSG00000166439	0.6855887551150696	0.6855887551150696	0.6855887551150696
AZD0530	ENSG00000249915	0.6855171591685356	0.6855171591685356	0.6855171591685356
AZD0530	LOC100505725	0.6853759894177464	0.6853759894177464	0.6853759894177464
AZD0530	LOC100507353	0.685346699724747	0.685346699724747	0.685346699724747
AZD0530	ENSG00000064666	0.685334624114287	0.685334624114287	0.685334624114287
AZD0530	ENSG00000118971	0.6852005468788002	0.6852005468788002	0.6852005468788002
AZD0530	ENSG00000151090	0.6850972254089309	0.6850972254089309	0.6850972254089309
AZD0530	ENSG00000177889	0.6850387505796999	0.6850387505796999	0.6850387505796999
AZD0530	ENSG00000103313	0.6849331189113865	0.6849331189113865	0.6849331189113865
AZD0530	ENSG00000100442	0.6849170024533368	0.6849170024533368	0.6849170024533368
AZD0530	ENSG00000182534	0.6849078231601607	0.6849078231601607	0.6849078231601607
AZD0530	ENSG00000149218	0.684896814330808	0.684896814330808	0.684896814330808
AZD0530	ENSG00000185619	0.6848811076511998	0.6848811076511998	0.6848811076511998
AZD0530	ENSG00000047932	0.6848247579980404	0.6848247579980404	0.6848247579980404
AZD0530	ENSG00000124380	0.6847342824517463	0.6847342824517463	0.6847342824517463
AZD0530	ENSG00000166881	0.6847028023084345	0.6847028023084345	0.6847028023084345
AZD0530	ENSG00000051180	0.6846652186498201	0.6846652186498201	0.6846652186498201
AZD0530	LOC100507372	0.6845685006409277	0.6845685006409277	0.6845685006409277
AZD0530	LOC90834	0.6844624256842359	0.6844624256842359	0.6844624256842359
AZD0530	ENSG00000196924	0.6843785741329901	0.6843785741329901	0.6843785741329901
AZD0530	ENSG00000077713	0.6843422745869275	0.6843422745869275	0.6843422745869275
AZD0530	C1orf180	0.6843334156854548	0.6843334156854548	0.6843334156854548
AZD0530	ENSG00000198793	0.6843221422526993	0.6843221422526993	0.6843221422526993
AZD0530	FLJ31485	0.6843162479169739	0.6843162479169739	0.6843162479169739
AZD0530	ENSG00000115165	0.6842056066338125	0.6842056066338125	0.6842056066338125
AZD0530	ENSG00000181004	0.684109179907347	0.684109179907347	0.684109179907347
AZD0530	ENSG00000004939	0.6840795797049471	0.6840795797049471	0.6840795797049471
AZD0530	ENSG00000168395	0.6839779759831761	0.6839779759831761	0.6839779759831761
AZD0530	ENSG00000152430	0.683806438382617	0.683806438382617	0.683806438382617
AZD0530	ENSG00000147885	0.6837385646948715	0.6837385646948715	0.6837385646948715
AZD0530	LOC100130691	0.6836962963802771	0.6836962963802771	0.6836962963802771
AZD0530	ENSG00000144026	0.6836760557211341	0.6836760557211341	0.6836760557211341
AZD0530	ENSG00000105676	0.6836546282302445	0.6836546282302445	0.6836546282302445
AZD0530	ENSG00000109667	0.6835884446255764	0.6835884446255764	0.6835884446255764
AZD0530	ENSG00000136098	0.6833540762646796	0.6833540762646796	0.6833540762646796
AZD0530	ENSG00000008256	0.6832764788028649	0.6832764788028649	0.6832764788028649
AZD0530	ENSG00000247746	0.6830495242369271	0.6830495242369271	0.6830495242369271
AZD0530	ENSG00000065615	0.6829824102656454	0.6829824102656454	0.6829824102656454
AZD0530	ENSG00000197530	0.6828557016887669	0.6828557016887669	0.6828557016887669
AZD0530	ENSG00000175518	0.6828523362023926	0.6828523362023926	0.6828523362023926
AZD0530	ENSG00000113083	0.6828470254582456	0.6828470254582456	0.6828470254582456
AZD0530	ZFP112	0.6826893018157933	0.6826893018157933	0.6826893018157933
AZD0530	ENSG00000141750	0.6826426096166718	0.6826426096166718	0.6826426096166718
AZD0530	ENSG00000127445	0.682503808266528	0.682503808266528	0.682503808266528
AZD0530	ENSG00000117407	0.6824783421459938	0.6824783421459938	0.6824783421459938
AZD0530	ENSG00000168994	0.6824018347706547	0.6824018347706547	0.6824018347706547
AZD0530	SMCR7L	0.682353565972596	0.682353565972596	0.682353565972596
AZD0530	ENSG00000179085	0.6823398955343697	0.6823398955343697	0.6823398955343697
AZD0530	ENSG00000132313	0.6822708365825927	0.6822708365825927	0.6822708365825927
AZD0530	ENSG00000145826	0.6821139743954814	0.6821139743954814	0.6821139743954814
AZD0530	ENSG00000138795	0.6820629690099107	0.6820629690099107	0.6820629690099107
AZD0530	ENSG00000149177	0.6820253422999979	0.6820253422999979	0.6820253422999979
AZD0530	ENSG00000164825	0.6819433000685212	0.6819433000685212	0.6819433000685212
AZD0530	ENSG00000164619	0.6818888260623472	0.6818888260623472	0.6818888260623472
AZD0530	ENSG00000145439	0.6818786461046816	0.6818786461046816	0.6818786461046816
AZD0530	ENSG00000105438	0.6818597816197972	0.6818597816197972	0.6818597816197972
AZD0530	ENSG00000169218	0.6817303933502895	0.6817303933502895	0.6817303933502895
AZD0530	ENSG00000101986	0.6817109150783354	0.6817109150783354	0.6817109150783354
AZD0530	ENSG00000131379	0.6816811340063657	0.6816811340063657	0.6816811340063657
AZD0530	ENSG00000277442	0.681658243267758	0.681658243267758	0.681658243267758
AZD0530	ENSG00000101605	0.6815827314897216	0.6815827314897216	0.6815827314897216
AZD0530	ENSG00000243335	0.6814148554046627	0.6814148554046627	0.6814148554046627
AZD0530	ENSG00000138650	0.6812963023598247	0.6812963023598247	0.6812963023598247
AZD0530	ENSG00000111796	0.681220097164311	0.681220097164311	0.681220097164311
AZD0530	C12orf23	0.6811536571109952	0.6811536571109952	0.6811536571109952
AZD0530	ENSG00000006611	0.6811495812289156	0.6811495812289156	0.6811495812289156
AZD0530	ENSG00000225511	0.6811050969883393	0.6811050969883393	0.6811050969883393
AZD0530	ENSG00000005882	0.6810269801102744	0.6810269801102744	0.6810269801102744
AZD0530	ENSG00000164880	0.6809767812086363	0.6809767812086363	0.6809767812086363
AZD0530	ENSG00000153395	0.6807630548625221	0.6807630548625221	0.6807630548625221
AZD0530	ENSG00000128595	0.6806182779865716	0.6806182779865716	0.6806182779865716
AZD0530	ENSG00000185480	0.6806091281573786	0.6806091281573786	0.6806091281573786
AZD0530	ENSG00000180879	0.6805275823670767	0.6805275823670767	0.6805275823670767
AZD0530	ENSG00000084636	0.6804572928225643	0.6804572928225643	0.6804572928225643
AZD0530	ENSG00000181847	0.6804138331943723	0.6804138331943723	0.6804138331943723
AZD0530	ENSG00000065328	0.680322875761721	0.680322875761721	0.680322875761721
AZD0530	ENSG00000173114	0.6802565845172003	0.6802565845172003	0.6802565845172003
AZD0530	LOC100505547	0.6800757854988965	0.6800757854988965	0.6800757854988965
AZD0530	ENSG00000169189	0.6798253749516342	0.6798253749516342	0.6798253749516342
AZD0530	ENSG00000166471	0.6797572165317983	0.6797572165317983	0.6797572165317983
AZD0530	ENSG00000146833	0.6797111081214636	0.6797111081214636	0.6797111081214636
AZD0530	ENSG00000047457	0.6796517167197155	0.6796517167197155	0.6796517167197155
AZD0530	ENSG00000145708	0.6795735709408326	0.6795735709408326	0.6795735709408326
AZD0530	ENSG00000150630	0.6795310894044055	0.6795310894044055	0.6795310894044055
AZD0530	ENSG00000129521	0.6794996006028532	0.6794996006028532	0.6794996006028532
AZD0530	ENSG00000113621	0.6793314798976346	0.6793314798976346	0.6793314798976346
AZD0530	ENSG00000115942	0.6792650241296634	0.6792650241296634	0.6792650241296634
AZD0530	ENSG00000159640	0.6791697887333727	0.6791697887333727	0.6791697887333727
AZD0530	ENSG00000213638	0.6790450940183059	0.6790450940183059	0.6790450940183059
AZD0530	ENSG00000152601	0.6790193895463974	0.6790193895463974	0.6790193895463974
AZD0530	ENSG00000163286	0.6789813520096301	0.6789813520096301	0.6789813520096301
AZD0530	LOC400027	0.6788452477193387	0.6788452477193387	0.6788452477193387
AZD0530	LOC339535	0.6787282379150649	0.6787282379150649	0.6787282379150649
AZD0530	ENSG00000244025	0.6787238726299603	0.6787238726299603	0.6787238726299603
AZD0530	ENSG00000206310	0.6785494040320469	0.6785494040320469	0.6785494040320469
AZD0530	ENSG00000274740	0.6783484673679695	0.6783484673679695	0.6783484673679695
AZD0530	ENSG00000133424	0.678317720679671	0.678317720679671	0.678317720679671
AZD0530	ENSG00000054803	0.6782977676640274	0.6782977676640274	0.6782977676640274
AZD0530	ENSG00000060718	0.6782720209850203	0.6782720209850203	0.6782720209850203
AZD0530	ENSG00000135423	0.6782681569723589	0.6782681569723589	0.6782681569723589
AZD0530	ENSG00000106392	0.6782346713505558	0.6782346713505558	0.6782346713505558
AZD0530	ENSG00000075945	0.6782005006361836	0.6782005006361836	0.6782005006361836
AZD0530	ENSG00000165912	0.6781224470753607	0.6781224470753607	0.6781224470753607
AZD0530	ENSG00000183251	0.6780840990758217	0.6780840990758217	0.6780840990758217
AZD0530	ENSG00000213465	0.6780041620187995	0.6780041620187995	0.6780041620187995
AZD0530	ENSG00000175175	0.6778454665239073	0.6778454665239073	0.6778454665239073
AZD0530	FAM105B	0.6778138302082162	0.6778138302082162	0.6778138302082162
AZD0530	ENSG00000109063	0.6776332159230374	0.6776332159230374	0.6776332159230374
AZD0530	ENSG00000088298	0.677314183661314	0.677314183661314	0.677314183661314
AZD0530	ENSG00000146070	0.6772588727294486	0.6772588727294486	0.6772588727294486
AZD0530	tAKR	0.6772044069531554	0.6772044069531554	0.6772044069531554
AZD0530	ENSG00000118733	0.6770531321040377	0.6770531321040377	0.6770531321040377
AZD0530	LOC100505890	0.676944555239444	0.676944555239444	0.676944555239444
AZD0530	ENSG00000111249	0.6769433472523401	0.6769433472523401	0.6769433472523401
AZD0530	LOC100507226	0.6768937502549902	0.6768937502549902	0.6768937502549902
AZD0530	ENSG00000100393	0.6768792526471052	0.6768792526471052	0.6768792526471052
AZD0530	ENSG00000124701	0.6766170858022666	0.6766170858022666	0.6766170858022666
AZD0530	ENSG00000125815	0.6765481740501309	0.6765481740501309	0.6765481740501309
AZD0530	ENSG00000140262	0.6765245335496738	0.6765245335496738	0.6765245335496738
AZD0530	ENSG00000170175	0.676225296128467	0.676225296128467	0.676225296128467
AZD0530	ENSG00000110048	0.676208138860734	0.676208138860734	0.676208138860734
AZD0530	ENSG00000134440	0.6761410074514514	0.6761410074514514	0.6761410074514514
AZD0530	ENSG00000118495	0.6761308579275151	0.6761308579275151	0.6761308579275151
AZD0530	ENSG00000277222	0.6760200286210155	0.6760200286210155	0.6760200286210155
AZD0530	ENSG00000167524	0.6759076285067173	0.6759076285067173	0.6759076285067173
AZD0530	FAM82A1	0.6758727679606324	0.6758727679606324	0.6758727679606324
AZD0530	ENSG00000054690	0.6758622897122404	0.6758622897122404	0.6758622897122404
AZD0530	ENSG00000197417	0.6758218899846089	0.6758218899846089	0.6758218899846089
AZD0530	ENSG00000155158	0.6758136555083751	0.6758136555083751	0.6758136555083751
AZD0530	ENSG00000125903	0.6755568163846448	0.6755568163846448	0.6755568163846448
AZD0530	ENSG00000165943	0.6755565771343479	0.6755565771343479	0.6755565771343479
AZD0530	ENSG00000171786	0.675534517530858	0.675534517530858	0.675534517530858
AZD0530	ENSG00000205436	0.6754819958372931	0.6754819958372931	0.6754819958372931
AZD0530	ENSG00000136235	0.6754657071579477	0.6754657071579477	0.6754657071579477
AZD0530	ENSG00000146678	0.6753860012621524	0.6753860012621524	0.6753860012621524
AZD0530	ENSG00000130477	0.6753546865081316	0.6753546865081316	0.6753546865081316
AZD0530	ENSG00000152804	0.6753298461863233	0.6753298461863233	0.6753298461863233
AZD0530	ENSG00000118705	0.6752934320992935	0.6752934320992935	0.6752934320992935
AZD0530	ENSG00000153832	0.675276440992509	0.675276440992509	0.675276440992509
AZD0530	ENSG00000235602	0.6751933410464664	0.6751933410464664	0.6751933410464664
AZD0530	ENSG00000148339	0.6751319339167913	0.6751319339167913	0.6751319339167913
AZD0530	ENSG00000001084	0.6750502060926336	0.6750502060926336	0.6750502060926336
AZD0530	ENSG00000170091	0.675042649842282	0.675042649842282	0.675042649842282
AZD0530	ENSG00000174125	0.674997273034339	0.674997273034339	0.674997273034339
AZD0530	ENSG00000164707	0.6749668087694224	0.6749668087694224	0.6749668087694224
AZD0530	ENSG00000186354	0.6749207625822203	0.6749207625822203	0.6749207625822203
AZD0530	ENSG00000165458	0.6749073645707265	0.6749073645707265	0.6749073645707265
AZD0530	ENSG00000100767	0.6747333447655491	0.6747333447655491	0.6747333447655491
AZD0530	ENSG00000196353	0.6747237560522773	0.6747237560522773	0.6747237560522773
AZD0530	ENSG00000004779	0.6746562078262112	0.6746562078262112	0.6746562078262112
AZD0530	ENSG00000035928	0.6746371103045545	0.6746371103045545	0.6746371103045545
AZD0530	ENSG00000166140	0.6743765233181584	0.6743765233181584	0.6743765233181584
AZD0530	LOC100506687	0.6741618184065695	0.6741618184065695	0.6741618184065695
AZD0530	LOC285548	0.6741371137978519	0.6741371137978519	0.6741371137978519
AZD0530	ENSG00000181264	0.674113446335542	0.674113446335542	0.674113446335542
AZD0530	ENSG00000183955	0.6740750856799386	0.6740750856799386	0.6740750856799386
AZD0530	ENSG00000176390	0.6738329711012389	0.6738329711012389	0.6738329711012389
AZD0530	ENSG00000171246	0.6737980466524403	0.6737980466524403	0.6737980466524403
AZD0530	ZNF295	0.6737432428401824	0.6737432428401824	0.6737432428401824
AZD0530	ENSG00000272031	0.6737128374556006	0.6737128374556006	0.6737128374556006
AZD0530	LOC440944	0.6734332072313881	0.6734332072313881	0.6734332072313881
AZD0530	ENSG00000143947	0.6732986296759887	0.6732986296759887	0.6732986296759887
AZD0530	ENSG00000177302	0.6732702624203377	0.6732702624203377	0.6732702624203377
AZD0530	ENSG00000188803	0.6728925254700378	0.6728925254700378	0.6728925254700378
AZD0530	ENSG00000102053	0.6728555386381813	0.6728555386381813	0.6728555386381813
AZD0530	ENSG00000179636	0.6728174764300625	0.6728174764300625	0.6728174764300625
AZD0530	ENSG00000197568	0.6727575901486325	0.6727575901486325	0.6727575901486325
AZD0530	ENSG00000089902	0.6725182840160677	0.6725182840160677	0.6725182840160677
AZD0530	ENSG00000159214	0.672340456607395	0.672340456607395	0.672340456607395
AZD0530	ENSG00000058600	0.6721758209215345	0.6721758209215345	0.6721758209215345
AZD0530	ENSG00000096080	0.6720438159376991	0.6720438159376991	0.6720438159376991
AZD0530	C10orf136	0.6719306234037785	0.6719306234037785	0.6719306234037785
AZD0530	ENSG00000203805	0.6718703956187259	0.6718703956187259	0.6718703956187259
AZD0530	ENSG00000109911	0.6717954061657159	0.6717954061657159	0.6717954061657159
AZD0530	ENSG00000281758	0.6716202542203101	0.6716202542203101	0.6716202542203101
AZD0530	LOC284408	0.6715344871549448	0.6715344871549448	0.6715344871549448
AZD0530	ENSG00000112343	0.6714969590746892	0.6714969590746892	0.6714969590746892
AZD0530	ENSG00000118523	0.6713792946018967	0.6713792946018967	0.6713792946018967
AZD0530	ENSG00000145358	0.6709962944821026	0.6709962944821026	0.6709962944821026
AZD0530	ENSG00000189037	0.6706226487947039	0.6706226487947039	0.6706226487947039
AZD0530	ENSG00000036530	0.6705983319824917	0.6705983319824917	0.6705983319824917
AZD0530	ENSG00000168811	0.6705723238709633	0.6705723238709633	0.6705723238709633
AZD0530	LOC100506710	0.670088643589954	0.670088643589954	0.670088643589954
AZD0530	ENSG00000058335	0.6699587680399156	0.6699587680399156	0.6699587680399156
AZD0530	ENSG00000137959	0.6699473582396365	0.6699473582396365	0.6699473582396365
AZD0530	ENSG00000071242	0.6698440071313292	0.6698440071313292	0.6698440071313292
AZD0530	ENSG00000103569	0.6696179195354593	0.6696179195354593	0.6696179195354593
AZD0530	ENSG00000085871	0.6695812698801128	0.6695812698801128	0.6695812698801128
AZD0530	ENSG00000112941	0.6695323111929662	0.6695323111929662	0.6695323111929662
AZD0530	ENSG00000182858	0.6694981847440036	0.6694981847440036	0.6694981847440036
AZD0530	ENSG00000088756	0.669416510214952	0.669416510214952	0.669416510214952
AZD0530	ENSG00000167461	0.6693783999053299	0.6693783999053299	0.6693783999053299
AZD0530	ENSG00000132382	0.6692854368911844	0.6692854368911844	0.6692854368911844
AZD0530	FLJ34503	0.6692730638077147	0.6692730638077147	0.6692730638077147
AZD0530	ENSG00000127530	0.6690984523642743	0.6690984523642743	0.6690984523642743
AZD0530	LRG_155	0.6690975567530444	0.6690975567530444	0.6690975567530444
AZD0530	LRG_221	0.6690238131722276	0.6690238131722276	0.6690238131722276
AZD0530	ENSG00000069482	0.6688626758202937	0.6688626758202937	0.6688626758202937
AZD0530	ENSG00000242259	0.6688183195379864	0.6688183195379864	0.6688183195379864
AZD0530	ENSG00000158717	0.6688030049218772	0.6688030049218772	0.6688030049218772
AZD0530	ENSG00000196182	0.6687895703968263	0.6687895703968263	0.6687895703968263
AZD0530	ENSG00000100385	0.6687670922508728	0.6687670922508728	0.6687670922508728
AZD0530	LOC400620	0.6687613553260963	0.6687613553260963	0.6687613553260963
AZD0530	ENSG00000085276	0.6687610601225339	0.6687610601225339	0.6687610601225339
AZD0530	LRG_332	0.6686140911700539	0.6686140911700539	0.6686140911700539
AZD0530	ENSG00000143469	0.6683830038201966	0.6683830038201966	0.6683830038201966
AZD0530	ENSG00000149289	0.6681896310278825	0.6681896310278825	0.6681896310278825
AZD0530	ENSG00000167216	0.6677919812894187	0.6677919812894187	0.6677919812894187
AZD0530	ENSG00000176907	0.6677558968803653	0.6677558968803653	0.6677558968803653
AZD0530	ENSG00000198198	0.6677494046314146	0.6677494046314146	0.6677494046314146
AZD0530	ENSG00000114251	0.6675959873288589	0.6675959873288589	0.6675959873288589
AZD0530	ENSG00000250312	0.6675128265219794	0.6675128265219794	0.6675128265219794
AZD0530	ENSG00000240654	0.6673797813220002	0.6673797813220002	0.6673797813220002
AZD0530	LRG_393	0.6673279291673031	0.6673279291673031	0.6673279291673031
AZD0530	LOC100505681	0.6671679223983156	0.6671679223983156	0.6671679223983156
AZD0530	ENSG00000117620	0.6668848602645738	0.6668848602645738	0.6668848602645738
AZD0530	ENSG00000136449	0.666825679246469	0.666825679246469	0.666825679246469
AZD0530	ENSG00000185909	0.6667476233665481	0.6667476233665481	0.6667476233665481
AZD0530	ENSG00000204899	0.6667125419143116	0.6667125419143116	0.6667125419143116
AZD0530	ENSG00000147889	0.6666325911782341	0.6666325911782341	0.6666325911782341
AZD0530	ENSG00000198453	0.666542791682839	0.666542791682839	0.666542791682839
AZD0530	ENSG00000116455	0.6664511084482309	0.6664511084482309	0.6664511084482309
AZD0530	ENSG00000174175	0.6663359313211199	0.6663359313211199	0.6663359313211199
AZD0530	LOC100506154	0.6661591192092515	0.6661591192092515	0.6661591192092515
AZD0530	ENSG00000183729	0.6661223761700271	0.6661223761700271	0.6661223761700271
AZD0530	ENSG00000187555	0.6659179792566716	0.6659179792566716	0.6659179792566716
AZD0530	ENSG00000120868	0.6659096576747732	0.6659096576747732	0.6659096576747732
AZD0530	ENSG00000186448	0.6658890199329026	0.6658890199329026	0.6658890199329026
AZD0530	ENSG00000187513	0.6658517139586558	0.6658517139586558	0.6658517139586558
AZD0530	ENSG00000115568	0.6658449020399703	0.6658449020399703	0.6658449020399703
AZD0530	ENSG00000189077	0.6656556346912847	0.6656556346912847	0.6656556346912847
AZD0530	ENSG00000159685	0.6656447849647349	0.6656447849647349	0.6656447849647349
AZD0530	LRG_34	0.6654340032299585	0.6654340032299585	0.6654340032299585
AZD0530	ENSG00000116044	0.6654155041204559	0.6654155041204559	0.6654155041204559
AZD0530	ENSG00000165304	0.6653098899036373	0.6653098899036373	0.6653098899036373
AZD0530	ENSG00000147394	0.6652804574323098	0.6652804574323098	0.6652804574323098
AZD0530	ENSG00000123130	0.6652741080202569	0.6652741080202569	0.6652741080202569
AZD0530	ENSG00000166816	0.6652375362722577	0.6652375362722577	0.6652375362722577
AZD0530	ENSG00000168594	0.665232914437464	0.665232914437464	0.665232914437464
AZD0530	ENSG00000230937	0.6652052405086566	0.6652052405086566	0.6652052405086566
AZD0530	ENSG00000182272	0.6651793236898609	0.6651793236898609	0.6651793236898609
AZD0530	FAM123C	0.66506543619449	0.66506543619449	0.66506543619449
AZD0530	ENSG00000119953	0.664864196634468	0.664864196634468	0.664864196634468
AZD0530	ENSG00000117899	0.6647418978812131	0.6647418978812131	0.6647418978812131
AZD0530	ENSG00000013364	0.6647120773869261	0.6647120773869261	0.6647120773869261
AZD0530	ENSG00000129559	0.664667918393998	0.664667918393998	0.664667918393998
AZD0530	ENSG00000124140	0.6646557016696264	0.6646557016696264	0.6646557016696264
AZD0530	ENSG00000143621	0.6645678606232214	0.6645678606232214	0.6645678606232214
AZD0530	ENSG00000259458	0.6643818118636957	0.6643818118636957	0.6643818118636957
AZD0530	LOC283481	0.6643621253378632	0.6643621253378632	0.6643621253378632
AZD0530	ENSG00000174669	0.6642026324909094	0.6642026324909094	0.6642026324909094
AZD0530	ENSG00000203791	0.6641760572760216	0.6641760572760216	0.6641760572760216
AZD0530	ENSG00000148053	0.6641143728711124	0.6641143728711124	0.6641143728711124
AZD0530	ENSG00000122728	0.6640929026860583	0.6640929026860583	0.6640929026860583
AZD0530	ENSG00000164930	0.6640160114617462	0.6640160114617462	0.6640160114617462
AZD0530	LOC100506030	0.6639906501033246	0.6639906501033246	0.6639906501033246
AZD0530	ENSG00000143811	0.6638081411243809	0.6638081411243809	0.6638081411243809
AZD0530	ENSG00000168924	0.6637886130612898	0.6637886130612898	0.6637886130612898
AZD0530	ENSG00000075290	0.6637201130670958	0.6637201130670958	0.6637201130670958
AZD0530	LOC100506358	0.6634939598695299	0.6634939598695299	0.6634939598695299
AZD0530	ENSG00000103066	0.6634402714851699	0.6634402714851699	0.6634402714851699
AZD0530	ENSG00000204347	0.6634348422921458	0.6634348422921458	0.6634348422921458
AZD0530	ENSG00000185385	0.6633595727496705	0.6633595727496705	0.6633595727496705
AZD0530	ENSG00000106689	0.6633156997554333	0.6633156997554333	0.6633156997554333
AZD0530	ENSG00000157426	0.6632122258735956	0.6632122258735956	0.6632122258735956
AZD0530	ENSG00000123643	0.66317723888466	0.66317723888466	0.66317723888466
AZD0530	LOC100652740	0.6631503890553769	0.6631503890553769	0.6631503890553769
AZD0530	ENSG00000160190	0.6631462007705592	0.6631462007705592	0.6631462007705592
AZD0530	ENSG00000136159	0.6631046378269396	0.6631046378269396	0.6631046378269396
AZD0530	ENSG00000157703	0.6630854766033993	0.6630854766033993	0.6630854766033993
AZD0530	ENSG00000172354	0.663078849770622	0.663078849770622	0.663078849770622
AZD0530	ENSG00000127952	0.6629514098369247	0.6629514098369247	0.6629514098369247
AZD0530	ENSG00000168515	0.6629304192098824	0.6629304192098824	0.6629304192098824
AZD0530	ENSG00000139287	0.6627811783581296	0.6627811783581296	0.6627811783581296
AZD0530	PPYR1	0.6626901124284104	0.6626901124284104	0.6626901124284104
AZD0530	ENSG00000168026	0.6626453424704398	0.6626453424704398	0.6626453424704398
AZD0530	ENSG00000228263	0.6626173810670593	0.6626173810670593	0.6626173810670593
AZD0530	ENSG00000259581	0.6625990447063133	0.6625990447063133	0.6625990447063133
AZD0530	ENSG00000115042	0.6625901856731291	0.6625901856731291	0.6625901856731291
AZD0530	MGC34034	0.6625733325585434	0.6625733325585434	0.6625733325585434
AZD0530	ENSG00000105171	0.6625416295353775	0.6625416295353775	0.6625416295353775
AZD0530	ENSG00000065135	0.6625231896145278	0.6625231896145278	0.6625231896145278
AZD0530	ENSG00000135821	0.6624543988892715	0.6624543988892715	0.6624543988892715
AZD0530	ENSG00000205517	0.6624096286201826	0.6624096286201826	0.6624096286201826
AZD0530	ENSG00000116117	0.6622840892358212	0.6622840892358212	0.6622840892358212
AZD0530	ENSG00000104219	0.6621949674742091	0.6621949674742091	0.6621949674742091
AZD0530	ENSG00000141030	0.6621855309290612	0.6621855309290612	0.6621855309290612
AZD0530	ENSG00000176973	0.6621778446346591	0.6621778446346591	0.6621778446346591
AZD0530	ENSG00000178694	0.6618490170000046	0.6618490170000046	0.6618490170000046
AZD0530	ENSG00000243543	0.6617886462240998	0.6617886462240998	0.6617886462240998
AZD0530	ENSG00000178243	0.6617408239386428	0.6617408239386428	0.6617408239386428
AZD0530	ENSG00000144410	0.6617055084277849	0.6617055084277849	0.6617055084277849
AZD0530	ENSG00000113522	0.661455115655791	0.661455115655791	0.661455115655791
AZD0530	ENSG00000100139	0.6612512277329059	0.6612512277329059	0.6612512277329059
AZD0530	ENSG00000145908	0.6612011778923756	0.6612011778923756	0.6612011778923756
AZD0530	ENSG00000175449	0.661180664275894	0.661180664275894	0.661180664275894
AZD0530	ENSG00000112249	0.6610887111974599	0.6610887111974599	0.6610887111974599
AZD0530	ENSG00000187672	0.6608853136971843	0.6608853136971843	0.6608853136971843
AZD0530	ENSG00000203837	0.6608852674440183	0.6608852674440183	0.6608852674440183
AZD0530	ENSG00000169562	0.6608528763116246	0.6608528763116246	0.6608528763116246
AZD0530	ENSG00000101441	0.6608365888720162	0.6608365888720162	0.6608365888720162
AZD0530	ENSG00000105672	0.660812958178361	0.660812958178361	0.660812958178361
AZD0530	ENSG00000133134	0.6607981358697981	0.6607981358697981	0.6607981358697981
AZD0530	ENSG00000084733	0.6607142680288762	0.6607142680288762	0.6607142680288762
AZD0530	LRG_421	0.6604484430325959	0.6604484430325959	0.6604484430325959
AZD0530	ENSG00000089012	0.6603087282372937	0.6603087282372937	0.6603087282372937
AZD0530	ENSG00000146666	0.6602668741187044	0.6602668741187044	0.6602668741187044
AZD0530	C15orf34	0.6601957640332523	0.6601957640332523	0.6601957640332523
AZD0530	ENSG00000168843	0.6601212598623044	0.6601212598623044	0.6601212598623044
AZD0530	ENSG00000147548	0.6600658539693375	0.6600658539693375	0.6600658539693375
AZD0530	ENSG00000127527	0.6600145305002293	0.6600145305002293	0.6600145305002293
AZD0530	LOC100507146	0.6600083525312976	0.6600083525312976	0.6600083525312976
AZD0530	ENSG00000058799	0.6599541472079572	0.6599541472079572	0.6599541472079572
AZD0530	ENSG00000074855	0.6598307333608086	0.6598307333608086	0.6598307333608086
AZD0530	ENSG00000129460	0.659808608423912	0.659808608423912	0.659808608423912
AZD0530	ENSG00000167397	0.6597703751861015	0.6597703751861015	0.6597703751861015
AZD0530	ENSG00000214756	0.6596873308784756	0.6596873308784756	0.6596873308784756
AZD0530	SIGLECP3	0.6595583170974143	0.6595583170974143	0.6595583170974143
AZD0530	LOC100270804	0.6595535677616166	0.6595535677616166	0.6595535677616166
AZD0530	ENSG00000136925	0.659552999151484	0.659552999151484	0.659552999151484
AZD0530	LOC100505545	0.6595139905659481	0.6595139905659481	0.6595139905659481
AZD0530	ENSG00000100722	0.6594648211656045	0.6594648211656045	0.6594648211656045
AZD0530	ENSG00000138347	0.659432670506602	0.659432670506602	0.659432670506602
AZD0530	ENSG00000107105	0.6594231942255815	0.6594231942255815	0.6594231942255815
AZD0530	ENSG00000179262	0.6593167353237279	0.6593167353237279	0.6593167353237279
AZD0530	ENSG00000132661	0.6593128997225255	0.6593128997225255	0.6593128997225255
AZD0530	ENSG00000090674	0.6590997699802794	0.6590997699802794	0.6590997699802794
AZD0530	ENSG00000211899	0.658860326087384	0.658860326087384	0.658860326087384
AZD0530	ODZ3	0.6586560681771918	0.6586560681771918	0.6586560681771918
AZD0530	ENSG00000204420	0.6586434157568307	0.6586434157568307	0.6586434157568307
AZD0530	ENSG00000089199	0.6586058259661252	0.6586058259661252	0.6586058259661252
AZD0530	ENSG00000273259	0.6585955227739736	0.6585955227739736	0.6585955227739736
AZD0530	ENSG00000164651	0.6584006484801126	0.6584006484801126	0.6584006484801126
AZD0530	KIAA0947	0.6583702399009073	0.6583702399009073	0.6583702399009073
AZD0530	ENSG00000102218	0.6583259019624005	0.6583259019624005	0.6583259019624005
AZD0530	ENSG00000168995	0.658274886071191	0.658274886071191	0.658274886071191
AZD0530	ENSG00000273045	0.6580995928976607	0.6580995928976607	0.6580995928976607
AZD0530	ENSG00000168813	0.6580918208785782	0.6580918208785782	0.6580918208785782
AZD0530	ENSG00000178177	0.6580626726659611	0.6580626726659611	0.6580626726659611
AZD0530	ENSG00000160868	0.6580230127221465	0.6580230127221465	0.6580230127221465
AZD0530	ENSG00000135407	0.6578491703159219	0.6578491703159219	0.6578491703159219
AZD0530	ENSG00000107890	0.6577248850023258	0.6577248850023258	0.6577248850023258
AZD0530	ENSG00000160360	0.6576300448293101	0.6576300448293101	0.6576300448293101
AZD0530	ENSG00000134109	0.6574306907019983	0.6574306907019983	0.6574306907019983
AZD0530	ENSG00000125744	0.6572707224695302	0.6572707224695302	0.6572707224695302
AZD0530	ENSG00000170266	0.6572420606903266	0.6572420606903266	0.6572420606903266
AZD0530	ENSG00000127831	0.6572211865875623	0.6572211865875623	0.6572211865875623
AZD0530	ENSG00000009765	0.6565536311314679	0.6565536311314679	0.6565536311314679
AZD0530	ENSG00000167074	0.6563459825456731	0.6563459825456731	0.6563459825456731
AZD0530	LOC494558	0.6563285508222492	0.6563285508222492	0.6563285508222492
AZD0530	ENSG00000114735	0.6561333823336061	0.6561333823336061	0.6561333823336061
AZD0530	ENSG00000171798	0.6558817217272428	0.6558817217272428	0.6558817217272428
AZD0530	ENSG00000171865	0.6558524745222479	0.6558524745222479	0.6558524745222479
AZD0530	ENSG00000109193	0.6558204532350872	0.6558204532350872	0.6558204532350872
AZD0530	ENSG00000160345	0.6557993444546975	0.6557993444546975	0.6557993444546975
AZD0530	ENSG00000010539	0.6556673613222136	0.6556673613222136	0.6556673613222136
AZD0530	ENSG00000115762	0.6555893115744805	0.6555893115744805	0.6555893115744805
AZD0530	ENSG00000005302	0.6555856280358505	0.6555856280358505	0.6555856280358505
AZD0530	ENSG00000145242	0.6554749996654999	0.6554749996654999	0.6554749996654999
AZD0530	ENSG00000007350	0.6554565845985664	0.6554565845985664	0.6554565845985664
AZD0530	ENSG00000196196	0.6553731099316181	0.6553731099316181	0.6553731099316181
AZD0530	ENSG00000160472	0.6553546763029785	0.6553546763029785	0.6553546763029785
AZD0530	ENSG00000112312	0.6552386012533581	0.6552386012533581	0.6552386012533581
AZD0530	ENSG00000162378	0.6549964313637582	0.6549964313637582	0.6549964313637582
AZD0530	ENSG00000013297	0.6549145049477726	0.6549145049477726	0.6549145049477726
AZD0530	ENSG00000087495	0.654900718959557	0.654900718959557	0.654900718959557
AZD0530	ENSG00000158869	0.6548777383834455	0.6548777383834455	0.6548777383834455
AZD0530	ENSG00000223481	0.6548524012895105	0.6548524012895105	0.6548524012895105
AZD0530	ENSG00000185261	0.654815579042724	0.654815579042724	0.654815579042724
AZD0530	ENSG00000184517	0.6547848787139557	0.6547848787139557	0.6547848787139557
AZD0530	ENSG00000048462	0.6547793634845281	0.6547793634845281	0.6547793634845281
AZD0530	ENSG00000121853	0.6547715606178482	0.6547715606178482	0.6547715606178482
AZD0530	ENSG00000161091	0.6546538909359053	0.6546538909359053	0.6546538909359053
AZD0530	ENSG00000178149	0.6545843950485908	0.6545843950485908	0.6545843950485908
AZD0530	ENSG00000122705	0.6544252141008289	0.6544252141008289	0.6544252141008289
AZD0530	ENSG00000138080	0.6544005316458065	0.6544005316458065	0.6544005316458065
AZD0530	ENSG00000167414	0.6543432002652788	0.6543432002652788	0.6543432002652788
AZD0530	ENSG00000131400	0.6541033225089944	0.6541033225089944	0.6541033225089944
AZD0530	LOC645722	0.6540723149351848	0.6540723149351848	0.6540723149351848
AZD0530	ENSG00000067955	0.6540623723649082	0.6540623723649082	0.6540623723649082
AZD0530	ENSG00000126787	0.6539589302189418	0.6539589302189418	0.6539589302189418
AZD0530	ENSG00000273111	0.6539144452567837	0.6539144452567837	0.6539144452567837
AZD0530	ENSG00000169764	0.6539070994197763	0.6539070994197763	0.6539070994197763
AZD0530	LOC100049716	0.6538799557406817	0.6538799557406817	0.6538799557406817
AZD0530	ENSG00000111801	0.6538786266485342	0.6538786266485342	0.6538786266485342
AZD0530	ENSG00000187189	0.6535847053132807	0.6535847053132807	0.6535847053132807
AZD0530	ENSG00000105697	0.6534527777327218	0.6534527777327218	0.6534527777327218
AZD0530	ENSG00000132275	0.653268343520426	0.653268343520426	0.653268343520426
AZD0530	ENSG00000074211	0.653254768173452	0.653254768173452	0.653254768173452
AZD0530	ENSG00000175305	0.6532272411284658	0.6532272411284658	0.6532272411284658
AZD0530	ENSG00000165417	0.6528379012242108	0.6528379012242108	0.6528379012242108
AZD0530	ENSG00000176055	0.6527182490879153	0.6527182490879153	0.6527182490879153
AZD0530	ENSG00000183155	0.6526236273034431	0.6526236273034431	0.6526236273034431
AZD0530	ENSG00000137252	0.6524812105264257	0.6524812105264257	0.6524812105264257
AZD0530	ENSG00000101236	0.6524609447256104	0.6524609447256104	0.6524609447256104
AZD0530	ENSG00000010310	0.6524160731983288	0.6524160731983288	0.6524160731983288
AZD0530	ENSG00000182952	0.6523351316270389	0.6523351316270389	0.6523351316270389
AZD0530	ENSG00000110497	0.6523150152921797	0.6523150152921797	0.6523150152921797
AZD0530	ENSG00000130173	0.6523078802275005	0.6523078802275005	0.6523078802275005
AZD0530	ENSG00000178772	0.6520391948128751	0.6520391948128751	0.6520391948128751
AZD0530	ENSG00000121570	0.6518817827755649	0.6518817827755649	0.6518817827755649
AZD0530	ENSG00000197734	0.6518063841857125	0.6518063841857125	0.6518063841857125
AZD0530	ENSG00000144451	0.6517624642811203	0.6517624642811203	0.6517624642811203
AZD0530	ENSG00000095066	0.6517445412019739	0.6517445412019739	0.6517445412019739
AZD0530	ENSG00000158092	0.651669429163845	0.651669429163845	0.651669429163845
AZD0530	ENSG00000164542	0.6516636083843522	0.6516636083843522	0.6516636083843522
AZD0530	ENSG00000163904	0.6513875763927168	0.6513875763927168	0.6513875763927168
AZD0530	ENSG00000196591	0.6513836553506123	0.6513836553506123	0.6513836553506123
AZD0530	ENSG00000164733	0.6509796988502954	0.6509796988502954	0.6509796988502954
AZD0530	ENSG00000162949	0.6507535583660884	0.6507535583660884	0.6507535583660884
AZD0530	ENSG00000080910	0.6507462725691894	0.6507462725691894	0.6507462725691894
AZD0530	ENSG00000010438	0.6505621432698028	0.6505621432698028	0.6505621432698028
AZD0530	ENSG00000150527	0.650095390046283	0.650095390046283	0.650095390046283
AZD0530	ENSG00000134871	0.6498456156687448	0.6498456156687448	0.6498456156687448
AZD0530	ENSG00000083807	0.6498302444373508	0.6498302444373508	0.6498302444373508
AZD0530	ENSG00000238227	0.6498155037724913	0.6498155037724913	0.6498155037724913
AZD0530	ENSG00000137709	0.6497932079921045	0.6497932079921045	0.6497932079921045
AZD0530	ENSG00000099624	0.6497848693824637	0.6497848693824637	0.6497848693824637
AZD0530	ENSG00000196352	0.6496014887874445	0.6496014887874445	0.6496014887874445
AZD0530	ENSG00000128891	0.6495416826371776	0.6495416826371776	0.6495416826371776
AZD0530	ENSG00000105329	0.6494186974409437	0.6494186974409437	0.6494186974409437
AZD0530	ENSG00000164867	0.6493030291131869	0.6493030291131869	0.6493030291131869
AZD0530	ENSG00000125492	0.6492695805925467	0.6492695805925467	0.6492695805925467
AZD0530	ENSG00000129317	0.6491577721386844	0.6491577721386844	0.6491577721386844
AZD0530	ENSG00000163636	0.6491290245457705	0.6491290245457705	0.6491290245457705
AZD0530	ENSG00000064995	0.6491067373839781	0.6491067373839781	0.6491067373839781
AZD0530	C6orf130	0.6490691468183142	0.6490691468183142	0.6490691468183142
AZD0530	ENSG00000174448	0.6490366020939149	0.6490366020939149	0.6490366020939149
AZD0530	ENSG00000151748	0.6488656020173397	0.6488656020173397	0.6488656020173397
AZD0530	ENSG00000275379	0.6487820189427417	0.6487820189427417	0.6487820189427417
AZD0530	ENSG00000163352	0.6487322998838572	0.6487322998838572	0.6487322998838572
AZD0530	ENSG00000125534	0.6486758188680839	0.6486758188680839	0.6486758188680839
AZD0530	ENSG00000162373	0.6486471069081634	0.6486471069081634	0.6486471069081634
AZD0530	ENSG00000175324	0.6484600013554281	0.6484600013554281	0.6484600013554281
AZD0530	ENSG00000267796	0.6483399118943612	0.6483399118943612	0.6483399118943612
AZD0530	ENSG00000117643	0.6483262168014341	0.6483262168014341	0.6483262168014341
AZD0530	LOC283335	0.6483026882480766	0.6483026882480766	0.6483026882480766
AZD0530	ENSG00000023191	0.6481784973088839	0.6481784973088839	0.6481784973088839
AZD0530	ENSG00000182224	0.6480322775659808	0.6480322775659808	0.6480322775659808
AZD0530	ENSG00000169900	0.6478498002060512	0.6478498002060512	0.6478498002060512
AZD0530	ENSG00000163479	0.6475741830389096	0.6475741830389096	0.6475741830389096
AZD0530	ENSG00000090621	0.6473112413500276	0.6473112413500276	0.6473112413500276
AZD0530	ENSG00000137871	0.6473028934152262	0.6473028934152262	0.6473028934152262
AZD0530	ENSG00000205629	0.6472834444084313	0.6472834444084313	0.6472834444084313
AZD0530	ENSG00000168883	0.6471216401773271	0.6471216401773271	0.6471216401773271
AZD0530	LOC100422737	0.6470878195500337	0.6470878195500337	0.6470878195500337
AZD0530	ENSG00000187634	0.647065707114907	0.647065707114907	0.647065707114907
AZD0530	ENSG00000189221	0.6470256708131289	0.6470256708131289	0.6470256708131289
AZD0530	ENSG00000105204	0.6469941818857479	0.6469941818857479	0.6469941818857479
AZD0530	ENSG00000131408	0.6468317687372899	0.6468317687372899	0.6468317687372899
AZD0530	ENSG00000161649	0.646781012660353	0.646781012660353	0.646781012660353
AZD0530	ENSG00000162009	0.6463175896887796	0.6463175896887796	0.6463175896887796
AZD0530	ENSG00000184163	0.6462243943245325	0.6462243943245325	0.6462243943245325
AZD0530	ENSG00000141376	0.6461444181879424	0.6461444181879424	0.6461444181879424
AZD0530	LOC100505963	0.6459767451052061	0.6459767451052061	0.6459767451052061
AZD0530	ENSG00000141744	0.6459140755621855	0.6459140755621855	0.6459140755621855
AZD0530	ENSG00000154803	0.6456731674291432	0.6456731674291432	0.6456731674291432
AZD0530	ENSG00000133315	0.6454032714089759	0.6454032714089759	0.6454032714089759
AZD0530	ENSG00000154174	0.6453170246092692	0.6453170246092692	0.6453170246092692
AZD0530	ENSG00000136754	0.6453080145991856	0.6453080145991856	0.6453080145991856
AZD0530	ENSG00000105849	0.6450925367668487	0.6450925367668487	0.6450925367668487
AZD0530	LOC728819	0.6450796904564672	0.6450796904564672	0.6450796904564672
AZD0530	ENSG00000138629	0.6450491752792187	0.6450491752792187	0.6450491752792187
AZD0530	ENSG00000163701	0.6450462947144215	0.6450462947144215	0.6450462947144215
AZD0530	LOC641365	0.6449115319711232	0.6449115319711232	0.6449115319711232
AZD0530	ENSG00000109047	0.6446109750525696	0.6446109750525696	0.6446109750525696
AZD0530	ENSG00000280670	0.6445539347880327	0.6445539347880327	0.6445539347880327
AZD0530	ENSG00000118363	0.6443510546318709	0.6443510546318709	0.6443510546318709
AZD0530	ENSG00000225439	0.644308139704969	0.644308139704969	0.644308139704969
AZD0530	ENSG00000151553	0.6442376736544815	0.6442376736544815	0.6442376736544815
AZD0530	ENSG00000146233	0.6442230914829333	0.6442230914829333	0.6442230914829333
AZD0530	ENSG00000214078	0.6441587256293889	0.6441587256293889	0.6441587256293889
AZD0530	ENSG00000186687	0.6441033612240382	0.6441033612240382	0.6441033612240382
AZD0530	ENSG00000186908	0.6440617544772302	0.6440617544772302	0.6440617544772302
AZD0530	ENSG00000197122	0.6439600548728727	0.6439600548728727	0.6439600548728727
AZD0530	ENSG00000138587	0.6438772307611973	0.6438772307611973	0.6438772307611973
AZD0530	C20orf79	0.6438528536147997	0.6438528536147997	0.6438528536147997
AZD0530	ENSG00000125457	0.643518810190406	0.643518810190406	0.643518810190406
AZD0530	ENSG00000138131	0.6433995493650518	0.6433995493650518	0.6433995493650518
AZD0530	ENSG00000132704	0.6433711460791323	0.6433711460791323	0.6433711460791323
AZD0530	ENSG00000185627	0.6433060804770204	0.6433060804770204	0.6433060804770204
AZD0530	ENSG00000100815	0.6432829098222588	0.6432829098222588	0.6432829098222588
AZD0530	ENSG00000172215	0.6431807687650068	0.6431807687650068	0.6431807687650068
AZD0530	ENSG00000005175	0.643163844452364	0.643163844452364	0.643163844452364
AZD0530	ENSG00000147853	0.6428166274838322	0.6428166274838322	0.6428166274838322
AZD0530	ENSG00000113456	0.6427988903734911	0.6427988903734911	0.6427988903734911
AZD0530	ENSG00000155256	0.6427342181200411	0.6427342181200411	0.6427342181200411
AZD0530	ENSG00000174600	0.6425878873653368	0.6425878873653368	0.6425878873653368
AZD0530	LOC401068	0.6425705625457477	0.6425705625457477	0.6425705625457477
AZD0530	C6orf225	0.6424425745912057	0.6424425745912057	0.6424425745912057
AZD0530	LOC100287896	0.6424117759541165	0.6424117759541165	0.6424117759541165
AZD0530	ENSG00000196091	0.6423075662003512	0.6423075662003512	0.6423075662003512
AZD0530	ENSG00000008311	0.6422553422166559	0.6422553422166559	0.6422553422166559
AZD0530	ENSG00000123201	0.6421397468043465	0.6421397468043465	0.6421397468043465
AZD0530	ENSG00000101230	0.641993101537589	0.641993101537589	0.641993101537589
AZD0530	ENSG00000107159	0.6419443416288918	0.6419443416288918	0.6419443416288918
AZD0530	ENSG00000170191	0.6418590463678274	0.6418590463678274	0.6418590463678274
AZD0530	ENSG00000147862	0.6417933890482702	0.6417933890482702	0.6417933890482702
AZD0530	ENSG00000179914	0.6417283927659689	0.6417283927659689	0.6417283927659689
AZD0530	ENSG00000186160	0.6417163791601326	0.6417163791601326	0.6417163791601326
AZD0530	ENSG00000138641	0.6417082776657186	0.6417082776657186	0.6417082776657186
AZD0530	ENSG00000181656	0.6415817708551151	0.6415817708551151	0.6415817708551151
AZD0530	ENSG00000117748	0.6414952379524671	0.6414952379524671	0.6414952379524671
AZD0530	ENSG00000277316	0.6414857879390112	0.6414857879390112	0.6414857879390112
AZD0530	ENSG00000276880	0.6413929498699295	0.6413929498699295	0.6413929498699295
AZD0530	ENSG00000144834	0.6413398631947054	0.6413398631947054	0.6413398631947054
AZD0530	C10orf28	0.6412601705542089	0.6412601705542089	0.6412601705542089
AZD0530	C16orf79	0.6412449219328651	0.6412449219328651	0.6412449219328651
AZD0530	LOC100287482	0.6410654832442856	0.6410654832442856	0.6410654832442856
AZD0530	ENSG00000112531	0.6410177852259561	0.6410177852259561	0.6410177852259561
AZD0530	ENSG00000132259	0.6409282440005357	0.6409282440005357	0.6409282440005357
AZD0530	ENSG00000107372	0.6408910700968611	0.6408910700968611	0.6408910700968611
AZD0530	C14orf109	0.6408425890288704	0.6408425890288704	0.6408425890288704
AZD0530	ENSG00000075218	0.6406908505140709	0.6406908505140709	0.6406908505140709
AZD0530	ENSG00000111875	0.6404491474671552	0.6404491474671552	0.6404491474671552
AZD0530	ENSG00000214087	0.6404488158901875	0.6404488158901875	0.6404488158901875
AZD0530	ENSG00000105825	0.6403340993058464	0.6403340993058464	0.6403340993058464
AZD0530	ENSG00000155265	0.6403230745208179	0.6403230745208179	0.6403230745208179
AZD0530	ENSG00000162931	0.64025674269818	0.64025674269818	0.64025674269818
AZD0530	ENSG00000280808	0.6402251027855096	0.6402251027855096	0.6402251027855096
AZD0530	ENSG00000185736	0.6401855720581124	0.6401855720581124	0.6401855720581124
AZD0530	ENSG00000174748	0.6401804194065553	0.6401804194065553	0.6401804194065553
AZD0530	ENSG00000163499	0.6400931772023952	0.6400931772023952	0.6400931772023952
AZD0530	ENSG00000069206	0.6400139547075618	0.6400139547075618	0.6400139547075618
AZD0530	ENSG00000146776	0.6399843950011594	0.6399843950011594	0.6399843950011594
AZD0530	ENSG00000169439	0.6399458990938577	0.6399458990938577	0.6399458990938577
AZD0530	ENSG00000180878	0.6398538027309147	0.6398538027309147	0.6398538027309147
AZD0530	ENSG00000213996	0.63984372487335	0.63984372487335	0.63984372487335
AZD0530	ENSG00000198408	0.6398079068669271	0.6398079068669271	0.6398079068669271
AZD0530	FLJ41484	0.6397904706482748	0.6397904706482748	0.6397904706482748
AZD0530	LOC643733	0.6397032422566926	0.6397032422566926	0.6397032422566926
AZD0530	ENSG00000156110	0.6397031825985932	0.6397031825985932	0.6397031825985932
AZD0530	ENSG00000122986	0.6395673538658444	0.6395673538658444	0.6395673538658444
AZD0530	ENSG00000188580	0.6395232455589506	0.6395232455589506	0.6395232455589506
AZD0530	ENSG00000185650	0.6394661727875784	0.6394661727875784	0.6394661727875784
AZD0530	ENSG00000167491	0.6394654231410845	0.6394654231410845	0.6394654231410845
AZD0530	ENSG00000181585	0.6394380533961661	0.6394380533961661	0.6394380533961661
AZD0530	ENSG00000130312	0.6393846468676656	0.6393846468676656	0.6393846468676656
AZD0530	ENSG00000101751	0.6393833864667622	0.6393833864667622	0.6393833864667622
AZD0530	C5orf54	0.6393225431916522	0.6393225431916522	0.6393225431916522
AZD0530	ENSG00000005889	0.6392906424139585	0.6392906424139585	0.6392906424139585
AZD0530	ENSG00000167700	0.6390797865034069	0.6390797865034069	0.6390797865034069
AZD0530	ENSG00000163492	0.6390792468411576	0.6390792468411576	0.6390792468411576
AZD0530	ENSG00000103510	0.6390519147023503	0.6390519147023503	0.6390519147023503
AZD0530	ENSG00000129484	0.6389150689213727	0.6389150689213727	0.6389150689213727
AZD0530	ENSG00000183431	0.6388898694709042	0.6388898694709042	0.6388898694709042
AZD0530	LRG_683	0.6387131253452615	0.6387131253452615	0.6387131253452615
AZD0530	ENSG00000151322	0.6385787787187626	0.6385787787187626	0.6385787787187626
AZD0530	ENSG00000215417	0.6384714670646613	0.6384714670646613	0.6384714670646613
AZD0530	ENSG00000087095	0.6384241247500216	0.6384241247500216	0.6384241247500216
AZD0530	ENSG00000169575	0.6383933833552332	0.6383933833552332	0.6383933833552332
AZD0530	ENSG00000136944	0.6382929274018114	0.6382929274018114	0.6382929274018114
AZD0530	ENSG00000166997	0.6382049831831144	0.6382049831831144	0.6382049831831144
AZD0530	ENSG00000128250	0.6382002255789645	0.6382002255789645	0.6382002255789645
AZD0530	ENSG00000135346	0.6381883733784326	0.6381883733784326	0.6381883733784326
AZD0530	ENSG00000181072	0.6381171993223782	0.6381171993223782	0.6381171993223782
AZD0530	ENSG00000157107	0.6378584726663018	0.6378584726663018	0.6378584726663018
AZD0530	ENSG00000126457	0.6376347396582875	0.6376347396582875	0.6376347396582875
AZD0530	ENSG00000197872	0.6374409260694572	0.6374409260694572	0.6374409260694572
AZD0530	ENSG00000130958	0.6373904147174629	0.6373904147174629	0.6373904147174629
AZD0530	ENSG00000113391	0.6373222552742563	0.6373222552742563	0.6373222552742563
AZD0530	ENSG00000165861	0.6373206377370888	0.6373206377370888	0.6373206377370888
AZD0530	ENSG00000017260	0.6370496879064107	0.6370496879064107	0.6370496879064107
AZD0530	LOC100506494	0.6368973760379198	0.6368973760379198	0.6368973760379198
AZD0530	ENSG00000147526	0.6368129795914277	0.6368129795914277	0.6368129795914277
AZD0530	ENSG00000169018	0.6367847701429376	0.6367847701429376	0.6367847701429376
AZD0530	ENSG00000121281	0.6367704526478918	0.6367704526478918	0.6367704526478918
AZD0530	ENSG00000106483	0.6367348734058521	0.6367348734058521	0.6367348734058521
AZD0530	ENSG00000278741	0.6366808568336487	0.6366808568336487	0.6366808568336487
AZD0530	ENSG00000168792	0.6364625009790476	0.6364625009790476	0.6364625009790476
AZD0530	ENSG00000125901	0.6362641404990175	0.6362641404990175	0.6362641404990175
AZD0530	ENSG00000129636	0.6362396157284996	0.6362396157284996	0.6362396157284996
AZD0530	ENSG00000105662	0.6362382332879548	0.6362382332879548	0.6362382332879548
AZD0530	FLJ25758	0.6361213051386656	0.6361213051386656	0.6361213051386656
AZD0530	ENSG00000136717	0.6360711345070792	0.6360711345070792	0.6360711345070792
AZD0530	LRG_474	0.6359441031260316	0.6359441031260316	0.6359441031260316
AZD0530	C5orf55	0.6358857607918812	0.6358857607918812	0.6358857607918812
AZD0530	ENSG00000137513	0.6358592430276248	0.6358592430276248	0.6358592430276248
AZD0530	ENSG00000076864	0.6354992742426497	0.6354992742426497	0.6354992742426497
AZD0530	ENSG00000156510	0.6354335474950428	0.6354335474950428	0.6354335474950428
AZD0530	ENSG00000162729	0.6354080482072785	0.6354080482072785	0.6354080482072785
AZD0530	ENSG00000179314	0.6353339556785913	0.6353339556785913	0.6353339556785913
AZD0530	ENSG00000145780	0.6352085456377782	0.6352085456377782	0.6352085456377782
AZD0530	ENSG00000126464	0.6351854098401475	0.6351854098401475	0.6351854098401475
AZD0530	LOC152217	0.635179838813472	0.635179838813472	0.635179838813472
AZD0530	LOC80054	0.6351135533771065	0.6351135533771065	0.6351135533771065
AZD0530	ENSG00000154451	0.6351053968123318	0.6351053968123318	0.6351053968123318
AZD0530	ENSG00000101347	0.6350969239321749	0.6350969239321749	0.6350969239321749
AZD0530	ENSG00000174516	0.6350292677584892	0.6350292677584892	0.6350292677584892
AZD0530	ENSG00000260916	0.6349468270474844	0.6349468270474844	0.6349468270474844
AZD0530	ENSG00000156928	0.6349197090486411	0.6349197090486411	0.6349197090486411
AZD0530	ENSG00000005421	0.634782386510356	0.634782386510356	0.634782386510356
AZD0530	ENSG00000148690	0.6346795099541791	0.6346795099541791	0.6346795099541791
AZD0530	LOC646808	0.6346791605717783	0.6346791605717783	0.6346791605717783
AZD0530	ENSG00000180316	0.6346326070906055	0.6346326070906055	0.6346326070906055
AZD0530	ENSG00000162438	0.6345955427179301	0.6345955427179301	0.6345955427179301
AZD0530	LOC100289019	0.6345889979613609	0.6345889979613609	0.6345889979613609
AZD0530	ENSG00000221972	0.6345827951340463	0.6345827951340463	0.6345827951340463
AZD0530	ENSG00000158417	0.6343737611320122	0.6343737611320122	0.6343737611320122
AZD0530	ENSG00000178386	0.6343650694305101	0.6343650694305101	0.6343650694305101
AZD0530	ENSG00000138696	0.6343275231330708	0.6343275231330708	0.6343275231330708
AZD0530	ENSG00000139436	0.6342699258250007	0.6342699258250007	0.6342699258250007
AZD0530	ENSG00000179331	0.6342046627131713	0.6342046627131713	0.6342046627131713
AZD0530	ENSG00000169427	0.634139182891625	0.634139182891625	0.634139182891625
AZD0530	ENSG00000189132	0.6341104501006871	0.6341104501006871	0.6341104501006871
AZD0530	LRG_685	0.6340704433222085	0.6340704433222085	0.6340704433222085
AZD0530	ENSG00000073150	0.6340697753055113	0.6340697753055113	0.6340697753055113
AZD0530	LOC441179	0.6340453734861793	0.6340453734861793	0.6340453734861793
AZD0530	ENSG00000066654	0.6338157676357647	0.6338157676357647	0.6338157676357647
AZD0530	ENSG00000162843	0.6337025759764354	0.6337025759764354	0.6337025759764354
AZD0530	ENSG00000213463	0.633671915111979	0.633671915111979	0.633671915111979
AZD0530	ENSG00000060656	0.6335879351288224	0.6335879351288224	0.6335879351288224
AZD0530	ENSG00000273782	0.633565880901022	0.633565880901022	0.633565880901022
AZD0530	ENSG00000154945	0.6334522848861441	0.6334522848861441	0.6334522848861441
AZD0530	ENSG00000109794	0.633450705873475	0.633450705873475	0.633450705873475
AZD0530	ENSG00000150510	0.6334384375037292	0.6334384375037292	0.6334384375037292
AZD0530	ENSG00000057468	0.633364558882587	0.633364558882587	0.633364558882587
AZD0530	ENSG00000225783	0.633218081895453	0.633218081895453	0.633218081895453
AZD0530	ENSG00000131067	0.6331602988391778	0.6331602988391778	0.6331602988391778
AZD0530	ENSG00000197696	0.6331350870219861	0.6331350870219861	0.6331350870219861
AZD0530	ENSG00000099954	0.6331060163597921	0.6331060163597921	0.6331060163597921
AZD0530	ENSG00000172150	0.6329241207500164	0.6329241207500164	0.6329241207500164
AZD0530	ENSG00000103148	0.6329075368879792	0.6329075368879792	0.6329075368879792
AZD0530	ENSG00000219891	0.6325034457292363	0.6325034457292363	0.6325034457292363
AZD0530	C8orf47	0.6324328591178718	0.6324328591178718	0.6324328591178718
AZD0530	ENSG00000160111	0.6324080126016473	0.6324080126016473	0.6324080126016473
AZD0530	ENSG00000005156	0.6321368933215946	0.6321368933215946	0.6321368933215946
AZD0530	ENSG00000161638	0.6321232229655679	0.6321232229655679	0.6321232229655679
AZD0530	ENSG00000136010	0.6320011287992969	0.6320011287992969	0.6320011287992969
AZD0530	ENSG00000140931	0.6317925296857325	0.6317925296857325	0.6317925296857325
AZD0530	ENSG00000204950	0.6315224808434058	0.6315224808434058	0.6315224808434058
AZD0530	ENSG00000162231	0.6313575454254067	0.6313575454254067	0.6313575454254067
AZD0530	ENSG00000176160	0.6312769919046105	0.6312769919046105	0.6312769919046105
AZD0530	ENSG00000175970	0.6312345184312004	0.6312345184312004	0.6312345184312004
AZD0530	ENSG00000211809	0.6312031713932925	0.6312031713932925	0.6312031713932925
AZD0530	ENSG00000186439	0.6311630847987298	0.6311630847987298	0.6311630847987298
AZD0530	ENSG00000263002	0.6311133228373428	0.6311133228373428	0.6311133228373428
AZD0530	ENSG00000182541	0.6309344225385419	0.6309344225385419	0.6309344225385419
AZD0530	ENSG00000128536	0.6308441762170928	0.6308441762170928	0.6308441762170928
AZD0530	ENSG00000153531	0.6306857008952614	0.6306857008952614	0.6306857008952614
AZD0530	ENSG00000179388	0.6304097710817816	0.6304097710817816	0.6304097710817816
AZD0530	ENSG00000139151	0.6302802632456933	0.6302802632456933	0.6302802632456933
AZD0530	ENSG00000141946	0.6298705796393532	0.6298705796393532	0.6298705796393532
AZD0530	ENSG00000150636	0.6298488513304847	0.6298488513304847	0.6298488513304847
AZD0530	ENSG00000151883	0.6296856416565725	0.6296856416565725	0.6296856416565725
AZD0530	ENSG00000127564	0.6292611621424793	0.6292611621424793	0.6292611621424793
AZD0530	ENSG00000150048	0.6291887028090639	0.6291887028090639	0.6291887028090639
AZD0530	ENSG00000137691	0.6290607308753866	0.6290607308753866	0.6290607308753866
AZD0530	ENSG00000156284	0.6290149745715234	0.6290149745715234	0.6290149745715234
AZD0530	ENSG00000168032	0.6288752558632775	0.6288752558632775	0.6288752558632775
AZD0530	ENSG00000184047	0.6288529779028698	0.6288529779028698	0.6288529779028698
AZD0530	ENSG00000087111	0.628819344302165	0.628819344302165	0.628819344302165
AZD0530	ENSG00000204397	0.628638477417496	0.628638477417496	0.628638477417496
AZD0530	ENSG00000064726	0.6284065817357049	0.6284065817357049	0.6284065817357049
AZD0530	ENSG00000204822	0.6282661864936188	0.6282661864936188	0.6282661864936188
AZD0530	ENSG00000166407	0.6282167354731397	0.6282167354731397	0.6282167354731397
AZD0530	ENSG00000124256	0.628048190067004	0.628048190067004	0.628048190067004
AZD0530	NEURL	0.6280275222100421	0.6280275222100421	0.6280275222100421
AZD0530	ENSG00000186591	0.627899854502275	0.627899854502275	0.627899854502275
AZD0530	ENSG00000168280	0.6278333624613331	0.6278333624613331	0.6278333624613331
AZD0530	ENSG00000188976	0.6275699419893283	0.6275699419893283	0.6275699419893283
AZD0530	LOC100507487	0.6273241455537122	0.6273241455537122	0.6273241455537122
AZD0530	ENSG00000114279	0.6272682328674913	0.6272682328674913	0.6272682328674913
AZD0530	ENSG00000168484	0.6271993741398334	0.6271993741398334	0.6271993741398334
AZD0530	ENSG00000086205	0.6270213748145711	0.6270213748145711	0.6270213748145711
AZD0530	ENSG00000108064	0.6269989920857786	0.6269989920857786	0.6269989920857786
AZD0530	ENSG00000171914	0.6269643037438913	0.6269643037438913	0.6269643037438913
AZD0530	LOC100506473	0.6268423856117743	0.6268423856117743	0.6268423856117743
AZD0530	ENSG00000131044	0.626801355953992	0.626801355953992	0.626801355953992
AZD0530	ENSG00000127481	0.6267401496084571	0.6267401496084571	0.6267401496084571
AZD0530	ENSG00000100294	0.6266961308624623	0.6266961308624623	0.6266961308624623
AZD0530	ENSG00000181544	0.6266266054568748	0.6266266054568748	0.6266266054568748
AZD0530	ENSG00000179918	0.6265346839800648	0.6265346839800648	0.6265346839800648
AZD0530	ENSG00000103855	0.6264183724705591	0.6264183724705591	0.6264183724705591
AZD0530	ENSG00000147403	0.626233287455585	0.626233287455585	0.626233287455585
AZD0530	ENSG00000124678	0.6261967057204115	0.6261967057204115	0.6261967057204115
AZD0530	ENSG00000144357	0.6260637050121163	0.6260637050121163	0.6260637050121163
AZD0530	ENSG00000022567	0.6260512437959739	0.6260512437959739	0.6260512437959739
AZD0530	ENSG00000119608	0.6259816483975819	0.6259816483975819	0.6259816483975819
AZD0530	ENSG00000198835	0.6258586001790214	0.6258586001790214	0.6258586001790214
AZD0530	ENSG00000266412	0.6258571616050836	0.6258571616050836	0.6258571616050836
AZD0530	ENSG00000163528	0.6255721123144812	0.6255721123144812	0.6255721123144812
AZD0530	ENSG00000136206	0.6255308863420607	0.6255308863420607	0.6255308863420607
AZD0530	ENSG00000109065	0.6254993608278625	0.6254993608278625	0.6254993608278625
AZD0530	ENSG00000174720	0.6254957047464806	0.6254957047464806	0.6254957047464806
AZD0530	ENSG00000177191	0.6252909200917977	0.6252909200917977	0.6252909200917977
AZD0530	ENSG00000151365	0.6251781125870214	0.6251781125870214	0.6251781125870214
AZD0530	ZNF187	0.6251494343512071	0.6251494343512071	0.6251494343512071
AZD0530	ENSG00000100938	0.6251274775187231	0.6251274775187231	0.6251274775187231
AZD0530	ENSG00000104783	0.6250026776416792	0.6250026776416792	0.6250026776416792
AZD0530	ENSG00000124767	0.6249839696234435	0.6249839696234435	0.6249839696234435
AZD0530	ENSG00000278535	0.6249015965227407	0.6249015965227407	0.6249015965227407
AZD0530	ENSG00000129654	0.6248939011680437	0.6248939011680437	0.6248939011680437
AZD0530	ENSG00000139445	0.6248117760884031	0.6248117760884031	0.6248117760884031
AZD0530	ENSG00000177042	0.6248008317767084	0.6248008317767084	0.6248008317767084
AZD0530	ENSG00000124226	0.6247685422099174	0.6247685422099174	0.6247685422099174
AZD0530	ENSG00000276461	0.6247063235197052	0.6247063235197052	0.6247063235197052
AZD0530	LOC100134368	0.6246878642878615	0.6246878642878615	0.6246878642878615
AZD0530	ENSG00000105926	0.6246682568840307	0.6246682568840307	0.6246682568840307
AZD0530	ENSG00000174744	0.6245985132549667	0.6245985132549667	0.6245985132549667
AZD0530	ENSG00000168734	0.6244977962460553	0.6244977962460553	0.6244977962460553
AZD0530	ENSG00000010017	0.6244440605046295	0.6244440605046295	0.6244440605046295
AZD0530	ENSG00000114209	0.6243800162805381	0.6243800162805381	0.6243800162805381
AZD0530	ENSG00000189227	0.624227525897662	0.624227525897662	0.624227525897662
AZD0530	ENSG00000050327	0.6241808959124372	0.6241808959124372	0.6241808959124372
AZD0530	ENSG00000100341	0.6241687826103662	0.6241687826103662	0.6241687826103662
AZD0530	ENSG00000107554	0.6241261029392288	0.6241261029392288	0.6241261029392288
AZD0530	ENSG00000131389	0.6240478146352111	0.6240478146352111	0.6240478146352111
AZD0530	LOC100128993	0.6239005163814486	0.6239005163814486	0.6239005163814486
AZD0530	ENSG00000124444	0.62387369932132	0.62387369932132	0.62387369932132
AZD0530	ENSG00000079739	0.6238446980131914	0.6238446980131914	0.6238446980131914
AZD0530	ENSG00000105669	0.6238203166773201	0.6238203166773201	0.6238203166773201
AZD0530	FAM123A	0.6236488206064221	0.6236488206064221	0.6236488206064221
AZD0530	ENSG00000027075	0.6235729923475544	0.6235729923475544	0.6235729923475544
AZD0530	ENSG00000078140	0.6235404428432342	0.6235404428432342	0.6235404428432342
AZD0530	ENSG00000116396	0.6232597493907409	0.6232597493907409	0.6232597493907409
AZD0530	ENSG00000120913	0.62303997398749	0.62303997398749	0.62303997398749
AZD0530	ENSG00000173992	0.6229528216261617	0.6229528216261617	0.6229528216261617
AZD0530	ENSG00000115718	0.6229454564756919	0.6229454564756919	0.6229454564756919
AZD0530	C2orf56	0.6221591249484478	0.6221591249484478	0.6221591249484478
AZD0530	ENSG00000130347	0.6221305883565426	0.6221305883565426	0.6221305883565426
AZD0530	ENSG00000186976	0.6220188832353416	0.6220188832353416	0.6220188832353416
AZD0530	LRG_343	0.6218390310650559	0.6218390310650559	0.6218390310650559
AZD0530	LRG_672	0.6218112601678225	0.6218112601678225	0.6218112601678225
AZD0530	ENSG00000122641	0.621781117829849	0.621781117829849	0.621781117829849
AZD0530	ENSG00000154229	0.6216252436871562	0.6216252436871562	0.6216252436871562
AZD0530	LRG_29	0.6215486398065501	0.6215486398065501	0.6215486398065501
AZD0530	ENSG00000186710	0.6214713215737854	0.6214713215737854	0.6214713215737854
AZD0530	ENSG00000018189	0.6213843356715906	0.6213843356715906	0.6213843356715906
AZD0530	LOC339807	0.6212747869311672	0.6212747869311672	0.6212747869311672
AZD0530	ENSG00000100749	0.6212162281005059	0.6212162281005059	0.6212162281005059
AZD0530	ENSG00000166535	0.6211603104503205	0.6211603104503205	0.6211603104503205
AZD0530	ENSG00000123119	0.6210583740694626	0.6210583740694626	0.6210583740694626
AZD0530	ENSG00000128408	0.6209677115819743	0.6209677115819743	0.6209677115819743
AZD0530	ENSG00000204396	0.6209626563824401	0.6209626563824401	0.6209626563824401
AZD0530	ENSG00000179915	0.620928687682452	0.620928687682452	0.620928687682452
AZD0530	ENSG00000249853	0.6208836628988542	0.6208836628988542	0.6208836628988542
AZD0530	ENSG00000154099	0.6208203154185935	0.6208203154185935	0.6208203154185935
AZD0530	LOC401324	0.6206781666732454	0.6206781666732454	0.6206781666732454
AZD0530	ENSG00000179134	0.6206574224811436	0.6206574224811436	0.6206574224811436
AZD0530	ENSG00000203875	0.6206204780271795	0.6206204780271795	0.6206204780271795
AZD0530	ENSG00000114491	0.6205927470907272	0.6205927470907272	0.6205927470907272
AZD0530	ENSG00000132950	0.6205277344517027	0.6205277344517027	0.6205277344517027
AZD0530	ENSG00000121440	0.6204733910841855	0.6204733910841855	0.6204733910841855
AZD0530	ENSG00000085788	0.6203738199347012	0.6203738199347012	0.6203738199347012
AZD0530	ENSG00000028137	0.6202229227934144	0.6202229227934144	0.6202229227934144
AZD0530	ENSG00000145604	0.6202217837202009	0.6202217837202009	0.6202217837202009
AZD0530	ENSG00000114353	0.6200930903397306	0.6200930903397306	0.6200930903397306
AZD0530	ENSG00000169519	0.6200906139191977	0.6200906139191977	0.6200906139191977
AZD0530	LOC100505573	0.6200135655995159	0.6200135655995159	0.6200135655995159
AZD0530	ENSG00000122711	0.6197951564921419	0.6197951564921419	0.6197951564921419
AZD0530	ENSG00000205420	0.6197612047754434	0.6197612047754434	0.6197612047754434
AZD0530	ENSG00000163032	0.6197124310518679	0.6197124310518679	0.6197124310518679
AZD0530	ENSG00000101076	0.6195647251831837	0.6195647251831837	0.6195647251831837
AZD0530	ENSG00000225733	0.6194497905018376	0.6194497905018376	0.6194497905018376
AZD0530	ENSG00000166326	0.6194487193648852	0.6194487193648852	0.6194487193648852
AZD0530	ENSG00000101435	0.6192685281094902	0.6192685281094902	0.6192685281094902
AZD0530	ENSG00000196188	0.6192077494814983	0.6192077494814983	0.6192077494814983
AZD0530	LOC100507240	0.6191913287582881	0.6191913287582881	0.6191913287582881
AZD0530	ENSG00000164329	0.6191807478826832	0.6191807478826832	0.6191807478826832
AZD0530	ENSG00000105982	0.6191495505200687	0.6191495505200687	0.6191495505200687
AZD0530	ZNF643	0.6190627333907148	0.6190627333907148	0.6190627333907148
AZD0530	LOC100505570	0.6189157176747726	0.6189157176747726	0.6189157176747726
AZD0530	LRG_391	0.6187145417535173	0.6187145417535173	0.6187145417535173
AZD0530	ENSG00000198146	0.6186771184046999	0.6186771184046999	0.6186771184046999
AZD0530	ENSG00000091483	0.618634625504043	0.618634625504043	0.618634625504043
AZD0530	ENSG00000166226	0.6186078819691906	0.6186078819691906	0.6186078819691906
AZD0530	ENSG00000172232	0.6183987946764672	0.6183987946764672	0.6183987946764672
AZD0530	ENSG00000145075	0.6183127223376099	0.6183127223376099	0.6183127223376099
AZD0530	ENSG00000173914	0.6182990114039779	0.6182990114039779	0.6182990114039779
AZD0530	ENSG00000088881	0.6182645567949451	0.6182645567949451	0.6182645567949451
AZD0530	LOC100506527	0.6182631737173009	0.6182631737173009	0.6182631737173009
AZD0530	ENSG00000162510	0.6182628304540317	0.6182628304540317	0.6182628304540317
AZD0530	ENSG00000204271	0.6182399639024565	0.6182399639024565	0.6182399639024565
AZD0530	ENSG00000086619	0.6180971412428928	0.6180971412428928	0.6180971412428928
AZD0530	ENSG00000163947	0.6180463490873931	0.6180463490873931	0.6180463490873931
AZD0530	ENSG00000144840	0.617958349720695	0.617958349720695	0.617958349720695
AZD0530	ENSG00000101825	0.61793736770414	0.61793736770414	0.61793736770414
AZD0530	LOC440288	0.6179261400980444	0.6179261400980444	0.6179261400980444
AZD0530	ENSG00000108001	0.6178258598735403	0.6178258598735403	0.6178258598735403
AZD0530	LOC100506343	0.6177982528818555	0.6177982528818555	0.6177982528818555
AZD0530	ENSG00000069275	0.6177433923486038	0.6177433923486038	0.6177433923486038
AZD0530	ENSG00000117650	0.6175681066638762	0.6175681066638762	0.6175681066638762
AZD0530	ENSG00000076944	0.6175680116750261	0.6175680116750261	0.6175680116750261
AZD0530	ENSG00000186732	0.617487286789901	0.617487286789901	0.617487286789901
AZD0530	ENSG00000146826	0.6174812891256689	0.6174812891256689	0.6174812891256689
AZD0530	ENSG00000174640	0.6174375693189921	0.6174375693189921	0.6174375693189921
AZD0530	ENSG00000063241	0.6170662183629083	0.6170662183629083	0.6170662183629083
AZD0530	ENSG00000089169	0.6169273915803606	0.6169273915803606	0.6169273915803606
AZD0530	ENSG00000100603	0.6168169704521965	0.6168169704521965	0.6168169704521965
AZD0530	ENSG00000130830	0.6166969976915125	0.6166969976915125	0.6166969976915125
AZD0530	LOC100506057	0.6166750750120757	0.6166750750120757	0.6166750750120757
AZD0530	ENSG00000185272	0.6166361142708083	0.6166361142708083	0.6166361142708083
AZD0530	LOC100506102	0.616443235315828	0.616443235315828	0.616443235315828
AZD0530	ENSG00000196531	0.6164306872290133	0.6164306872290133	0.6164306872290133
AZD0530	ENSG00000084764	0.616338036799222	0.616338036799222	0.616338036799222
AZD0530	ENSG00000198898	0.6162829615396807	0.6162829615396807	0.6162829615396807
AZD0530	LRG_98	0.6162773917541592	0.6162773917541592	0.6162773917541592
AZD0530	NIM1	0.6160921175890307	0.6160921175890307	0.6160921175890307
AZD0530	ENSG00000145451	0.616053927126617	0.616053927126617	0.616053927126617
AZD0530	ENSG00000237438	0.6159847309336084	0.6159847309336084	0.6159847309336084
AZD0530	ENSG00000132589	0.6158125321162172	0.6158125321162172	0.6158125321162172
AZD0530	ENSG00000121207	0.6157598526692628	0.6157598526692628	0.6157598526692628
AZD0530	ENSG00000239672	0.6157065497388499	0.6157065497388499	0.6157065497388499
AZD0530	ENSG00000168300	0.6156684946344058	0.6156684946344058	0.6156684946344058
AZD0530	ENSG00000116584	0.6154549180571952	0.6154549180571952	0.6154549180571952
AZD0530	FAM75D1	0.6154210810748408	0.6154210810748408	0.6154210810748408
AZD0530	ENSG00000197603	0.6153671271199963	0.6153671271199963	0.6153671271199963
AZD0530	ENSG00000165512	0.6153556965773912	0.6153556965773912	0.6153556965773912
AZD0530	ARPM1	0.6153364031299629	0.6153364031299629	0.6153364031299629
AZD0530	ENSG00000163399	0.6150872744803585	0.6150872744803585	0.6150872744803585
AZD0530	ENSG00000081052	0.6150627048173196	0.6150627048173196	0.6150627048173196
AZD0530	ENSG00000018510	0.6149728788548563	0.6149728788548563	0.6149728788548563
AZD0530	ENSG00000154473	0.6149504309899363	0.6149504309899363	0.6149504309899363
AZD0530	ENSG00000135446	0.614854665959468	0.614854665959468	0.614854665959468
AZD0530	ENSG00000105650	0.6146769003028728	0.6146769003028728	0.6146769003028728
AZD0530	ENSG00000115525	0.6145671102181678	0.6145671102181678	0.6145671102181678
AZD0530	ENSG00000088986	0.6144642364433479	0.6144642364433479	0.6144642364433479
AZD0530	ENSG00000166069	0.6143596663352661	0.6143596663352661	0.6143596663352661
AZD0530	LOC100129858	0.6142953978650244	0.6142953978650244	0.6142953978650244
AZD0530	ENSG00000255690	0.614236927077916	0.614236927077916	0.614236927077916
AZD0530	ENSG00000177202	0.6141339755300338	0.6141339755300338	0.6141339755300338
AZD0530	ENSG00000138400	0.6139633996614741	0.6139633996614741	0.6139633996614741
AZD0530	ENSG00000176463	0.6139523255826904	0.6139523255826904	0.6139523255826904
AZD0530	LOC100505903	0.6138969923749895	0.6138969923749895	0.6138969923749895
AZD0530	ENSG00000180532	0.6138042054349632	0.6138042054349632	0.6138042054349632
AZD0530	ENSG00000165682	0.6137580305979153	0.6137580305979153	0.6137580305979153
AZD0530	ENSG00000204316	0.6137351171569012	0.6137351171569012	0.6137351171569012
AZD0530	ENSG00000102195	0.6136178527465969	0.6136178527465969	0.6136178527465969
AZD0530	ENSG00000162078	0.6135731617005139	0.6135731617005139	0.6135731617005139
AZD0530	ENSG00000092445	0.613566582026567	0.613566582026567	0.613566582026567
AZD0530	ENSG00000189001	0.6135200668495518	0.6135200668495518	0.6135200668495518
AZD0530	ENSG00000171160	0.6131568634199547	0.6131568634199547	0.6131568634199547
AZD0530	ENSG00000182511	0.6129771939505319	0.6129771939505319	0.6129771939505319
AZD0530	ENSG00000105518	0.6129633950575082	0.6129633950575082	0.6129633950575082
AZD0530	ENSG00000196262	0.61295961570104	0.61295961570104	0.61295961570104
AZD0530	ENSG00000107331	0.6129083667814943	0.6129083667814943	0.6129083667814943
AZD0530	ENSG00000173627	0.6128963389489478	0.6128963389489478	0.6128963389489478
AZD0530	ENSG00000163611	0.6127914633054031	0.6127914633054031	0.6127914633054031
AZD0530	ENSG00000175768	0.6127429691783738	0.6127429691783738	0.6127429691783738
AZD0530	ENSG00000205108	0.6127097194337116	0.6127097194337116	0.6127097194337116
AZD0530	ENSG00000138660	0.6126961709780727	0.6126961709780727	0.6126961709780727
AZD0530	ENSG00000226790	0.6124753464053326	0.6124753464053326	0.6124753464053326
AZD0530	ENSG00000114268	0.6124166197543012	0.6124166197543012	0.6124166197543012
AZD0530	ENSG00000171492	0.6123434684681341	0.6123434684681341	0.6123434684681341
AZD0530	ENSG00000135063	0.612335788969893	0.612335788969893	0.612335788969893
AZD0530	CCDC135	0.6122705338586713	0.6122705338586713	0.6122705338586713
AZD0530	LOC100507392	0.6121401719309314	0.6121401719309314	0.6121401719309314
AZD0530	ENSG00000141485	0.6118176079847762	0.6118176079847762	0.6118176079847762
AZD0530	ENSG00000138767	0.6117929401758944	0.6117929401758944	0.6117929401758944
AZD0530	ENSG00000153046	0.6116962755972571	0.6116962755972571	0.6116962755972571
AZD0530	ENSG00000162337	0.6116725393138144	0.6116725393138144	0.6116725393138144
AZD0530	ENSG00000135625	0.6115350034865504	0.6115350034865504	0.6115350034865504
AZD0530	ENSG00000118777	0.6113769056818454	0.6113769056818454	0.6113769056818454
AZD0530	ENSG00000162746	0.6113373436125196	0.6113373436125196	0.6113373436125196
AZD0530	ENSG00000099341	0.6112561540856192	0.6112561540856192	0.6112561540856192
AZD0530	ENSG00000102977	0.6112447173949289	0.6112447173949289	0.6112447173949289
AZD0530	ENSG00000256667	0.611078080392026	0.611078080392026	0.611078080392026
AZD0530	ENSG00000086062	0.6109966698798218	0.6109966698798218	0.6109966698798218
AZD0530	ENSG00000115271	0.6108469502626097	0.6108469502626097	0.6108469502626097
AZD0530	ENSG00000049540	0.6107484176034509	0.6107484176034509	0.6107484176034509
AZD0530	ENSG00000101842	0.6106576668935472	0.6106576668935472	0.6106576668935472
AZD0530	ENSG00000158604	0.6106518687355004	0.6106518687355004	0.6106518687355004
AZD0530	ENSG00000172037	0.6104028632905718	0.6104028632905718	0.6104028632905718
AZD0530	ENSG00000125741	0.6103863334574902	0.6103863334574902	0.6103863334574902
AZD0530	ENSG00000178573	0.6102987550960095	0.6102987550960095	0.6102987550960095
AZD0530	LOC100286922	0.6102099479010851	0.6102099479010851	0.6102099479010851
AZD0530	ENSG00000163235	0.6101848346652874	0.6101848346652874	0.6101848346652874
AZD0530	ENSG00000137033	0.6100269397845851	0.6100269397845851	0.6100269397845851
AZD0530	ENSG00000145040	0.6098070330797466	0.6098070330797466	0.6098070330797466
AZD0530	ENSG00000146425	0.609651286366189	0.609651286366189	0.609651286366189
AZD0530	ENSG00000180957	0.6095264593174015	0.6095264593174015	0.6095264593174015
AZD0530	C14orf43	0.6093941448188918	0.6093941448188918	0.6093941448188918
AZD0530	ENSG00000156413	0.6093390786591198	0.6093390786591198	0.6093390786591198
AZD0530	LOC100506795	0.6092950890454617	0.6092950890454617	0.6092950890454617
AZD0530	MATL2963	0.6092738397119689	0.6092738397119689	0.6092738397119689
AZD0530	ENSG00000108946	0.6091297025855859	0.6091297025855859	0.6091297025855859
AZD0530	ENSG00000147202	0.6090813383391614	0.6090813383391614	0.6090813383391614
AZD0530	ENSG00000151117	0.609037130461669	0.609037130461669	0.609037130461669
AZD0530	ENSG00000187715	0.6089771033524608	0.6089771033524608	0.6089771033524608
AZD0530	ENSG00000178057	0.6089734087913483	0.6089734087913483	0.6089734087913483
AZD0530	ENSG00000162836	0.6089679280062941	0.6089679280062941	0.6089679280062941
AZD0530	ENSG00000065609	0.6087561810472212	0.6087561810472212	0.6087561810472212
AZD0530	ENSG00000114315	0.6086996419812565	0.6086996419812565	0.6086996419812565
AZD0530	ENSG00000176919	0.6085338302266511	0.6085338302266511	0.6085338302266511
AZD0530	ENSG00000125779	0.6084516368416466	0.6084516368416466	0.6084516368416466
AZD0530	ENSG00000143768	0.6081980694371055	0.6081980694371055	0.6081980694371055
AZD0530	ENSG00000136869	0.608045469555143	0.608045469555143	0.608045469555143
AZD0530	ENSG00000164087	0.6079968846382552	0.6079968846382552	0.6079968846382552
AZD0530	GNN	0.6079939501742023	0.6079939501742023	0.6079939501742023
AZD0530	ENSG00000104129	0.6079833848352991	0.6079833848352991	0.6079833848352991
AZD0530	LOC730098	0.6079819502956787	0.6079819502956787	0.6079819502956787
AZD0530	ENSG00000130731	0.6079230849288183	0.6079230849288183	0.6079230849288183
AZD0530	ENSG00000137965	0.6077362341655295	0.6077362341655295	0.6077362341655295
AZD0530	ENSG00000088538	0.6077311553265237	0.6077311553265237	0.6077311553265237
AZD0530	ENSG00000099377	0.6077165084946431	0.6077165084946431	0.6077165084946431
AZD0530	ENSG00000158691	0.6076946214849119	0.6076946214849119	0.6076946214849119
AZD0530	ENSG00000177463	0.6076562548947864	0.6076562548947864	0.6076562548947864
AZD0530	ENSG00000135577	0.6075943777412872	0.6075943777412872	0.6075943777412872
AZD0530	LOC100507039	0.6075915711886677	0.6075915711886677	0.6075915711886677
AZD0530	SOLH	0.607504007944471	0.607504007944471	0.607504007944471
AZD0530	ENSG00000253846	0.607319146841195	0.607319146841195	0.607319146841195
AZD0530	ENSG00000112245	0.6072870269871444	0.6072870269871444	0.6072870269871444
AZD0530	ENSG00000163406	0.6070960865142289	0.6070960865142289	0.6070960865142289
AZD0530	ENSG00000243926	0.6070688255775547	0.6070688255775547	0.6070688255775547
AZD0530	ENSG00000211714	0.6070520787382624	0.6070520787382624	0.6070520787382624
AZD0530	ENSG00000022556	0.6067301674327683	0.6067301674327683	0.6067301674327683
AZD0530	ENSG00000109771	0.606669898783797	0.606669898783797	0.606669898783797
AZD0530	ENSG00000146109	0.6066602646651149	0.6066602646651149	0.6066602646651149
AZD0530	ENSG00000136247	0.6066327878295482	0.6066327878295482	0.6066327878295482
AZD0530	ENSG00000183826	0.6065790209023474	0.6065790209023474	0.6065790209023474
AZD0530	ENSG00000117597	0.606499373991257	0.606499373991257	0.606499373991257
AZD0530	ENSG00000178075	0.6062675660466804	0.6062675660466804	0.6062675660466804
AZD0530	ENSG00000095596	0.6061261978722794	0.6061261978722794	0.6061261978722794
AZD0530	ENSG00000143110	0.606113202814825	0.606113202814825	0.606113202814825
AZD0530	ENSG00000188800	0.606063955998875	0.606063955998875	0.606063955998875
AZD0530	ENSG00000187147	0.605905716827924	0.605905716827924	0.605905716827924
AZD0530	LOC441204	0.6058484654700981	0.6058484654700981	0.6058484654700981
AZD0530	ENSG00000183662	0.6057882870515284	0.6057882870515284	0.6057882870515284
AZD0530	ENSG00000196628	0.6057193307285168	0.6057193307285168	0.6057193307285168
AZD0530	ENSG00000129195	0.6054543732345988	0.6054543732345988	0.6054543732345988
AZD0530	ENSG00000140548	0.6054387454257939	0.6054387454257939	0.6054387454257939
AZD0530	ENSG00000181856	0.6053669442569485	0.6053669442569485	0.6053669442569485
AZD0530	LRG_157	0.6052301402358734	0.6052301402358734	0.6052301402358734
AZD0530	ENSG00000142973	0.6050808224896373	0.6050808224896373	0.6050808224896373
AZD0530	ENSG00000138615	0.6049471934543569	0.6049471934543569	0.6049471934543569
AZD0530	ENSG00000130751	0.6048642243302303	0.6048642243302303	0.6048642243302303
AZD0530	ENSG00000183785	0.6048420029553824	0.6048420029553824	0.6048420029553824
AZD0530	ENSG00000281857	0.6046974600872431	0.6046974600872431	0.6046974600872431
AZD0530	ENSG00000158186	0.6045639896374361	0.6045639896374361	0.6045639896374361
AZD0530	ENSG00000101871	0.604414694145928	0.604414694145928	0.604414694145928
AZD0530	ENSG00000005486	0.6043857287408583	0.6043857287408583	0.6043857287408583
AZD0530	ENSG00000038427	0.6042519482798642	0.6042519482798642	0.6042519482798642
AZD0530	ENSG00000243749	0.6042204480312502	0.6042204480312502	0.6042204480312502
AZD0530	ENSG00000126749	0.6041281160707346	0.6041281160707346	0.6041281160707346
AZD0530	ENSG00000197296	0.6041061321639214	0.6041061321639214	0.6041061321639214
AZD0530	ENSG00000115556	0.6040106846488261	0.6040106846488261	0.6040106846488261
AZD0530	ENSG00000214381	0.6039825573572366	0.6039825573572366	0.6039825573572366
AZD0530	ENSG00000167105	0.6039679771316658	0.6039679771316658	0.6039679771316658
AZD0530	ENSG00000197892	0.6039041281517012	0.6039041281517012	0.6039041281517012
AZD0530	ENSG00000233070	0.6038598667053796	0.6038598667053796	0.6038598667053796
AZD0530	ENSG00000180329	0.6038068770776089	0.6038068770776089	0.6038068770776089
AZD0530	ENSG00000163923	0.6037878511274636	0.6037878511274636	0.6037878511274636
AZD0530	ENSG00000203782	0.6037839813948109	0.6037839813948109	0.6037839813948109
AZD0530	ENSG00000148400	0.6036601152656234	0.6036601152656234	0.6036601152656234
AZD0530	ENSG00000145779	0.6035933709970889	0.6035933709970889	0.6035933709970889
AZD0530	ENSG00000164506	0.6034831014803688	0.6034831014803688	0.6034831014803688
AZD0530	ENSG00000172716	0.6034443596318487	0.6034443596318487	0.6034443596318487
AZD0530	ENSG00000171680	0.6033829381955648	0.6033829381955648	0.6033829381955648
AZD0530	ENSG00000162946	0.6031651492180339	0.6031651492180339	0.6031651492180339
AZD0530	ENSG00000214174	0.6029586296024267	0.6029586296024267	0.6029586296024267
AZD0530	ENSG00000119723	0.6026306342345557	0.6026306342345557	0.6026306342345557
AZD0530	LRG_37	0.6026302444489738	0.6026302444489738	0.6026302444489738
AZD0530	ENSG00000166813	0.6026193750910485	0.6026193750910485	0.6026193750910485
AZD0530	ENSG00000182732	0.6023658657927015	0.6023658657927015	0.6023658657927015
AZD0530	LOC100507303	0.6023479950580443	0.6023479950580443	0.6023479950580443
AZD0530	ENSG00000185633	0.6021499992007222	0.6021499992007222	0.6021499992007222
AZD0530	ENSG00000153086	0.6020163166489391	0.6020163166489391	0.6020163166489391
AZD0530	ENSG00000167394	0.6019843062256001	0.6019843062256001	0.6019843062256001
AZD0530	ENSG00000197921	0.6019765308992328	0.6019765308992328	0.6019765308992328
AZD0530	ENSG00000131725	0.6019484250457297	0.6019484250457297	0.6019484250457297
AZD0530	ENSG00000206458	0.6019359585637113	0.6019359585637113	0.6019359585637113
AZD0530	ENSG00000104825	0.6018229994644616	0.6018229994644616	0.6018229994644616
AZD0530	ENSG00000243970	0.6017888924366182	0.6017888924366182	0.6017888924366182
AZD0530	ENSG00000136877	0.6017869679562465	0.6017869679562465	0.6017869679562465
AZD0530	ENSG00000232251	0.6015917864372844	0.6015917864372844	0.6015917864372844
AZD0530	ENSG00000204370	0.6015608159866308	0.6015608159866308	0.6015608159866308
AZD0530	ENSG00000119227	0.6013848944576247	0.6013848944576247	0.6013848944576247
AZD0530	ENSG00000234511	0.6013495103269091	0.6013495103269091	0.6013495103269091
AZD0530	LOC100144603	0.6013232591036507	0.6013232591036507	0.6013232591036507
AZD0530	ENSG00000151655	0.6013114035986201	0.6013114035986201	0.6013114035986201
AZD0530	KLHDC5	0.6013035416062462	0.6013035416062462	0.6013035416062462
AZD0530	ENSG00000197858	0.6012818161490288	0.6012818161490288	0.6012818161490288
AZD0530	ENSG00000100373	0.6011888091420301	0.6011888091420301	0.6011888091420301
AZD0530	ENSG00000248099	0.6011843392640597	0.6011843392640597	0.6011843392640597
AZD0530	ENSG00000130544	0.6011796835493207	0.6011796835493207	0.6011796835493207
AZD0530	ENSG00000281449	0.600943660119604	0.600943660119604	0.600943660119604
AZD0530	ENSG00000152193	0.6008620085471882	0.6008620085471882	0.6008620085471882
AZD0530	ENSG00000142677	0.6008589552429415	0.6008589552429415	0.6008589552429415
AZD0530	ENSG00000197157	0.6007019189627362	0.6007019189627362	0.6007019189627362
AZD0530	ENSG00000105223	0.6005721168128706	0.6005721168128706	0.6005721168128706
AZD0530	ENSG00000185483	0.600370732953987	0.600370732953987	0.600370732953987
AZD0530	ENSG00000168256	0.6000816729712107	0.6000816729712107	0.6000816729712107
AZD0530	LOC100506725	0.6000807249166742	0.6000807249166742	0.6000807249166742
AZD0530	ENSG00000160460	0.5999109986292632	0.5999109986292632	0.5999109986292632
AZD0530	ENSG00000145901	0.5998218785503775	0.5998218785503775	0.5998218785503775
AZD0530	ENSG00000229358	0.5998058315419481	0.5998058315419481	0.5998058315419481
AZD0530	ENSG00000170373	0.5996620247055338	0.5996620247055338	0.5996620247055338
AZD0530	ENSG00000177854	0.5995973444853514	0.5995973444853514	0.5995973444853514
AZD0530	ENSG00000175262	0.599527463336508	0.599527463336508	0.599527463336508
AZD0530	ENSG00000159352	0.5994508464364166	0.5994508464364166	0.5994508464364166
AZD0530	ENSG00000089248	0.599363385403111	0.599363385403111	0.599363385403111
AZD0530	ENSG00000114120	0.5992933017542513	0.5992933017542513	0.5992933017542513
AZD0530	ENSG00000067177	0.5992630054053502	0.5992630054053502	0.5992630054053502
AZD0530	ENSG00000140526	0.5990094496390748	0.5990094496390748	0.5990094496390748
AZD0530	ENSG00000170537	0.5987369426865143	0.5987369426865143	0.5987369426865143
AZD0530	ENSG00000107186	0.5986496675114946	0.5986496675114946	0.5986496675114946
AZD0530	ENSG00000150627	0.5982114494527981	0.5982114494527981	0.5982114494527981
AZD0530	ENSG00000105248	0.5981804045562016	0.5981804045562016	0.5981804045562016
AZD0530	ENSG00000141505	0.5980456770206978	0.5980456770206978	0.5980456770206978
AZD0530	ENSG00000197724	0.5980019761696425	0.5980019761696425	0.5980019761696425
AZD0530	ENSG00000235590	0.5978670476668805	0.5978670476668805	0.5978670476668805
AZD0530	ENSG00000130935	0.597828180549779	0.597828180549779	0.597828180549779
AZD0530	ENSG00000158486	0.5977619854928978	0.5977619854928978	0.5977619854928978
AZD0530	ENSG00000119280	0.597753866407649	0.597753866407649	0.597753866407649
AZD0530	LOC100505711	0.5976283597551971	0.5976283597551971	0.5976283597551971
AZD0530	ENSG00000071054	0.5976021759311123	0.5976021759311123	0.5976021759311123
AZD0530	ENSG00000164796	0.5975750635041576	0.5975750635041576	0.5975750635041576
AZD0530	ENSG00000167916	0.5975369249170995	0.5975369249170995	0.5975369249170995
AZD0530	LOC100128176	0.5975191968921983	0.5975191968921983	0.5975191968921983
AZD0530	ENSG00000130584	0.5974874137299603	0.5974874137299603	0.5974874137299603
AZD0530	ENSG00000124217	0.5973475317876517	0.5973475317876517	0.5973475317876517
AZD0530	ENSG00000167306	0.5972161780343902	0.5972161780343902	0.5972161780343902
AZD0530	ENSG00000250420	0.5971850420746343	0.5971850420746343	0.5971850420746343
AZD0530	ENSG00000117984	0.5968493862746599	0.5968493862746599	0.5968493862746599
AZD0530	ENSG00000099769	0.5968466808797476	0.5968466808797476	0.5968466808797476
AZD0530	LOC100506014	0.5968239136266826	0.5968239136266826	0.5968239136266826
AZD0530	ENSG00000064309	0.5968210528265785	0.5968210528265785	0.5968210528265785
AZD0530	ENSG00000094661	0.5967993358591303	0.5967993358591303	0.5967993358591303
AZD0530	ENSG00000183742	0.5967680944547882	0.5967680944547882	0.5967680944547882
AZD0530	ENSG00000007216	0.5967315982514243	0.5967315982514243	0.5967315982514243
AZD0530	ENSG00000164107	0.5966908740222499	0.5966908740222499	0.5966908740222499
AZD0530	ENSG00000185168	0.5966117847556905	0.5966117847556905	0.5966117847556905
AZD0530	ENSG00000176769	0.5965906584448194	0.5965906584448194	0.5965906584448194
AZD0530	ENSG00000115137	0.5964773339437786	0.5964773339437786	0.5964773339437786
AZD0530	ENSG00000160050	0.5962660446898966	0.5962660446898966	0.5962660446898966
AZD0530	ENSG00000111728	0.5961380833863565	0.5961380833863565	0.5961380833863565
AZD0530	ENSG00000113396	0.5961219299243321	0.5961219299243321	0.5961219299243321
AZD0530	LRG_199	0.5960733643468847	0.5960733643468847	0.5960733643468847
AZD0530	ENSG00000099860	0.5960452507205207	0.5960452507205207	0.5960452507205207
AZD0530	ENSG00000138443	0.5958796998127042	0.5958796998127042	0.5958796998127042
AZD0530	LOC100505801	0.5955860889360253	0.5955860889360253	0.5955860889360253
AZD0530	CTPS	0.5955684895537452	0.5955684895537452	0.5955684895537452
AZD0530	ENSG00000148156	0.5955373779173202	0.5955373779173202	0.5955373779173202
AZD0530	ENSG00000145685	0.5955173459051353	0.5955173459051353	0.5955173459051353
AZD0530	ENSG00000135535	0.5955169314684999	0.5955169314684999	0.5955169314684999
AZD0530	ENSG00000163508	0.5954322803527875	0.5954322803527875	0.5954322803527875
AZD0530	ENSG00000091656	0.5953696772731577	0.5953696772731577	0.5953696772731577
AZD0530	ENSG00000105771	0.5952465617944165	0.5952465617944165	0.5952465617944165
AZD0530	ENSG00000088320	0.5951773582364871	0.5951773582364871	0.5951773582364871
AZD0530	ENSG00000211796	0.595164279644099	0.595164279644099	0.595164279644099
AZD0530	C4orf52	0.594990943595778	0.594990943595778	0.594990943595778
AZD0530	ENSG00000164576	0.5948568624206666	0.5948568624206666	0.5948568624206666
AZD0530	ENSG00000104938	0.5948029235415312	0.5948029235415312	0.5948029235415312
AZD0530	ENSG00000119912	0.5947176209932746	0.5947176209932746	0.5947176209932746
AZD0530	ENSG00000130770	0.5946673513830729	0.5946673513830729	0.5946673513830729
AZD0530	ENSG00000182518	0.5946448749332075	0.5946448749332075	0.5946448749332075
AZD0530	ENSG00000175505	0.5940404050893958	0.5940404050893958	0.5940404050893958
AZD0530	ENSG00000162407	0.5940338651553801	0.5940338651553801	0.5940338651553801
AZD0530	ENSG00000076513	0.5940262633750175	0.5940262633750175	0.5940262633750175
AZD0530	ENSG00000198851	0.5939684505531375	0.5939684505531375	0.5939684505531375
AZD0530	ENSG00000086598	0.5936941410070306	0.5936941410070306	0.5936941410070306
AZD0530	ENSG00000184232	0.5936915214250592	0.5936915214250592	0.5936915214250592
AZD0530	ENSG00000258484	0.5936571702830227	0.5936571702830227	0.5936571702830227
AZD0530	ENSG00000196233	0.5933904662131629	0.5933904662131629	0.5933904662131629
AZD0530	ENSG00000113838	0.5933423833408084	0.5933423833408084	0.5933423833408084
AZD0530	FAM125A	0.5931226740218971	0.5931226740218971	0.5931226740218971
AZD0530	CN5H6.4	0.5930470290915622	0.5930470290915622	0.5930470290915622
AZD0530	LOC100130264	0.5930246563727801	0.5930246563727801	0.5930246563727801
AZD0530	ENSG00000008130	0.5928895720002251	0.5928895720002251	0.5928895720002251
AZD0530	LOC283392	0.5928698516348746	0.5928698516348746	0.5928698516348746
AZD0530	C14orf162	0.5928182563576805	0.5928182563576805	0.5928182563576805
AZD0530	ENSG00000186204	0.5927448113063372	0.5927448113063372	0.5927448113063372
AZD0530	ENSG00000075239	0.5926893029278442	0.5926893029278442	0.5926893029278442
AZD0530	ENSG00000198931	0.5926527741887022	0.5926527741887022	0.5926527741887022
AZD0530	ENSG00000141371	0.5925228753737876	0.5925228753737876	0.5925228753737876
AZD0530	LOC143188	0.5924933090983385	0.5924933090983385	0.5924933090983385
AZD0530	ENSG00000159164	0.5923988003656719	0.5923988003656719	0.5923988003656719
AZD0530	ENSG00000096696	0.5923207862793708	0.5923207862793708	0.5923207862793708
AZD0530	ENSG00000185761	0.5922134082123062	0.5922134082123062	0.5922134082123062
AZD0530	ENSG00000138160	0.5921830254808652	0.5921830254808652	0.5921830254808652
AZD0530	ENSG00000170448	0.592046304168491	0.592046304168491	0.592046304168491
AZD0530	ENSG00000121410	0.5919132893565315	0.5919132893565315	0.5919132893565315
AZD0530	ENSG00000165078	0.5918856215548027	0.5918856215548027	0.5918856215548027
AZD0530	ENSG00000258818	0.5918217900707203	0.5918217900707203	0.5918217900707203
AZD0530	RP1-177G6.2	0.5917140228073438	0.5917140228073438	0.5917140228073438
AZD0530	ENSG00000139687	0.5916592784513529	0.5916592784513529	0.5916592784513529
AZD0530	ENSG00000134262	0.5916404896839101	0.5916404896839101	0.5916404896839101
AZD0530	ENSG00000187048	0.5915651367378917	0.5915651367378917	0.5915651367378917
AZD0530	C12orf33	0.5913410258021983	0.5913410258021983	0.5913410258021983
AZD0530	LOC151658	0.591293381359397	0.591293381359397	0.591293381359397
AZD0530	ENSG00000173699	0.5912930608847	0.5912930608847	0.5912930608847
AZD0530	ENSG00000171159	0.591043298913669	0.591043298913669	0.591043298913669
AZD0530	ENSG00000226306	0.5907760753503161	0.5907760753503161	0.5907760753503161
AZD0530	ENSG00000171953	0.5906775535547757	0.5906775535547757	0.5906775535547757
AZD0530	ENSG00000100154	0.5906758787654988	0.5906758787654988	0.5906758787654988
AZD0530	ENSG00000120937	0.5904942385827281	0.5904942385827281	0.5904942385827281
AZD0530	ENSG00000171443	0.5903311480227825	0.5903311480227825	0.5903311480227825
AZD0530	ENSG00000213185	0.5901524176007782	0.5901524176007782	0.5901524176007782
AZD0530	ENSG00000163132	0.5900979603381967	0.5900979603381967	0.5900979603381967
AZD0530	ENSG00000142549	0.5900329015073033	0.5900329015073033	0.5900329015073033
AZD0530	LOC100505709	0.5900153993660188	0.5900153993660188	0.5900153993660188
AZD0530	ENSG00000267532	0.5899708214684433	0.5899708214684433	0.5899708214684433
AZD0530	ENSG00000276432	0.5895859210167169	0.5895859210167169	0.5895859210167169
AZD0530	ENSG00000100079	0.5895480228199536	0.5895480228199536	0.5895480228199536
AZD0530	ENSG00000185722	0.5894515057475621	0.5894515057475621	0.5894515057475621
AZD0530	ENSG00000141012	0.5894125147442076	0.5894125147442076	0.5894125147442076
AZD0530	ENSG00000069943	0.5893161356359189	0.5893161356359189	0.5893161356359189
AZD0530	C17orf48	0.5892003423504741	0.5892003423504741	0.5892003423504741
AZD0530	ENSG00000118680	0.5891740885861333	0.5891740885861333	0.5891740885861333
AZD0530	ENSG00000179335	0.5890857008350356	0.5890857008350356	0.5890857008350356
AZD0530	ENSG00000120341	0.5889008692827411	0.5889008692827411	0.5889008692827411
AZD0530	ENSG00000263761	0.5885772141908914	0.5885772141908914	0.5885772141908914
AZD0530	ENSG00000151292	0.5885304094331242	0.5885304094331242	0.5885304094331242
AZD0530	LRG_65	0.5884444465353637	0.5884444465353637	0.5884444465353637
AZD0530	ENSG00000162367	0.5883425159111056	0.5883425159111056	0.5883425159111056
AZD0530	ENSG00000130669	0.5880380360405715	0.5880380360405715	0.5880380360405715
AZD0530	ENSG00000166170	0.5878105731087724	0.5878105731087724	0.5878105731087724
AZD0530	ENSG00000177575	0.5877445835027837	0.5877445835027837	0.5877445835027837
AZD0530	ENSG00000121486	0.5876774444895424	0.5876774444895424	0.5876774444895424
AZD0530	ENSG00000124827	0.5875442178213534	0.5875442178213534	0.5875442178213534
AZD0530	ENSG00000072778	0.5875223858523342	0.5875223858523342	0.5875223858523342
AZD0530	ENSG00000181798	0.5873548980861565	0.5873548980861565	0.5873548980861565
AZD0530	ENSG00000281024	0.5873091828564818	0.5873091828564818	0.5873091828564818
AZD0530	ENSG00000006744	0.5872406283593535	0.5872406283593535	0.5872406283593535
AZD0530	ENSG00000167968	0.587206009297617	0.587206009297617	0.587206009297617
AZD0530	LOC100505835	0.5872013914517387	0.5872013914517387	0.5872013914517387
AZD0530	ENSG00000165102	0.5871178778034476	0.5871178778034476	0.5871178778034476
AZD0530	ENSG00000107537	0.5867960715398559	0.5867960715398559	0.5867960715398559
AZD0530	ENSG00000164091	0.5867135628060347	0.5867135628060347	0.5867135628060347
AZD0530	LOC100506327	0.5866662779167772	0.5866662779167772	0.5866662779167772
AZD0530	ENSG00000184005	0.5866025872145444	0.5866025872145444	0.5866025872145444
AZD0530	C9orf23	0.586591102988456	0.586591102988456	0.586591102988456
AZD0530	GLT25D2	0.5865705365036752	0.5865705365036752	0.5865705365036752
AZD0530	ENSG00000106346	0.5865564735857146	0.5865564735857146	0.5865564735857146
AZD0530	ENSG00000279389	0.5865431098983748	0.5865431098983748	0.5865431098983748
AZD0530	ENSG00000039123	0.5861363663145419	0.5861363663145419	0.5861363663145419
AZD0530	ENSG00000147481	0.5859935451723763	0.5859935451723763	0.5859935451723763
AZD0530	ENSG00000100201	0.5858878489826641	0.5858878489826641	0.5858878489826641
AZD0530	ENSG00000118156	0.5856552160871815	0.5856552160871815	0.5856552160871815
AZD0530	ENSG00000107290	0.58557315589616	0.58557315589616	0.58557315589616
AZD0530	ENSG00000168754	0.5854895684645163	0.5854895684645163	0.5854895684645163
AZD0530	ENSG00000126266	0.5854691662049799	0.5854691662049799	0.5854691662049799
AZD0530	ENSG00000206190	0.5854174402575517	0.5854174402575517	0.5854174402575517
AZD0530	ENSG00000136929	0.5853361766165879	0.5853361766165879	0.5853361766165879
AZD0530	ENSG00000179387	0.5852585532858219	0.5852585532858219	0.5852585532858219
AZD0530	ENSG00000175376	0.585236405724479	0.585236405724479	0.585236405724479
AZD0530	ENSG00000175906	0.5852132326910074	0.5852132326910074	0.5852132326910074
AZD0530	ENSG00000170264	0.5852102087493356	0.5852102087493356	0.5852102087493356
AZD0530	ENSG00000181790	0.5851657738945278	0.5851657738945278	0.5851657738945278
AZD0530	ENSG00000115365	0.5848904493313133	0.5848904493313133	0.5848904493313133
AZD0530	ENSG00000156873	0.5848819201033941	0.5848819201033941	0.5848819201033941
AZD0530	ENSG00000238133	0.5847797630259138	0.5847797630259138	0.5847797630259138
AZD0530	ENSG00000166482	0.5846655545250427	0.5846655545250427	0.5846655545250427
AZD0530	ENSG00000162992	0.5846062261677297	0.5846062261677297	0.5846062261677297
AZD0530	ENSG00000100601	0.5844197970734843	0.5844197970734843	0.5844197970734843
AZD0530	LOC729420	0.5843895339945618	0.5843895339945618	0.5843895339945618
AZD0530	ENSG00000175564	0.5843551596018386	0.5843551596018386	0.5843551596018386
AZD0530	ENSG00000171243	0.5843438297709851	0.5843438297709851	0.5843438297709851
AZD0530	LOC388780	0.584258103317753	0.584258103317753	0.584258103317753
AZD0530	ENSG00000187961	0.5842419025163402	0.5842419025163402	0.5842419025163402
AZD0530	ENSG00000140543	0.5841600150699153	0.5841600150699153	0.5841600150699153
AZD0530	ENSG00000100650	0.5841267862492333	0.5841267862492333	0.5841267862492333
AZD0530	ENSG00000215788	0.5839515988707317	0.5839515988707317	0.5839515988707317
AZD0530	ENSG00000144228	0.5838859867227596	0.5838859867227596	0.5838859867227596
AZD0530	ENSG00000165525	0.5838550572641714	0.5838550572641714	0.5838550572641714
AZD0530	ENSG00000166938	0.5837500495744145	0.5837500495744145	0.5837500495744145
AZD0530	ENSG00000163932	0.583742783099304	0.583742783099304	0.583742783099304
AZD0530	ENSG00000109805	0.5837286419628497	0.5837286419628497	0.5837286419628497
AZD0530	ENSG00000160221	0.5836431649005788	0.5836431649005788	0.5836431649005788
AZD0530	ENSG00000075643	0.5833042814446835	0.5833042814446835	0.5833042814446835
AZD0530	ENSG00000111845	0.5831513630020791	0.5831513630020791	0.5831513630020791
AZD0530	ENSG00000135409	0.5831378605066618	0.5831378605066618	0.5831378605066618
AZD0530	ENSG00000139567	0.583080998587495	0.583080998587495	0.583080998587495
AZD0530	ENSG00000166426	0.5830487758843238	0.5830487758843238	0.5830487758843238
AZD0530	ENSG00000069020	0.5829721787181099	0.5829721787181099	0.5829721787181099
AZD0530	ENSG00000129646	0.582870835327349	0.582870835327349	0.582870835327349
AZD0530	ENSG00000085465	0.5827218166392588	0.5827218166392588	0.5827218166392588
AZD0530	ENSG00000214413	0.582616381796094	0.582616381796094	0.582616381796094
AZD0530	ENSG00000135241	0.5825623877608594	0.5825623877608594	0.5825623877608594
AZD0530	ENSG00000099994	0.5824952299716278	0.5824952299716278	0.5824952299716278
AZD0530	ENSG00000183530	0.5824441992168062	0.5824441992168062	0.5824441992168062
AZD0530	ENSG00000115221	0.5823956876800891	0.5823956876800891	0.5823956876800891
AZD0530	ENSG00000100422	0.5823859037682033	0.5823859037682033	0.5823859037682033
AZD0530	ENSG00000167941	0.5820959344052379	0.5820959344052379	0.5820959344052379
AZD0530	ENSG00000157500	0.582015322203837	0.582015322203837	0.582015322203837
AZD0530	ENSG00000265491	0.5818862061834177	0.5818862061834177	0.5818862061834177
AZD0530	ENSG00000160991	0.5818680725483103	0.5818680725483103	0.5818680725483103
AZD0530	ENSG00000088808	0.5818596277296975	0.5818596277296975	0.5818596277296975
AZD0530	ENSG00000113721	0.5817243765045271	0.5817243765045271	0.5817243765045271
AZD0530	ENSG00000144045	0.5816565693928857	0.5816565693928857	0.5816565693928857
AZD0530	ENSG00000101361	0.5815097742191975	0.5815097742191975	0.5815097742191975
AZD0530	ENSG00000172840	0.5815016183364169	0.5815016183364169	0.5815016183364169
AZD0530	ENSG00000156006	0.5814181780713703	0.5814181780713703	0.5814181780713703
AZD0530	ENSG00000151176	0.5812441200788345	0.5812441200788345	0.5812441200788345
AZD0530	C8orf40	0.5812248673179886	0.5812248673179886	0.5812248673179886
AZD0530	ENSG00000186073	0.5811982626143462	0.5811982626143462	0.5811982626143462
AZD0530	ENSG00000008853	0.5811423167982688	0.5811423167982688	0.5811423167982688
AZD0530	ENSG00000143753	0.5811072828403037	0.5811072828403037	0.5811072828403037
AZD0530	LOC100130964	0.5808409285141791	0.5808409285141791	0.5808409285141791
AZD0530	ENSG00000171877	0.5808352641648865	0.5808352641648865	0.5808352641648865
AZD0530	ENSG00000235162	0.580825498158114	0.580825498158114	0.580825498158114
AZD0530	ENSG00000124935	0.580821791297482	0.580821791297482	0.580821791297482
AZD0530	ENSG00000188959	0.5806792928884619	0.5806792928884619	0.5806792928884619
AZD0530	ENSG00000180806	0.580583977793977	0.580583977793977	0.580583977793977
AZD0530	ENSG00000115657	0.5805526158079419	0.5805526158079419	0.5805526158079419
AZD0530	ENSG00000179774	0.5805264120082326	0.5805264120082326	0.5805264120082326
AZD0530	ENSG00000196659	0.5802327892251891	0.5802327892251891	0.5802327892251891
AZD0530	ENSG00000161800	0.5802169492432433	0.5802169492432433	0.5802169492432433
AZD0530	ENSG00000197056	0.5801530293580486	0.5801530293580486	0.5801530293580486
AZD0530	ENSG00000124557	0.5797266700930985	0.5797266700930985	0.5797266700930985
AZD0530	ENSG00000167969	0.5796547243291972	0.5796547243291972	0.5796547243291972
AZD0530	ENSG00000054598	0.5794236465918872	0.5794236465918872	0.5794236465918872
AZD0530	ENSG00000092421	0.5793591728638392	0.5793591728638392	0.5793591728638392
AZD0530	LRG_741	0.5793485483831736	0.5793485483831736	0.5793485483831736
AZD0530	ENSG00000154620	0.5792643249992823	0.5792643249992823	0.5792643249992823
AZD0530	ENSG00000173156	0.5792029565282557	0.5792029565282557	0.5792029565282557
AZD0530	ENSG00000188916	0.5791651026203876	0.5791651026203876	0.5791651026203876
AZD0530	ENSG00000127328	0.5790380767798261	0.5790380767798261	0.5790380767798261
AZD0530	ENSG00000198839	0.5789527739015677	0.5789527739015677	0.5789527739015677
AZD0530	ENSG00000099330	0.5787848213670186	0.5787848213670186	0.5787848213670186
AZD0530	LRG_239	0.5787777080825898	0.5787777080825898	0.5787777080825898
AZD0530	ENSG00000155886	0.5786897942064312	0.5786897942064312	0.5786897942064312
AZD0530	ENSG00000166343	0.578672623852332	0.578672623852332	0.578672623852332
AZD0530	ENSG00000134291	0.5786656331603894	0.5786656331603894	0.5786656331603894
AZD0530	ENSG00000101210	0.5785356791296522	0.5785356791296522	0.5785356791296522
AZD0530	ENSG00000148225	0.5785057213192829	0.5785057213192829	0.5785057213192829
AZD0530	SCAND3	0.5783698609812749	0.5783698609812749	0.5783698609812749
AZD0530	ENSG00000259974	0.5783317557364919	0.5783317557364919	0.5783317557364919
AZD0530	ENSG00000108679	0.5782581334750869	0.5782581334750869	0.5782581334750869
AZD0530	ENSG00000107679	0.5782575768611304	0.5782575768611304	0.5782575768611304
AZD0530	ENSG00000102239	0.5782307209683557	0.5782307209683557	0.5782307209683557
AZD0530	ENSG00000018610	0.5780284251486103	0.5780284251486103	0.5780284251486103
AZD0530	ENSG00000275620	0.577889854396754	0.577889854396754	0.577889854396754
AZD0530	ENSG00000244537	0.5777682803669558	0.5777682803669558	0.5777682803669558
AZD0530	ENSG00000157184	0.5777139747569788	0.5777139747569788	0.5777139747569788
AZD0530	ENSG00000231674	0.5777074408874066	0.5777074408874066	0.5777074408874066
AZD0530	ENSG00000182154	0.5776434335833265	0.5776434335833265	0.5776434335833265
AZD0530	C22orf25	0.5776373927253086	0.5776373927253086	0.5776373927253086
AZD0530	LOC441025	0.5776053583907024	0.5776053583907024	0.5776053583907024
AZD0530	ENSG00000152953	0.5775225733263418	0.5775225733263418	0.5775225733263418
AZD0530	LOC90246	0.5775044952772074	0.5775044952772074	0.5775044952772074
AZD0530	ENSG00000179965	0.5772276851680658	0.5772276851680658	0.5772276851680658
AZD0530	LOC400548	0.5770302792701794	0.5770302792701794	0.5770302792701794
AZD0530	ENSG00000189143	0.5770039614366705	0.5770039614366705	0.5770039614366705
AZD0530	ENSG00000138246	0.5769912712129911	0.5769912712129911	0.5769912712129911
AZD0530	ENSG00000081791	0.5769209775972924	0.5769209775972924	0.5769209775972924
AZD0530	ENSG00000136270	0.5768676249281528	0.5768676249281528	0.5768676249281528
AZD0530	FLJ32255	0.5767721565866	0.5767721565866	0.5767721565866
AZD0530	ENSG00000100697	0.5765424164590778	0.5765424164590778	0.5765424164590778
AZD0530	ENSG00000158411	0.5765324207100999	0.5765324207100999	0.5765324207100999
AZD0530	ENSG00000040933	0.5765082382135504	0.5765082382135504	0.5765082382135504
AZD0530	ENSG00000217442	0.5764950977429949	0.5764950977429949	0.5764950977429949
AZD0530	C10orf103	0.5764359858451567	0.5764359858451567	0.5764359858451567
AZD0530	ENSG00000103275	0.5764165348654092	0.5764165348654092	0.5764165348654092
AZD0530	ENSG00000105058	0.5762813802725165	0.5762813802725165	0.5762813802725165
AZD0530	ENSG00000006831	0.5762654761983844	0.5762654761983844	0.5762654761983844
AZD0530	ENSG00000077235	0.5762613871005483	0.5762613871005483	0.5762613871005483
AZD0530	LOC257396	0.5761091430551257	0.5761091430551257	0.5761091430551257
AZD0530	ENSG00000091622	0.5760236685261775	0.5760236685261775	0.5760236685261775
AZD0530	ENSG00000187624	0.5758966177982378	0.5758966177982378	0.5758966177982378
AZD0530	ENSG00000175348	0.5757636472679866	0.5757636472679866	0.5757636472679866
AZD0530	ENSG00000279116	0.5754713613752065	0.5754713613752065	0.5754713613752065
AZD0530	ENSG00000181467	0.5754127343906463	0.5754127343906463	0.5754127343906463
AZD0530	ENSG00000067057	0.5752336981005253	0.5752336981005253	0.5752336981005253
AZD0530	LOC100505572	0.5750897506976027	0.5750897506976027	0.5750897506976027
AZD0530	ENSG00000170296	0.5749056001849515	0.5749056001849515	0.5749056001849515
AZD0530	ENSG00000172819	0.5748218897715391	0.5748218897715391	0.5748218897715391
AZD0530	ENSG00000151576	0.5747836257786674	0.5747836257786674	0.5747836257786674
AZD0530	ENSG00000171298	0.5746791807991936	0.5746791807991936	0.5746791807991936
AZD0530	ENSG00000090615	0.5745928721188117	0.5745928721188117	0.5745928721188117
AZD0530	ENSG00000255501	0.5744187569731725	0.5744187569731725	0.5744187569731725
AZD0530	LOC151121	0.574414446065195	0.574414446065195	0.574414446065195
AZD0530	ENSG00000180979	0.5743935972933724	0.5743935972933724	0.5743935972933724
AZD0530	ENSG00000100099	0.5742517813513857	0.5742517813513857	0.5742517813513857
AZD0530	ENSG00000058056	0.5741622499085868	0.5741622499085868	0.5741622499085868
AZD0530	ENSG00000160781	0.5740669220992807	0.5740669220992807	0.5740669220992807
AZD0530	ENSG00000127364	0.5740493523234492	0.5740493523234492	0.5740493523234492
AZD0530	ENSG00000122691	0.5740126807344246	0.5740126807344246	0.5740126807344246
AZD0530	FAM194A	0.5738128382926779	0.5738128382926779	0.5738128382926779
AZD0530	C9orf4	0.5737986874725175	0.5737986874725175	0.5737986874725175
AZD0530	ENSG00000130287	0.5737642969990007	0.5737642969990007	0.5737642969990007
AZD0530	ENSG00000184330	0.5737233737164452	0.5737233737164452	0.5737233737164452
AZD0530	ENSG00000116752	0.5736941709051816	0.5736941709051816	0.5736941709051816
AZD0530	ENSG00000127366	0.5736317509950485	0.5736317509950485	0.5736317509950485
AZD0530	LOC402779	0.5736131047699523	0.5736131047699523	0.5736131047699523
AZD0530	ENSG00000275126	0.5732962001751747	0.5732962001751747	0.5732962001751747
AZD0530	ENSG00000092201	0.5732746435208514	0.5732746435208514	0.5732746435208514
AZD0530	ENSG00000177565	0.5729784604983315	0.5729784604983315	0.5729784604983315
AZD0530	ENSG00000115750	0.5729628002443086	0.5729628002443086	0.5729628002443086
AZD0530	ENSG00000278195	0.572944967113436	0.572944967113436	0.572944967113436
AZD0530	ENSG00000110375	0.5726579312023347	0.5726579312023347	0.5726579312023347
AZD0530	ENSG00000167723	0.5726089776202162	0.5726089776202162	0.5726089776202162
AZD0530	ENSG00000090376	0.5723015705737023	0.5723015705737023	0.5723015705737023
AZD0530	ENSG00000259092	0.5722814859883352	0.5722814859883352	0.5722814859883352
AZD0530	ENSG00000229988	0.5719533019603368	0.5719533019603368	0.5719533019603368
AZD0530	LOC731779	0.5719197164635734	0.5719197164635734	0.5719197164635734
AZD0530	ENSG00000005469	0.5718509488760789	0.5718509488760789	0.5718509488760789
AZD0530	ENSG00000138496	0.5716485746241052	0.5716485746241052	0.5716485746241052
AZD0530	ENSG00000172375	0.5716259957014974	0.5716259957014974	0.5716259957014974
AZD0530	ENSG00000180769	0.5716210519135356	0.5716210519135356	0.5716210519135356
AZD0530	ENSG00000165898	0.5715776417533529	0.5715776417533529	0.5715776417533529
AZD0530	ENSG00000127415	0.5715415108614352	0.5715415108614352	0.5715415108614352
AZD0530	ENSG00000042062	0.5713834740876459	0.5713834740876459	0.5713834740876459
AZD0530	LRG_327	0.5713337507915792	0.5713337507915792	0.5713337507915792
AZD0530	ENSG00000145029	0.5711939695389447	0.5711939695389447	0.5711939695389447
AZD0530	ENSG00000143515	0.5711536966513809	0.5711536966513809	0.5711536966513809
AZD0530	ENSG00000079246	0.5710984265120582	0.5710984265120582	0.5710984265120582
AZD0530	ENSG00000129474	0.5710372137159991	0.5710372137159991	0.5710372137159991
AZD0530	ENSG00000245680	0.5709631166039946	0.5709631166039946	0.5709631166039946
AZD0530	ENSG00000123989	0.5709515495214084	0.5709515495214084	0.5709515495214084
AZD0530	ENSG00000106785	0.5708961249019137	0.5708961249019137	0.5708961249019137
AZD0530	ENSG00000105643	0.570880233713653	0.570880233713653	0.570880233713653
AZD0530	ENSG00000198483	0.5705928017430832	0.5705928017430832	0.5705928017430832
AZD0530	ENSG00000158578	0.5703138273383599	0.5703138273383599	0.5703138273383599
AZD0530	LOC100505658	0.5701922190076628	0.5701922190076628	0.5701922190076628
AZD0530	ENSG00000162601	0.570027644570997	0.570027644570997	0.570027644570997
AZD0530	ENSG00000013725	0.5697730496765656	0.5697730496765656	0.5697730496765656
AZD0530	ENSG00000141040	0.5697076585943234	0.5697076585943234	0.5697076585943234
AZD0530	ENSG00000240682	0.5696979543643921	0.5696979543643921	0.5696979543643921
AZD0530	ENSG00000104133	0.5696278783164369	0.5696278783164369	0.5696278783164369
AZD0530	ENSG00000164924	0.5694748538160116	0.5694748538160116	0.5694748538160116
AZD0530	ENSG00000170677	0.5694560354985795	0.5694560354985795	0.5694560354985795
AZD0530	ENSG00000172346	0.5692918309888032	0.5692918309888032	0.5692918309888032
AZD0530	ENSG00000143761	0.5692583068580379	0.5692583068580379	0.5692583068580379
AZD0530	ENSG00000186166	0.5692573957444839	0.5692573957444839	0.5692573957444839
AZD0530	ENSG00000135211	0.5692341617044765	0.5692341617044765	0.5692341617044765
AZD0530	ENSG00000145781	0.5691545213036887	0.5691545213036887	0.5691545213036887
AZD0530	ENSG00000166592	0.5689916273103066	0.5689916273103066	0.5689916273103066
AZD0530	ENSG00000114450	0.5689453513522914	0.5689453513522914	0.5689453513522914
AZD0530	ENSG00000080503	0.5688897170007389	0.5688897170007389	0.5688897170007389
AZD0530	ENSG00000185933	0.5687674783141515	0.5687674783141515	0.5687674783141515
AZD0530	ENSG00000168268	0.5687667651598287	0.5687667651598287	0.5687667651598287
AZD0530	ENSG00000243910	0.5687623983298278	0.5687623983298278	0.5687623983298278
AZD0530	ENSG00000085449	0.5686709792675229	0.5686709792675229	0.5686709792675229
AZD0530	ENSG00000134574	0.5686314667316829	0.5686314667316829	0.5686314667316829
AZD0530	ENSG00000118508	0.5685780606436257	0.5685780606436257	0.5685780606436257
AZD0530	ENSG00000105464	0.5684729026018007	0.5684729026018007	0.5684729026018007
AZD0530	ENSG00000106351	0.5681815048340558	0.5681815048340558	0.5681815048340558
AZD0530	ENSG00000109424	0.5681177508421251	0.5681177508421251	0.5681177508421251
AZD0530	ENSG00000176890	0.5681092163945959	0.5681092163945959	0.5681092163945959
AZD0530	ENSG00000141401	0.5678947688704997	0.5678947688704997	0.5678947688704997
AZD0530	ENSG00000123500	0.5674225136420367	0.5674225136420367	0.5674225136420367
AZD0530	ENSG00000118231	0.5673969993367985	0.5673969993367985	0.5673969993367985
AZD0530	ENSG00000127511	0.567354690681783	0.567354690681783	0.567354690681783
AZD0530	ENSG00000144659	0.567326220835485	0.567326220835485	0.567326220835485
AZD0530	ENSG00000102897	0.5671997589714668	0.5671997589714668	0.5671997589714668
AZD0530	ENSG00000197763	0.5670819582420262	0.5670819582420262	0.5670819582420262
AZD0530	ENSG00000136870	0.5669932515820044	0.5669932515820044	0.5669932515820044
AZD0530	ENSG00000071794	0.5667834665353744	0.5667834665353744	0.5667834665353744
AZD0530	LRG_486	0.5667711023312823	0.5667711023312823	0.5667711023312823
AZD0530	ENSG00000120837	0.5667178481888664	0.5667178481888664	0.5667178481888664
AZD0530	LOC100288152	0.5666713147077277	0.5666713147077277	0.5666713147077277
AZD0530	ENSG00000124508	0.5666324919700934	0.5666324919700934	0.5666324919700934
AZD0530	ENSG00000183751	0.5665925126454094	0.5665925126454094	0.5665925126454094
AZD0530	MGC15705	0.5665506372148015	0.5665506372148015	0.5665506372148015
AZD0530	ENSG00000183092	0.5665174608083988	0.5665174608083988	0.5665174608083988
AZD0530	ENSG00000146385	0.5665146460412771	0.5665146460412771	0.5665146460412771
AZD0530	ENSG00000012232	0.5664748556688948	0.5664748556688948	0.5664748556688948
AZD0530	C15orf50	0.5663281056872356	0.5663281056872356	0.5663281056872356
AZD0530	ENSG00000128789	0.5662716330050885	0.5662716330050885	0.5662716330050885
AZD0530	ENSG00000107829	0.5662318381016431	0.5662318381016431	0.5662318381016431
AZD0530	ENSG00000278156	0.5662303130293835	0.5662303130293835	0.5662303130293835
AZD0530	ENSG00000158480	0.5661416514931755	0.5661416514931755	0.5661416514931755
AZD0530	LOC100506866	0.5660385393635282	0.5660385393635282	0.5660385393635282
AZD0530	ENSG00000100557	0.5659987829632316	0.5659987829632316	0.5659987829632316
AZD0530	ENSG00000166152	0.5659612821698045	0.5659612821698045	0.5659612821698045
AZD0530	ENSG00000141232	0.5659389826238962	0.5659389826238962	0.5659389826238962
AZD0530	ENSG00000138759	0.5659357948493168	0.5659357948493168	0.5659357948493168
AZD0530	ENSG00000163898	0.5658815316535714	0.5658815316535714	0.5658815316535714
AZD0530	ENSG00000225978	0.5658791920730419	0.5658791920730419	0.5658791920730419
AZD0530	MCART1	0.5658170417854171	0.5658170417854171	0.5658170417854171
AZD0530	ENSG00000172322	0.5657897502401722	0.5657897502401722	0.5657897502401722
AZD0530	ENSG00000185760	0.5657581670922179	0.5657581670922179	0.5657581670922179
AZD0530	ENSG00000143994	0.5656675663206355	0.5656675663206355	0.5656675663206355
AZD0530	ENSG00000124193	0.56561130110467	0.56561130110467	0.56561130110467
AZD0530	ENSG00000148158	0.5655798819177984	0.5655798819177984	0.5655798819177984
AZD0530	ENSG00000186081	0.5655737675838406	0.5655737675838406	0.5655737675838406
AZD0530	ENSG00000140545	0.5654066267748733	0.5654066267748733	0.5654066267748733
AZD0530	LOC100506504	0.5653164261464686	0.5653164261464686	0.5653164261464686
AZD0530	ENSG00000011021	0.5652570661894386	0.5652570661894386	0.5652570661894386
AZD0530	ENSG00000100416	0.5651959231489391	0.5651959231489391	0.5651959231489391
AZD0530	ENSG00000181577	0.5649554847489977	0.5649554847489977	0.5649554847489977
AZD0530	ENSG00000136541	0.5649298248614493	0.5649298248614493	0.5649298248614493
AZD0530	ENSG00000165507	0.5648886177027154	0.5648886177027154	0.5648886177027154
AZD0530	ENSG00000166987	0.5648089719987047	0.5648089719987047	0.5648089719987047
AZD0530	ENSG00000216863	0.5646314267792596	0.5646314267792596	0.5646314267792596
AZD0530	ENSG00000169126	0.5643517059517583	0.5643517059517583	0.5643517059517583
AZD0530	ENSG00000053371	0.5642989403469963	0.5642989403469963	0.5642989403469963
AZD0530	ENSG00000104140	0.5642760951227617	0.5642760951227617	0.5642760951227617
AZD0530	ENSG00000164494	0.5642725981262264	0.5642725981262264	0.5642725981262264
AZD0530	ENSG00000198515	0.5642264334469186	0.5642264334469186	0.5642264334469186
AZD0530	LOC150622	0.5642237381894559	0.5642237381894559	0.5642237381894559
AZD0530	ENSG00000277758	0.5642213542381456	0.5642213542381456	0.5642213542381456
AZD0530	ENSG00000179041	0.564137929361815	0.564137929361815	0.564137929361815
AZD0530	ENSG00000140798	0.5640979966282702	0.5640979966282702	0.5640979966282702
AZD0530	ENSG00000126934	0.5640280726936688	0.5640280726936688	0.5640280726936688
AZD0530	ENSG00000179057	0.563972240585442	0.563972240585442	0.563972240585442
AZD0530	ENSG00000135378	0.5639569291539581	0.5639569291539581	0.5639569291539581
AZD0530	ENSG00000117122	0.5639518877094497	0.5639518877094497	0.5639518877094497
AZD0530	ENSG00000108961	0.5639311445659595	0.5639311445659595	0.5639311445659595
AZD0530	ENSG00000123349	0.5639129853914365	0.5639129853914365	0.5639129853914365
AZD0530	ENSG00000141425	0.563860068030573	0.563860068030573	0.563860068030573
AZD0530	ENSG00000125827	0.5638166108237949	0.5638166108237949	0.5638166108237949
AZD0530	ENSG00000120068	0.5636790282559428	0.5636790282559428	0.5636790282559428
AZD0530	ENSG00000152208	0.5635479076602594	0.5635479076602594	0.5635479076602594
AZD0530	ENSG00000135100	0.5634242413716037	0.5634242413716037	0.5634242413716037
AZD0530	ENSG00000121454	0.5633878275914086	0.5633878275914086	0.5633878275914086
AZD0530	ENSG00000142945	0.5633691316187311	0.5633691316187311	0.5633691316187311
AZD0530	ENSG00000164904	0.5630776912298628	0.5630776912298628	0.5630776912298628
AZD0530	ENSG00000144524	0.5629659057791795	0.5629659057791795	0.5629659057791795
AZD0530	ENSG00000132604	0.5628622778594586	0.5628622778594586	0.5628622778594586
AZD0530	ENSG00000116726	0.5626964187609725	0.5626964187609725	0.5626964187609725
AZD0530	ENSG00000276210	0.562657171141822	0.562657171141822	0.562657171141822
AZD0530	ENSG00000274641	0.5625202975061252	0.5625202975061252	0.5625202975061252
AZD0530	LOC100131347	0.5622765035839802	0.5622765035839802	0.5622765035839802
AZD0530	ENSG00000111647	0.5622504777316911	0.5622504777316911	0.5622504777316911
AZD0530	ENSG00000089163	0.5621575277538976	0.5621575277538976	0.5621575277538976
AZD0530	ENSG00000266074	0.5621421911264022	0.5621421911264022	0.5621421911264022
AZD0530	ENSG00000206418	0.5621087369444967	0.5621087369444967	0.5621087369444967
AZD0530	ENSG00000169474	0.5620212585211145	0.5620212585211145	0.5620212585211145
AZD0530	ENSG00000167123	0.5619187216988148	0.5619187216988148	0.5619187216988148
AZD0530	LOC440028	0.5617863674794714	0.5617863674794714	0.5617863674794714
AZD0530	ENSG00000165983	0.561764256335602	0.561764256335602	0.561764256335602
AZD0530	LOC100506174	0.5617425339885191	0.5617425339885191	0.5617425339885191
AZD0530	ENSG00000126858	0.5617399227478397	0.5617399227478397	0.5617399227478397
AZD0530	LOC100506629	0.5615263374103008	0.5615263374103008	0.5615263374103008
AZD0530	ENSG00000160226	0.5613728970088641	0.5613728970088641	0.5613728970088641
AZD0530	ENSG00000005513	0.5612872628646978	0.5612872628646978	0.5612872628646978
AZD0530	ENSG00000187676	0.5611556180078745	0.5611556180078745	0.5611556180078745
AZD0530	LRG_194	0.5611180820985152	0.5611180820985152	0.5611180820985152
AZD0530	ENSG00000149541	0.5610733593076347	0.5610733593076347	0.5610733593076347
AZD0530	FLJ35816	0.5610549241922721	0.5610549241922721	0.5610549241922721
AZD0530	ENSG00000071243	0.5610430247215541	0.5610430247215541	0.5610430247215541
AZD0530	ENSG00000151846	0.5610135472563801	0.5610135472563801	0.5610135472563801
AZD0530	PLAC1L	0.5609982743245943	0.5609982743245943	0.5609982743245943
AZD0530	ENSG00000166263	0.5606809862488094	0.5606809862488094	0.5606809862488094
AZD0530	ENSG00000102384	0.5606767953838795	0.5606767953838795	0.5606767953838795
AZD0530	ENSG00000182095	0.5605742083995235	0.5605742083995235	0.5605742083995235
AZD0530	ENSG00000183475	0.5605212438690979	0.5605212438690979	0.5605212438690979
AZD0530	ENSG00000165140	0.56051564017172	0.56051564017172	0.56051564017172
AZD0530	ENSG00000132514	0.5604005987092706	0.5604005987092706	0.5604005987092706
AZD0530	ENSG00000197776	0.5603749220342075	0.5603749220342075	0.5603749220342075
AZD0530	ENSG00000181092	0.5602491167706017	0.5602491167706017	0.5602491167706017
AZD0530	ENSG00000244734	0.5602173671197911	0.5602173671197911	0.5602173671197911
AZD0530	ENSG00000158636	0.5602158434637046	0.5602158434637046	0.5602158434637046
AZD0530	ENSG00000135093	0.5600654729388174	0.5600654729388174	0.5600654729388174
AZD0530	ENSG00000171126	0.5600644132561091	0.5600644132561091	0.5600644132561091
AZD0530	ENSG00000173320	0.5599944533918029	0.5599944533918029	0.5599944533918029
AZD0530	ENSG00000151014	0.5599926547797499	0.5599926547797499	0.5599926547797499
AZD0530	ENSG00000101134	0.5599762727362965	0.5599762727362965	0.5599762727362965
AZD0530	ENSG00000089335	0.5599760754299041	0.5599760754299041	0.5599760754299041
AZD0530	ENSG00000085760	0.559955460392901	0.559955460392901	0.559955460392901
AZD0530	ENSG00000066279	0.5598815370573198	0.5598815370573198	0.5598815370573198
AZD0530	ENSG00000136982	0.5597263919744815	0.5597263919744815	0.5597263919744815
AZD0530	ENSG00000198826	0.5597148131897672	0.5597148131897672	0.5597148131897672
AZD0530	ENSG00000164690	0.5596263564790458	0.5596263564790458	0.5596263564790458
AZD0530	ENSG00000165300	0.5594780440579742	0.5594780440579742	0.5594780440579742
AZD0530	ENSG00000081181	0.5593572405540447	0.5593572405540447	0.5593572405540447
AZD0530	LOC100134713	0.5591829539075421	0.5591829539075421	0.5591829539075421
AZD0530	ENSG00000266173	0.5591390738994396	0.5591390738994396	0.5591390738994396
AZD0530	ENSG00000134294	0.5591312034440165	0.5591312034440165	0.5591312034440165
AZD0530	ENSG00000175197	0.5587422624147809	0.5587422624147809	0.5587422624147809
AZD0530	ENSG00000157110	0.558740045270709	0.558740045270709	0.558740045270709
AZD0530	ENSG00000092199	0.5585467485468633	0.5585467485468633	0.5585467485468633
AZD0530	ENSG00000180772	0.558426018655672	0.558426018655672	0.558426018655672
AZD0530	ENSG00000124490	0.5582425270314229	0.5582425270314229	0.5582425270314229
AZD0530	ENSG00000129990	0.5582041090079103	0.5582041090079103	0.5582041090079103
AZD0530	ENSG00000169860	0.5580830892762143	0.5580830892762143	0.5580830892762143
AZD0530	LOC100506071	0.5579023778278238	0.5579023778278238	0.5579023778278238
AZD0530	ENSG00000251562	0.5578300893530282	0.5578300893530282	0.5578300893530282
AZD0530	MKRN7P	0.5578084961517533	0.5578084961517533	0.5578084961517533
AZD0530	ENSG00000001497	0.5578016423493284	0.5578016423493284	0.5578016423493284
AZD0530	ENSG00000070018	0.557502274115334	0.557502274115334	0.557502274115334
AZD0530	ENSG00000153037	0.5574865098075772	0.5574865098075772	0.5574865098075772
AZD0530	ENSG00000107614	0.5574721932805352	0.5574721932805352	0.5574721932805352
AZD0530	ENSG00000179526	0.5574194920842304	0.5574194920842304	0.5574194920842304
AZD0530	ENSG00000198742	0.5574062340536559	0.5574062340536559	0.5574062340536559
AZD0530	ENSG00000126733	0.5572739268101802	0.5572739268101802	0.5572739268101802
AZD0530	C17orf81	0.5570932484075227	0.5570932484075227	0.5570932484075227
AZD0530	IGF2-AS1	0.5570396259832472	0.5570396259832472	0.5570396259832472
AZD0530	ENSG00000211794	0.5569942121658509	0.5569942121658509	0.5569942121658509
AZD0530	ENSG00000073712	0.5569760100329234	0.5569760100329234	0.5569760100329234
AZD0530	MLL2	0.556971824520395	0.556971824520395	0.556971824520395
AZD0530	ENSG00000005187	0.5569352183832273	0.5569352183832273	0.5569352183832273
AZD0530	ENSG00000204070	0.5569204147258777	0.5569204147258777	0.5569204147258777
AZD0530	ENSG00000148634	0.5567751009832504	0.5567751009832504	0.5567751009832504
AZD0530	ENSG00000151650	0.5565171958312967	0.5565171958312967	0.5565171958312967
AZD0530	ENSG00000143183	0.5564803475156938	0.5564803475156938	0.5564803475156938
AZD0530	ENSG00000106341	0.5563963754207178	0.5563963754207178	0.5563963754207178
AZD0530	ENSG00000184076	0.556357631946449	0.556357631946449	0.556357631946449
AZD0530	ENSG00000158813	0.5563183089257563	0.5563183089257563	0.5563183089257563
AZD0530	ENSG00000123364	0.5563111094998205	0.5563111094998205	0.5563111094998205
AZD0530	LOC100128840	0.5562958812386596	0.5562958812386596	0.5562958812386596
AZD0530	LOC100506419	0.5562823040189353	0.5562823040189353	0.5562823040189353
AZD0530	ENSG00000196408	0.5560364306065336	0.5560364306065336	0.5560364306065336
AZD0530	ENSG00000107864	0.555994091572476	0.555994091572476	0.555994091572476
AZD0530	ENSG00000118160	0.5559278296221307	0.5559278296221307	0.5559278296221307
AZD0530	ENSG00000100804	0.5558837041618625	0.5558837041618625	0.5558837041618625
AZD0530	ENSG00000177182	0.5558578364186588	0.5558578364186588	0.5558578364186588
AZD0530	ENSG00000165076	0.5557304601532614	0.5557304601532614	0.5557304601532614
AZD0530	ENSG00000232973	0.5557233568375567	0.5557233568375567	0.5557233568375567
AZD0530	ENSG00000276825	0.5556826212882544	0.5556826212882544	0.5556826212882544
AZD0530	ENSG00000204086	0.5556684315596433	0.5556684315596433	0.5556684315596433
AZD0530	ENSG00000105185	0.5556513240184542	0.5556513240184542	0.5556513240184542
AZD0530	ENSG00000177112	0.5555436147678788	0.5555436147678788	0.5555436147678788
AZD0530	LOC388948	0.5555191472185196	0.5555191472185196	0.5555191472185196
AZD0530	ENSG00000173611	0.555333004318775	0.555333004318775	0.555333004318775
AZD0530	ENSG00000121310	0.5552121818833489	0.5552121818833489	0.5552121818833489
AZD0530	ENSG00000105221	0.5551948629361867	0.5551948629361867	0.5551948629361867
AZD0530	ENSG00000121064	0.5551563657895672	0.5551563657895672	0.5551563657895672
AZD0530	ENSG00000171403	0.5551296933308026	0.5551296933308026	0.5551296933308026
AZD0530	ENSG00000160209	0.5550738844538824	0.5550738844538824	0.5550738844538824
AZD0530	ENSG00000095397	0.5550577600891383	0.5550577600891383	0.5550577600891383
AZD0530	ENSG00000277215	0.5549995894784403	0.5549995894784403	0.5549995894784403
AZD0530	ENSG00000154080	0.5548978930834932	0.5548978930834932	0.5548978930834932
AZD0530	ENSG00000267496	0.554722898573927	0.554722898573927	0.554722898573927
AZD0530	ENSG00000168234	0.5545850395117254	0.5545850395117254	0.5545850395117254
AZD0530	ENSG00000173805	0.5542884084587337	0.5542884084587337	0.5542884084587337
AZD0530	ENSG00000090372	0.5542003865184544	0.5542003865184544	0.5542003865184544
AZD0530	ENSG00000161980	0.5541201972763723	0.5541201972763723	0.5541201972763723
AZD0530	ENSG00000196843	0.5539775082931704	0.5539775082931704	0.5539775082931704
AZD0530	ENSG00000134452	0.5538604762916054	0.5538604762916054	0.5538604762916054
AZD0530	ENSG00000253327	0.5536747534777605	0.5536747534777605	0.5536747534777605
AZD0530	ENSG00000128699	0.5535995024387875	0.5535995024387875	0.5535995024387875
AZD0530	ENSG00000131507	0.5534963394296208	0.5534963394296208	0.5534963394296208
AZD0530	ENSG00000174233	0.5534189159477538	0.5534189159477538	0.5534189159477538
AZD0530	ENSG00000188290	0.5533991360717104	0.5533991360717104	0.5533991360717104
AZD0530	LOC100506974	0.5533924471639246	0.5533924471639246	0.5533924471639246
AZD0530	C17orf39	0.5533321631933125	0.5533321631933125	0.5533321631933125
AZD0530	ENSG00000140280	0.5532836163853816	0.5532836163853816	0.5532836163853816
AZD0530	ENSG00000100478	0.5532643817220835	0.5532643817220835	0.5532643817220835
AZD0530	C9orf82	0.5532077734712506	0.5532077734712506	0.5532077734712506
AZD0530	ENSG00000172296	0.5531748981012882	0.5531748981012882	0.5531748981012882
AZD0530	ENSG00000165194	0.5531118270806963	0.5531118270806963	0.5531118270806963
AZD0530	ENSG00000177732	0.5528479013651035	0.5528479013651035	0.5528479013651035
AZD0530	ENSG00000127922	0.5528267221142222	0.5528267221142222	0.5528267221142222
AZD0530	ENSG00000177058	0.5526680253642635	0.5526680253642635	0.5526680253642635
AZD0530	LOC100505702	0.5524138858310328	0.5524138858310328	0.5524138858310328
AZD0530	ENSG00000128422	0.5522153947859165	0.5522153947859165	0.5522153947859165
AZD0530	ENSG00000142178	0.5521968247252278	0.5521968247252278	0.5521968247252278
AZD0530	ENSG00000135541	0.5521795792985982	0.5521795792985982	0.5521795792985982
AZD0530	LOC100506548	0.5521254454202273	0.5521254454202273	0.5521254454202273
AZD0530	ENSG00000161911	0.552084637809432	0.552084637809432	0.552084637809432
AZD0530	ENSG00000120662	0.5520349084647006	0.5520349084647006	0.5520349084647006
AZD0530	ENSG00000225391	0.5520160312474204	0.5520160312474204	0.5520160312474204
AZD0530	ENSG00000104691	0.5518478648683809	0.5518478648683809	0.5518478648683809
AZD0530	ENSG00000178700	0.5517373436770351	0.5517373436770351	0.5517373436770351
AZD0530	ENSG00000158863	0.5515705945908591	0.5515705945908591	0.5515705945908591
AZD0530	ENSG00000106479	0.5514263563330396	0.5514263563330396	0.5514263563330396
AZD0530	ENSG00000169057	0.5514260303158304	0.5514260303158304	0.5514260303158304
AZD0530	ENSG00000112297	0.5513461878763918	0.5513461878763918	0.5513461878763918
AZD0530	ENSG00000108515	0.5513354773864907	0.5513354773864907	0.5513354773864907
AZD0530	ENSG00000134138	0.5513159051286011	0.5513159051286011	0.5513159051286011
AZD0530	ENSG00000163220	0.551309575775823	0.551309575775823	0.551309575775823
AZD0530	ENSG00000148377	0.5510875108790676	0.5510875108790676	0.5510875108790676
AZD0530	ENSG00000183615	0.5510848578340111	0.5510848578340111	0.5510848578340111
AZD0530	C5orf25	0.550557843484175	0.550557843484175	0.550557843484175
AZD0530	ENSG00000198963	0.5504441287120314	0.5504441287120314	0.5504441287120314
AZD0530	ENSG00000205678	0.5503991854288242	0.5503991854288242	0.5503991854288242
AZD0530	ENSG00000133110	0.5503448054030238	0.5503448054030238	0.5503448054030238
AZD0530	ENSG00000115896	0.5501757903573441	0.5501757903573441	0.5501757903573441
AZD0530	ENSG00000198221	0.5500402466717015	0.5500402466717015	0.5500402466717015
AZD0530	LRG_116	0.549980524865141	0.549980524865141	0.549980524865141
AZD0530	ENSG00000129158	0.5498204524995509	0.5498204524995509	0.5498204524995509
AZD0530	ENSG00000181894	0.54976450597147	0.54976450597147	0.54976450597147
AZD0530	ENSG00000159166	0.549539047864614	0.549539047864614	0.549539047864614
AZD0530	CCDC75	0.5495298316914932	0.5495298316914932	0.5495298316914932
AZD0530	ENSG00000063169	0.5494830828724178	0.5494830828724178	0.5494830828724178
AZD0530	ENSG00000071889	0.5494593192371728	0.5494593192371728	0.5494593192371728
AZD0530	ENSG00000151575	0.5493350043829486	0.5493350043829486	0.5493350043829486
AZD0530	ENSG00000184408	0.5493088787153142	0.5493088787153142	0.5493088787153142
AZD0530	ENSG00000186451	0.5492425498328595	0.5492425498328595	0.5492425498328595
AZD0530	ENSG00000110944	0.549176430587622	0.549176430587622	0.549176430587622
AZD0530	ENSG00000198520	0.5490841006132625	0.5490841006132625	0.5490841006132625
AZD0530	C2orf53	0.5490588861530203	0.5490588861530203	0.5490588861530203
AZD0530	ENSG00000115844	0.5490385662844294	0.5490385662844294	0.5490385662844294
AZD0530	ENSG00000104635	0.548927251236576	0.548927251236576	0.548927251236576
AZD0530	LOC285463	0.5489260150744019	0.5489260150744019	0.5489260150744019
AZD0530	ENSG00000110090	0.5489141334108298	0.5489141334108298	0.5489141334108298
AZD0530	ENSG00000171862	0.5488593039132036	0.5488593039132036	0.5488593039132036
AZD0530	ENSG00000234124	0.548849432216688	0.548849432216688	0.548849432216688
AZD0530	ENSG00000100242	0.5486822948968803	0.5486822948968803	0.5486822948968803
AZD0530	LOC152578	0.5483987968713667	0.5483987968713667	0.5483987968713667
AZD0530	ENSG00000129451	0.5483139738049491	0.5483139738049491	0.5483139738049491
AZD0530	ENSG00000196878	0.5481647636007876	0.5481647636007876	0.5481647636007876
AZD0530	ENSG00000112339	0.5480708017286547	0.5480708017286547	0.5480708017286547
AZD0530	ENSG00000240957	0.5479650037713736	0.5479650037713736	0.5479650037713736
AZD0530	ENSG00000277104	0.5478738597306152	0.5478738597306152	0.5478738597306152
AZD0530	ENSG00000183688	0.5477738263816694	0.5477738263816694	0.5477738263816694
AZD0530	ENSG00000079332	0.5474845646144457	0.5474845646144457	0.5474845646144457
AZD0530	ENSG00000165023	0.5474111259047147	0.5474111259047147	0.5474111259047147
AZD0530	ENSG00000196368	0.5471996946848274	0.5471996946848274	0.5471996946848274
AZD0530	ENSG00000175336	0.5471150065815901	0.5471150065815901	0.5471150065815901
AZD0530	ENSG00000143228	0.547021567738934	0.547021567738934	0.547021567738934
AZD0530	ENSG00000182183	0.5469888019831206	0.5469888019831206	0.5469888019831206
AZD0530	ENSG00000169169	0.5469324995946743	0.5469324995946743	0.5469324995946743
AZD0530	LRG_643	0.5468336551362094	0.5468336551362094	0.5468336551362094
AZD0530	ENSG00000112851	0.5466450174320003	0.5466450174320003	0.5466450174320003
AZD0530	WDR67	0.5465166622770704	0.5465166622770704	0.5465166622770704
AZD0530	ENSG00000080709	0.5464918242408418	0.5464918242408418	0.5464918242408418
AZD0530	ENSG00000179943	0.5463995147717384	0.5463995147717384	0.5463995147717384
AZD0530	ENSG00000249751	0.5463278847067786	0.5463278847067786	0.5463278847067786
AZD0530	ENSG00000141977	0.5462803569567498	0.5462803569567498	0.5462803569567498
AZD0530	FLJ32790	0.5462002486669391	0.5462002486669391	0.5462002486669391
AZD0530	LINC00085	0.546165889918521	0.546165889918521	0.546165889918521
AZD0530	ENSG00000083799	0.5461638363953502	0.5461638363953502	0.5461638363953502
AZD0530	ENSG00000173988	0.5461282078979014	0.5461282078979014	0.5461282078979014
AZD0530	ENSG00000162458	0.5461174788027159	0.5461174788027159	0.5461174788027159
AZD0530	ENSG00000116741	0.5460381236632433	0.5460381236632433	0.5460381236632433
AZD0530	ENSG00000203909	0.5460307339574927	0.5460307339574927	0.5460307339574927
AZD0530	ENSG00000131374	0.5460266980304768	0.5460266980304768	0.5460266980304768
AZD0530	ENSG00000176399	0.5459452495926637	0.5459452495926637	0.5459452495926637
AZD0530	ENSG00000125734	0.5458895830843495	0.5458895830843495	0.5458895830843495
AZD0530	ENSG00000111665	0.5458889066844624	0.5458889066844624	0.5458889066844624
AZD0530	ENSG00000136628	0.5456925360996471	0.5456925360996471	0.5456925360996471
AZD0530	ENSG00000122970	0.5456511709611419	0.5456511709611419	0.5456511709611419
AZD0530	ENSG00000156009	0.545479576460569	0.545479576460569	0.545479576460569
AZD0530	ENSG00000162755	0.5454334140753083	0.5454334140753083	0.5454334140753083
AZD0530	ENSG00000237872	0.545384886113121	0.545384886113121	0.545384886113121
AZD0530	ENSG00000244038	0.5452578197186537	0.5452578197186537	0.5452578197186537
AZD0530	ENSG00000168874	0.5452278255902989	0.5452278255902989	0.5452278255902989
AZD0530	ENSG00000204764	0.5451012628634803	0.5451012628634803	0.5451012628634803
AZD0530	ENSG00000149043	0.5449931255694798	0.5449931255694798	0.5449931255694798
AZD0530	ENSG00000170801	0.544775261708298	0.544775261708298	0.544775261708298
AZD0530	ENSG00000088451	0.544765627400294	0.544765627400294	0.544765627400294
AZD0530	ENSG00000170043	0.5445978067672761	0.5445978067672761	0.5445978067672761
AZD0530	ENSG00000164081	0.5445772137178397	0.5445772137178397	0.5445772137178397
AZD0530	ENSG00000133657	0.5445617882194413	0.5445617882194413	0.5445617882194413
AZD0530	ENSG00000164304	0.5445600818753998	0.5445600818753998	0.5445600818753998
AZD0530	LOC100288079	0.5445272184221042	0.5445272184221042	0.5445272184221042
AZD0530	ENSG00000144597	0.5443152887508864	0.5443152887508864	0.5443152887508864
AZD0530	LOC84989	0.5443062889215542	0.5443062889215542	0.5443062889215542
AZD0530	ENSG00000172663	0.544279991861939	0.544279991861939	0.544279991861939
AZD0530	ENSG00000228881	0.5442385930265544	0.5442385930265544	0.5442385930265544
AZD0530	ENSG00000102032	0.5442312032890451	0.5442312032890451	0.5442312032890451
AZD0530	ENSG00000149654	0.544211480748245	0.544211480748245	0.544211480748245
AZD0530	ENSG00000129691	0.5442112640816048	0.5442112640816048	0.5442112640816048
AZD0530	ENSG00000141569	0.5441674294582464	0.5441674294582464	0.5441674294582464
AZD0530	ENSG00000130449	0.5441284803163662	0.5441284803163662	0.5441284803163662
AZD0530	ENSG00000104880	0.5438575865424712	0.5438575865424712	0.5438575865424712
AZD0530	ENSG00000141560	0.5438490296900701	0.5438490296900701	0.5438490296900701
AZD0530	ENSG00000167508	0.5437478009938074	0.5437478009938074	0.5437478009938074
AZD0530	ENSG00000135222	0.5437341853650757	0.5437341853650757	0.5437341853650757
AZD0530	ENSG00000186815	0.5436429601131785	0.5436429601131785	0.5436429601131785
AZD0530	ENSG00000179148	0.543589919401116	0.543589919401116	0.543589919401116
AZD0530	ENSG00000135413	0.5433459815440929	0.5433459815440929	0.5433459815440929
AZD0530	ENSG00000185133	0.5431302435417236	0.5431302435417236	0.5431302435417236
AZD0530	ENSG00000277923	0.5430821387592222	0.5430821387592222	0.5430821387592222
AZD0530	LOC644135	0.5430637066676092	0.5430637066676092	0.5430637066676092
AZD0530	ENSG00000041988	0.5428194538530581	0.5428194538530581	0.5428194538530581
AZD0530	ENSG00000122557	0.5426373957506049	0.5426373957506049	0.5426373957506049
AZD0530	ENSG00000144231	0.5424990352643303	0.5424990352643303	0.5424990352643303
AZD0530	LOC643201	0.5423638505534001	0.5423638505534001	0.5423638505534001
AZD0530	ENSG00000084090	0.5422880547175031	0.5422880547175031	0.5422880547175031
AZD0530	ENSG00000125629	0.542196163031599	0.542196163031599	0.542196163031599
AZD0530	ENSG00000157240	0.5419910592606306	0.5419910592606306	0.5419910592606306
AZD0530	ENSG00000213397	0.5419357972621298	0.5419357972621298	0.5419357972621298
AZD0530	ENSG00000109625	0.5415935840113933	0.5415935840113933	0.5415935840113933
AZD0530	ENSG00000162817	0.5414535972369365	0.5414535972369365	0.5414535972369365
AZD0530	ENSG00000122966	0.5413408084120671	0.5413408084120671	0.5413408084120671
AZD0530	C16orf57	0.5413256493486212	0.5413256493486212	0.5413256493486212
AZD0530	ENSG00000111144	0.5412253384446483	0.5412253384446483	0.5412253384446483
AZD0530	ENSG00000171889	0.5412208385310584	0.5412208385310584	0.5412208385310584
AZD0530	ENSG00000167531	0.5411717295162788	0.5411717295162788	0.5411717295162788
AZD0530	ENSG00000089057	0.541105780197622	0.541105780197622	0.541105780197622
AZD0530	CYP2B7P1	0.5410635979020949	0.5410635979020949	0.5410635979020949
AZD0530	ENSG00000175764	0.5409832287948743	0.5409832287948743	0.5409832287948743
AZD0530	ENSG00000134265	0.5409583978667992	0.5409583978667992	0.5409583978667992
AZD0530	ENSG00000166171	0.5409109027705882	0.5409109027705882	0.5409109027705882
AZD0530	ENSG00000253797	0.540909129354888	0.540909129354888	0.540909129354888
AZD0530	ENSG00000135324	0.5408707466938603	0.5408707466938603	0.5408707466938603
AZD0530	ENSG00000113387	0.5407280649199883	0.5407280649199883	0.5407280649199883
AZD0530	LOC150568	0.5406533130045846	0.5406533130045846	0.5406533130045846
AZD0530	ENSG00000175029	0.5406240054251312	0.5406240054251312	0.5406240054251312
AZD0530	ENSG00000159714	0.5405495008510626	0.5405495008510626	0.5405495008510626
AZD0530	ENSG00000162062	0.540475484446015	0.540475484446015	0.540475484446015
AZD0530	ENSG00000171208	0.5402708099672194	0.5402708099672194	0.5402708099672194
AZD0530	ENSG00000180438	0.5402499426950932	0.5402499426950932	0.5402499426950932
AZD0530	ENSG00000178234	0.540199598540276	0.540199598540276	0.540199598540276
AZD0530	ENSG00000175287	0.5401802183320052	0.5401802183320052	0.5401802183320052
AZD0530	ENSG00000146530	0.5400249179961587	0.5400249179961587	0.5400249179961587
AZD0530	ENSG00000128596	0.5399419368774558	0.5399419368774558	0.5399419368774558
AZD0530	LOC100506165	0.5399323739596049	0.5399323739596049	0.5399323739596049
AZD0530	ENSG00000168906	0.5398096024115905	0.5398096024115905	0.5398096024115905
AZD0530	ENSG00000143443	0.5397325081170237	0.5397325081170237	0.5397325081170237
AZD0530	ENSG00000080608	0.5397050586412837	0.5397050586412837	0.5397050586412837
AZD0530	ENSG00000145321	0.5396298996723932	0.5396298996723932	0.5396298996723932
AZD0530	ENSG00000273622	0.5395995159876747	0.5395995159876747	0.5395995159876747
AZD0530	ENSG00000150967	0.539563746409234	0.539563746409234	0.539563746409234
AZD0530	ENSG00000258597	0.5394841099703183	0.5394841099703183	0.5394841099703183
AZD0530	ENSG00000211785	0.5394746686152656	0.5394746686152656	0.5394746686152656
AZD0530	ENSG00000167695	0.5393119631161901	0.5393119631161901	0.5393119631161901
AZD0530	ENSG00000080007	0.5392088237684214	0.5392088237684214	0.5392088237684214
AZD0530	ENSG00000137055	0.5391741238314655	0.5391741238314655	0.5391741238314655
AZD0530	ENSG00000101412	0.5391627739889068	0.5391627739889068	0.5391627739889068
AZD0530	ENSG00000131864	0.5391069060967049	0.5391069060967049	0.5391069060967049
AZD0530	ENSG00000106819	0.5390985890733224	0.5390985890733224	0.5390985890733224
AZD0530	ENSG00000042832	0.5390682075284623	0.5390682075284623	0.5390682075284623
AZD0530	ENSG00000141431	0.5389706273664574	0.5389706273664574	0.5389706273664574
AZD0530	ENSG00000142166	0.5389398032093883	0.5389398032093883	0.5389398032093883
AZD0530	ENSG00000013441	0.5389035393873133	0.5389035393873133	0.5389035393873133
AZD0530	ENSG00000055813	0.5388877872431582	0.5388877872431582	0.5388877872431582
AZD0530	ENSG00000187527	0.5384776488036611	0.5384776488036611	0.5384776488036611
AZD0530	ENSG00000135926	0.5383859852863448	0.5383859852863448	0.5383859852863448
AZD0530	ENSG00000173406	0.5383633770931714	0.5383633770931714	0.5383633770931714
AZD0530	LOC100506286	0.5382920610922417	0.5382920610922417	0.5382920610922417
AZD0530	ENSG00000179630	0.538248926162884	0.538248926162884	0.538248926162884
AZD0530	ENSG00000189283	0.5378876004630873	0.5378876004630873	0.5378876004630873
AZD0530	LOC400643	0.5378720142641523	0.5378720142641523	0.5378720142641523
AZD0530	ENSG00000158669	0.5378406934497636	0.5378406934497636	0.5378406934497636
AZD0530	ENSG00000125255	0.5377888653683539	0.5377888653683539	0.5377888653683539
AZD0530	ENSG00000134046	0.5376494288772088	0.5376494288772088	0.5376494288772088
AZD0530	ENSG00000162910	0.5376442142794683	0.5376442142794683	0.5376442142794683
AZD0530	ENSG00000149273	0.5375713302594872	0.5375713302594872	0.5375713302594872
AZD0530	ENSG00000177354	0.5375320522248492	0.5375320522248492	0.5375320522248492
AZD0530	ENSG00000103460	0.5374948635516665	0.5374948635516665	0.5374948635516665
AZD0530	LOC100652856	0.5374499567621929	0.5374499567621929	0.5374499567621929
AZD0530	LRG_617	0.5371592838164809	0.5371592838164809	0.5371592838164809
AZD0530	ENSG00000166333	0.537149960834638	0.537149960834638	0.537149960834638
AZD0530	ENSG00000280618	0.5371380277753542	0.5371380277753542	0.5371380277753542
AZD0530	ENSG00000145777	0.5370890781268866	0.5370890781268866	0.5370890781268866
AZD0530	ENSG00000108021	0.5370347277289449	0.5370347277289449	0.5370347277289449
AZD0530	ENSG00000085274	0.5369725062477846	0.5369725062477846	0.5369725062477846
AZD0530	ENSG00000139192	0.5369548896142068	0.5369548896142068	0.5369548896142068
AZD0530	ENSG00000100916	0.5367329057918865	0.5367329057918865	0.5367329057918865
AZD0530	LOC100507629	0.5366079843384278	0.5366079843384278	0.5366079843384278
AZD0530	LOC400692	0.5366071343131266	0.5366071343131266	0.5366071343131266
AZD0530	ENSG00000197576	0.5364657797991689	0.5364657797991689	0.5364657797991689
AZD0530	ENSG00000161682	0.5363443152387152	0.5363443152387152	0.5363443152387152
AZD0530	LOC100506252	0.5363307996495817	0.5363307996495817	0.5363307996495817
AZD0530	GALNTL4	0.5363284281484869	0.5363284281484869	0.5363284281484869
AZD0530	ENSG00000162068	0.5362637104018635	0.5362637104018635	0.5362637104018635
AZD0530	ENSG00000163877	0.5361008734003064	0.5361008734003064	0.5361008734003064
AZD0530	ENSG00000114638	0.5360688185627595	0.5360688185627595	0.5360688185627595
AZD0530	ENSG00000206560	0.5360180561072684	0.5360180561072684	0.5360180561072684
AZD0530	ENSG00000173113	0.535904307906005	0.535904307906005	0.535904307906005
AZD0530	ENSG00000174231	0.5358982433101297	0.5358982433101297	0.5358982433101297
AZD0530	ENSG00000025293	0.5357740388999502	0.5357740388999502	0.5357740388999502
AZD0530	RDBP	0.5357645005163291	0.5357645005163291	0.5357645005163291
AZD0530	ENSG00000148297	0.535764250882196	0.535764250882196	0.535764250882196
AZD0530	ENSG00000090659	0.535760819841802	0.535760819841802	0.535760819841802
AZD0530	ENSG00000168314	0.5355987163331364	0.5355987163331364	0.5355987163331364
AZD0530	ENSG00000179044	0.5354319630496038	0.5354319630496038	0.5354319630496038
AZD0530	ENSG00000214029	0.5354229194052318	0.5354229194052318	0.5354229194052318
AZD0530	ENSG00000100280	0.5353742533639323	0.5353742533639323	0.5353742533639323
AZD0530	ENSG00000114767	0.5351233517592378	0.5351233517592378	0.5351233517592378
AZD0530	ENSG00000144619	0.5350226907654687	0.5350226907654687	0.5350226907654687
AZD0530	ENSG00000150394	0.5349040489717006	0.5349040489717006	0.5349040489717006
AZD0530	ENSG00000267719	0.5347166886634472	0.5347166886634472	0.5347166886634472
AZD0530	ENSG00000186462	0.5346460915209422	0.5346460915209422	0.5346460915209422
AZD0530	ENSG00000161249	0.5344988958014357	0.5344988958014357	0.5344988958014357
AZD0530	ENSG00000110693	0.5344386751723467	0.5344386751723467	0.5344386751723467
AZD0530	ENSG00000144485	0.5344365506019313	0.5344365506019313	0.5344365506019313
AZD0530	ENSG00000091986	0.5343633445799963	0.5343633445799963	0.5343633445799963
AZD0530	ENSG00000238098	0.5343496537615701	0.5343496537615701	0.5343496537615701
AZD0530	ENSG00000025770	0.5343469384272884	0.5343469384272884	0.5343469384272884
AZD0530	CLTC-IT1	0.5343060383837381	0.5343060383837381	0.5343060383837381
AZD0530	ENSG00000148824	0.5342173944830558	0.5342173944830558	0.5342173944830558
AZD0530	LOC100506898	0.5341886838285179	0.5341886838285179	0.5341886838285179
AZD0530	ENSG00000108622	0.5339258449748743	0.5339258449748743	0.5339258449748743
AZD0530	ENSG00000184661	0.5339162149938684	0.5339162149938684	0.5339162149938684
AZD0530	ENSG00000078053	0.5338847695700082	0.5338847695700082	0.5338847695700082
AZD0530	ENSG00000177380	0.5338392090224555	0.5338392090224555	0.5338392090224555
AZD0530	ENSG00000121743	0.5336427229525813	0.5336427229525813	0.5336427229525813
AZD0530	ENSG00000167701	0.533625999351007	0.533625999351007	0.533625999351007
AZD0530	ENSG00000067704	0.5336053349722756	0.5336053349722756	0.5336053349722756
AZD0530	ENSG00000116754	0.5335892320116268	0.5335892320116268	0.5335892320116268
AZD0530	ENSG00000069424	0.533510291217327	0.533510291217327	0.533510291217327
AZD0530	ENSG00000128655	0.5334383863860527	0.5334383863860527	0.5334383863860527
AZD0530	ENSG00000171360	0.5333306305160436	0.5333306305160436	0.5333306305160436
AZD0530	ENSG00000004139	0.5333202906224516	0.5333202906224516	0.5333202906224516
AZD0530	ENSG00000258839	0.5332628451899032	0.5332628451899032	0.5332628451899032
AZD0530	ENSG00000156642	0.5332570390307761	0.5332570390307761	0.5332570390307761
AZD0530	ENSG00000112715	0.5332547025069329	0.5332547025069329	0.5332547025069329
AZD0530	ENSG00000127337	0.5332090357979319	0.5332090357979319	0.5332090357979319
AZD0530	ENSG00000166685	0.5327586955799545	0.5327586955799545	0.5327586955799545
AZD0530	ENSG00000178473	0.5326914774615601	0.5326914774615601	0.5326914774615601
AZD0530	ENSG00000126883	0.5326326593821389	0.5326326593821389	0.5326326593821389
AZD0530	ENSG00000226887	0.5325566130865594	0.5325566130865594	0.5325566130865594
AZD0530	ENSG00000113552	0.5325516023935798	0.5325516023935798	0.5325516023935798
AZD0530	LOC100507246	0.5324881542027844	0.5324881542027844	0.5324881542027844
AZD0530	ENSG00000143198	0.5322935385325377	0.5322935385325377	0.5322935385325377
AZD0530	ENSG00000152932	0.5322466517367632	0.5322466517367632	0.5322466517367632
AZD0530	ENSG00000144034	0.5320412089680185	0.5320412089680185	0.5320412089680185
AZD0530	ENSG00000139880	0.5320125503350164	0.5320125503350164	0.5320125503350164
AZD0530	ENSG00000125319	0.5318877569139572	0.5318877569139572	0.5318877569139572
AZD0530	ENSG00000126249	0.5318692559340763	0.5318692559340763	0.5318692559340763
AZD0530	ENSG00000189350	0.53184343944538	0.53184343944538	0.53184343944538
AZD0530	NELF	0.5318425296633061	0.5318425296633061	0.5318425296633061
AZD0530	ENSG00000078319	0.5316542924250053	0.5316542924250053	0.5316542924250053
AZD0530	ENSG00000140993	0.5313401552374306	0.5313401552374306	0.5313401552374306
AZD0530	ENSG00000150628	0.5313241230791189	0.5313241230791189	0.5313241230791189
AZD0530	ENSG00000183666	0.5312048332115301	0.5312048332115301	0.5312048332115301
AZD0530	ENSG00000115307	0.5311256077869038	0.5311256077869038	0.5311256077869038
AZD0530	ENSG00000262217	0.5310890095154462	0.5310890095154462	0.5310890095154462
AZD0530	ENSG00000165215	0.5309967713746715	0.5309967713746715	0.5309967713746715
AZD0530	ENSG00000104848	0.530808657589771	0.530808657589771	0.530808657589771
AZD0530	ENSG00000023041	0.5306473856907523	0.5306473856907523	0.5306473856907523
AZD0530	ENSG00000164483	0.5305867678985833	0.5305867678985833	0.5305867678985833
AZD0530	ENSG00000244302	0.5304212474924255	0.5304212474924255	0.5304212474924255
AZD0530	ENSG00000120329	0.5301781321915936	0.5301781321915936	0.5301781321915936
AZD0530	ENSG00000198846	0.5299844735980284	0.5299844735980284	0.5299844735980284
AZD0530	PPBPL2	0.529930103589294	0.529930103589294	0.529930103589294
AZD0530	ENSG00000164258	0.5298588474041451	0.5298588474041451	0.5298588474041451
AZD0530	ENSG00000204262	0.5296104964824158	0.5296104964824158	0.5296104964824158
AZD0530	ENSG00000150867	0.529563052179816	0.529563052179816	0.529563052179816
AZD0530	ENSG00000182612	0.529427027406471	0.529427027406471	0.529427027406471
AZD0530	ENSG00000213995	0.529237224100758	0.529237224100758	0.529237224100758
AZD0530	ENSG00000135740	0.5290550879290901	0.5290550879290901	0.5290550879290901
AZD0530	ENSG00000150779	0.5289130266985631	0.5289130266985631	0.5289130266985631
AZD0530	ENSG00000064225	0.5288572100581933	0.5288572100581933	0.5288572100581933
AZD0530	ENSG00000180447	0.5288404200048868	0.5288404200048868	0.5288404200048868
AZD0530	ENSG00000002016	0.5287867844350964	0.5287867844350964	0.5287867844350964
AZD0530	ENSG00000164675	0.528754515305026	0.528754515305026	0.528754515305026
AZD0530	ENSG00000100890	0.5287314509043018	0.5287314509043018	0.5287314509043018
AZD0530	ENSG00000171621	0.5285666352816477	0.5285666352816477	0.5285666352816477
AZD0530	ENSG00000108433	0.5285408131459447	0.5285408131459447	0.5285408131459447
AZD0530	ENSG00000163534	0.5285131528891156	0.5285131528891156	0.5285131528891156
AZD0530	ENSG00000061337	0.5285066896257963	0.5285066896257963	0.5285066896257963
AZD0530	ENSG00000049283	0.5283365146566817	0.5283365146566817	0.5283365146566817
AZD0530	LOC100288911	0.5282889583251215	0.5282889583251215	0.5282889583251215
AZD0530	ENSG00000186104	0.5280530173531551	0.5280530173531551	0.5280530173531551
AZD0530	ENSG00000077522	0.5280328876352613	0.5280328876352613	0.5280328876352613
AZD0530	ENSG00000133121	0.5278597409234997	0.5278597409234997	0.5278597409234997
AZD0530	C5orf62	0.5277418768316618	0.5277418768316618	0.5277418768316618
AZD0530	ENSG00000148584	0.5276936570500522	0.5276936570500522	0.5276936570500522
AZD0530	ENSG00000108788	0.5274792686297264	0.5274792686297264	0.5274792686297264
AZD0530	ENSG00000185414	0.5274655110465164	0.5274655110465164	0.5274655110465164
AZD0530	ENSG00000132000	0.5274305988034934	0.5274305988034934	0.5274305988034934
AZD0530	ENSG00000108255	0.5274208440281993	0.5274208440281993	0.5274208440281993
AZD0530	ENSG00000164695	0.5273802184750388	0.5273802184750388	0.5273802184750388
AZD0530	LOC731789	0.5273705361868632	0.5273705361868632	0.5273705361868632
AZD0530	ENSG00000162399	0.5273385928078066	0.5273385928078066	0.5273385928078066
AZD0530	ENSG00000001629	0.5273247964381786	0.5273247964381786	0.5273247964381786
AZD0530	ENSG00000135424	0.5272856061603095	0.5272856061603095	0.5272856061603095
AZD0530	ENSG00000011638	0.5272707917866658	0.5272707917866658	0.5272707917866658
AZD0530	ENSG00000198680	0.5271841180318049	0.5271841180318049	0.5271841180318049
AZD0530	LOC100130428	0.5271719130173781	0.5271719130173781	0.5271719130173781
AZD0530	FAM116A	0.5271480746083648	0.5271480746083648	0.5271480746083648
AZD0530	ENSG00000228220	0.5271102893755046	0.5271102893755046	0.5271102893755046
AZD0530	ENSG00000146243	0.5270917029870625	0.5270917029870625	0.5270917029870625
AZD0530	ENSG00000235079	0.5270460978170614	0.5270460978170614	0.5270460978170614
AZD0530	ENSG00000117481	0.5265153516219714	0.5265153516219714	0.5265153516219714
AZD0530	ENSG00000141522	0.5264913962569782	0.5264913962569782	0.5264913962569782
AZD0530	ENSG00000183114	0.5261874088619587	0.5261874088619587	0.5261874088619587
AZD0530	ENSG00000125888	0.5261682740599998	0.5261682740599998	0.5261682740599998
AZD0530	ENSG00000126107	0.5261562151057978	0.5261562151057978	0.5261562151057978
AZD0530	ENSG00000257138	0.5259887043860828	0.5259887043860828	0.5259887043860828
AZD0530	ENSG00000156508	0.5259704790166019	0.5259704790166019	0.5259704790166019
AZD0530	ENSG00000169976	0.5258076846114559	0.5258076846114559	0.5258076846114559
AZD0530	C12orf44	0.5257915280407327	0.5257915280407327	0.5257915280407327
AZD0530	ENSG00000176020	0.5255752330168291	0.5255752330168291	0.5255752330168291
AZD0530	ENSG00000226711	0.5255728260542625	0.5255728260542625	0.5255728260542625
AZD0530	LOC100133612	0.5254375178815385	0.5254375178815385	0.5254375178815385
AZD0530	ENSG00000118503	0.5254015765831029	0.5254015765831029	0.5254015765831029
AZD0530	ENSG00000224586	0.5252651479543416	0.5252651479543416	0.5252651479543416
AZD0530	ENSG00000068383	0.5252014989533411	0.5252014989533411	0.5252014989533411
AZD0530	ENSG00000152404	0.5250175236306904	0.5250175236306904	0.5250175236306904
AZD0530	C12orf26	0.5250055790291268	0.5250055790291268	0.5250055790291268
AZD0530	ENSG00000211788	0.5249732180994034	0.5249732180994034	0.5249732180994034
AZD0530	ENSG00000185303	0.5249508271595337	0.5249508271595337	0.5249508271595337
AZD0530	ENSG00000184056	0.5249345445809006	0.5249345445809006	0.5249345445809006
AZD0530	ENSG00000169884	0.5249138706321098	0.5249138706321098	0.5249138706321098
AZD0530	ENSG00000183735	0.5247234602298221	0.5247234602298221	0.5247234602298221
AZD0530	ENSG00000166946	0.5245185020291466	0.5245185020291466	0.5245185020291466
AZD0530	ENSG00000004468	0.5244513095982126	0.5244513095982126	0.5244513095982126
AZD0530	ENSG00000108242	0.5244040776964256	0.5244040776964256	0.5244040776964256
AZD0530	ENSG00000169306	0.5242668056063525	0.5242668056063525	0.5242668056063525
AZD0530	ENSG00000276051	0.5242023002455728	0.5242023002455728	0.5242023002455728
AZD0530	ENSG00000133063	0.5241723198908297	0.5241723198908297	0.5241723198908297
AZD0530	ENSG00000188636	0.524158496619811	0.524158496619811	0.524158496619811
AZD0530	ENSG00000188056	0.5241284612308053	0.5241284612308053	0.5241284612308053
AZD0530	ENSG00000104267	0.5240772150936829	0.5240772150936829	0.5240772150936829
AZD0530	ENSG00000184916	0.524004458579317	0.524004458579317	0.524004458579317
AZD0530	ENSG00000143393	0.5239608453968764	0.5239608453968764	0.5239608453968764
AZD0530	ENSG00000129354	0.5237654068358435	0.5237654068358435	0.5237654068358435
AZD0530	ENSG00000182149	0.5237452336011537	0.5237452336011537	0.5237452336011537
AZD0530	ENSG00000162517	0.5237419822078042	0.5237419822078042	0.5237419822078042
AZD0530	ENSG00000049860	0.5236606539619139	0.5236606539619139	0.5236606539619139
AZD0530	ENSG00000187398	0.5235747982370129	0.5235747982370129	0.5235747982370129
AZD0530	ENSG00000152910	0.523406326290068	0.523406326290068	0.523406326290068
AZD0530	ENSG00000175274	0.5232992010460324	0.5232992010460324	0.5232992010460324
AZD0530	ENSG00000115138	0.5232789879875438	0.5232789879875438	0.5232789879875438
AZD0530	ENSG00000147432	0.5231501012392387	0.5231501012392387	0.5231501012392387
AZD0530	ENSG00000227122	0.523093958525677	0.523093958525677	0.523093958525677
AZD0530	ENSG00000232839	0.5230693009651181	0.5230693009651181	0.5230693009651181
AZD0530	ENSG00000166348	0.5230192498642353	0.5230192498642353	0.5230192498642353
AZD0530	ENSG00000090097	0.5229401387340445	0.5229401387340445	0.5229401387340445
AZD0530	ENSG00000147471	0.5229392596890007	0.5229392596890007	0.5229392596890007
AZD0530	ENSG00000176845	0.5229212500436425	0.5229212500436425	0.5229212500436425
AZD0530	ENSG00000243789	0.5228596384517095	0.5228596384517095	0.5228596384517095
AZD0530	ENSG00000224209	0.5227766954778368	0.5227766954778368	0.5227766954778368
AZD0530	ENSG00000167972	0.5227482087355988	0.5227482087355988	0.5227482087355988
AZD0530	ENSG00000137273	0.5226945574779135	0.5226945574779135	0.5226945574779135
AZD0530	LOC283089	0.5226618174851447	0.5226618174851447	0.5226618174851447
AZD0530	ENSG00000161267	0.5224944970306731	0.5224944970306731	0.5224944970306731
AZD0530	ENSG00000174080	0.5224265074712153	0.5224265074712153	0.5224265074712153
AZD0530	ENSG00000204381	0.5222987687893236	0.5222987687893236	0.5222987687893236
AZD0530	ENSG00000251322	0.5222204762435962	0.5222204762435962	0.5222204762435962
AZD0530	ENSG00000090863	0.5221894697853027	0.5221894697853027	0.5221894697853027
AZD0530	ENSG00000107949	0.5220931147411384	0.5220931147411384	0.5220931147411384
AZD0530	ENSG00000134077	0.5219951354067779	0.5219951354067779	0.5219951354067779
AZD0530	ENSG00000092068	0.5219340424707851	0.5219340424707851	0.5219340424707851
AZD0530	ENSG00000039987	0.5218186090048146	0.5218186090048146	0.5218186090048146
AZD0530	ENSG00000243468	0.5217450552127139	0.5217450552127139	0.5217450552127139
AZD0530	ENSG00000129673	0.5216504902615966	0.5216504902615966	0.5216504902615966
AZD0530	ENSG00000233670	0.5214235602797342	0.5214235602797342	0.5214235602797342
AZD0530	ENSG00000214249	0.521217771738941	0.521217771738941	0.521217771738941
AZD0530	ENSG00000153767	0.521098992334723	0.521098992334723	0.521098992334723
AZD0530	ENSG00000080573	0.521036186826282	0.521036186826282	0.521036186826282
AZD0530	ENSG00000136051	0.5210042894241111	0.5210042894241111	0.5210042894241111
AZD0530	ENSG00000177731	0.5209263252837432	0.5209263252837432	0.5209263252837432
AZD0530	ENSG00000163798	0.5208947116309839	0.5208947116309839	0.5208947116309839
AZD0530	ENSG00000175806	0.5208294557470584	0.5208294557470584	0.5208294557470584
AZD0530	ENSG00000106038	0.5207710497333069	0.5207710497333069	0.5207710497333069
AZD0530	ENSG00000153896	0.5206535580970044	0.5206535580970044	0.5206535580970044
AZD0530	ENSG00000127399	0.520629584172496	0.520629584172496	0.520629584172496
AZD0530	ENSG00000164062	0.5205413634848773	0.5205413634848773	0.5205413634848773
AZD0530	ENSG00000185730	0.5204062464496312	0.5204062464496312	0.5204062464496312
AZD0530	ENSG00000122386	0.5203805684615225	0.5203805684615225	0.5203805684615225
AZD0530	LOC285084	0.5203047086111233	0.5203047086111233	0.5203047086111233
AZD0530	ENSG00000164663	0.5201948150580785	0.5201948150580785	0.5201948150580785
AZD0530	ENSG00000165434	0.5201537551187898	0.5201537551187898	0.5201537551187898
AZD0530	ENSG00000184985	0.5201010718005646	0.5201010718005646	0.5201010718005646
AZD0530	DZANK1-AS1	0.5200987296064408	0.5200987296064408	0.5200987296064408
AZD0530	LOC401431	0.5200721523182499	0.5200721523182499	0.5200721523182499
AZD0530	GCFC1	0.5200125038684279	0.5200125038684279	0.5200125038684279
AZD0530	ENSG00000183655	0.5198992976306743	0.5198992976306743	0.5198992976306743
AZD0530	ENSG00000156575	0.5198906842371237	0.5198906842371237	0.5198906842371237
AZD0530	ENSG00000141644	0.519852391143687	0.519852391143687	0.519852391143687
AZD0530	ENSG00000177627	0.5198450032743263	0.5198450032743263	0.5198450032743263
AZD0530	ENSG00000106266	0.5198349221202356	0.5198349221202356	0.5198349221202356
AZD0530	ENSG00000184988	0.5197646641073549	0.5197646641073549	0.5197646641073549
AZD0530	ENSG00000182004	0.5197512682086927	0.5197512682086927	0.5197512682086927
AZD0530	ENSG00000178597	0.5196211729329863	0.5196211729329863	0.5196211729329863
AZD0530	ENSG00000101333	0.5194001212930971	0.5194001212930971	0.5194001212930971
AZD0530	ENSG00000189043	0.519327091435106	0.519327091435106	0.519327091435106
AZD0530	ENSG00000189050	0.5193044897887559	0.5193044897887559	0.5193044897887559
AZD0530	ENSG00000023445	0.519081160730059	0.519081160730059	0.519081160730059
AZD0530	C1orf51	0.5190582645728004	0.5190582645728004	0.5190582645728004
AZD0530	ENSG00000162704	0.5189906798829798	0.5189906798829798	0.5189906798829798
AZD0530	ENSG00000131059	0.5189319080452809	0.5189319080452809	0.5189319080452809
AZD0530	ENSG00000113638	0.5185659964065698	0.5185659964065698	0.5185659964065698
AZD0530	ENSG00000006007	0.5184942475637412	0.5184942475637412	0.5184942475637412
AZD0530	ENSG00000104490	0.5183515758901522	0.5183515758901522	0.5183515758901522
AZD0530	ENSG00000062038	0.5183415412697767	0.5183415412697767	0.5183415412697767
AZD0530	ENSG00000149742	0.5182699676679808	0.5182699676679808	0.5182699676679808
AZD0530	ENSG00000166444	0.5182156830145228	0.5182156830145228	0.5182156830145228
AZD0530	ENSG00000164871	0.5178621811639561	0.5178621811639561	0.5178621811639561
AZD0530	ENSG00000171804	0.5178482059821772	0.5178482059821772	0.5178482059821772
AZD0530	ENSG00000133250	0.5178358625005403	0.5178358625005403	0.5178358625005403
AZD0530	ENSG00000152413	0.5177848101004245	0.5177848101004245	0.5177848101004245
AZD0530	ENSG00000113302	0.5175475835341705	0.5175475835341705	0.5175475835341705
AZD0530	ENSG00000204300	0.5175474230361247	0.5175474230361247	0.5175474230361247
AZD0530	ENSG00000090020	0.5175453630599878	0.5175453630599878	0.5175453630599878
AZD0530	ENSG00000179588	0.5174363738805262	0.5174363738805262	0.5174363738805262
AZD0530	ENSG00000164694	0.5173592132169831	0.5173592132169831	0.5173592132169831
AZD0530	ENSG00000152256	0.517245753286211	0.517245753286211	0.517245753286211
AZD0530	ENSG00000115839	0.5172085264684164	0.5172085264684164	0.5172085264684164
AZD0530	LRG_321	0.5171507681053695	0.5171507681053695	0.5171507681053695
AZD0530	ENSG00000206466	0.5170656964647059	0.5170656964647059	0.5170656964647059
AZD0530	HNRPDL	0.5169933428720908	0.5169933428720908	0.5169933428720908
AZD0530	LOC100131283	0.516895882711322	0.516895882711322	0.516895882711322
AZD0530	ENSG00000169813	0.5168586457307347	0.5168586457307347	0.5168586457307347
AZD0530	ENSG00000105251	0.5167576179522544	0.5167576179522544	0.5167576179522544
AZD0530	ENSG00000085552	0.5167397267845453	0.5167397267845453	0.5167397267845453
AZD0530	ENSG00000262808	0.516736294254185	0.516736294254185	0.516736294254185
AZD0530	ENSG00000131584	0.5164936651710191	0.5164936651710191	0.5164936651710191
AZD0530	ENSG00000281500	0.5162581703322265	0.5162581703322265	0.5162581703322265
AZD0530	ENSG00000184937	0.5162061041926984	0.5162061041926984	0.5162061041926984
AZD0530	ENSG00000230923	0.5162051159629809	0.5162051159629809	0.5162051159629809
AZD0530	LOC100507605	0.5161231175021754	0.5161231175021754	0.5161231175021754
AZD0530	ENSG00000058085	0.5160016552145963	0.5160016552145963	0.5160016552145963
AZD0530	ENSG00000074356	0.5158958214646063	0.5158958214646063	0.5158958214646063
AZD0530	ENSG00000149970	0.5158710836038494	0.5158710836038494	0.5158710836038494
AZD0530	ENSG00000184995	0.5157677821599449	0.5157677821599449	0.5157677821599449
AZD0530	C11orf36	0.5157432706636602	0.5157432706636602	0.5157432706636602
AZD0530	ENSG00000162777	0.5156440972199017	0.5156440972199017	0.5156440972199017
AZD0530	LOC100505683	0.515546285270609	0.515546285270609	0.515546285270609
AZD0530	ENSG00000198498	0.5154424064044152	0.5154424064044152	0.5154424064044152
AZD0530	ENSG00000085840	0.5152713989845672	0.5152713989845672	0.5152713989845672
AZD0530	ENSG00000170464	0.5151604464491842	0.5151604464491842	0.5151604464491842
AZD0530	ENSG00000047365	0.5151384092685358	0.5151384092685358	0.5151384092685358
AZD0530	ENSG00000107854	0.515111945092898	0.515111945092898	0.515111945092898
AZD0530	ENSG00000164291	0.5150945140356121	0.5150945140356121	0.5150945140356121
AZD0530	ENSG00000189114	0.5149126020105008	0.5149126020105008	0.5149126020105008
AZD0530	ENSG00000117560	0.5147015810596602	0.5147015810596602	0.5147015810596602
AZD0530	ENSG00000102921	0.5146813365352655	0.5146813365352655	0.5146813365352655
AZD0530	LOC100505478	0.5146287393031207	0.5146287393031207	0.5146287393031207
AZD0530	ENSG00000164122	0.5145536943971559	0.5145536943971559	0.5145536943971559
AZD0530	ENSG00000104824	0.5145228872418488	0.5145228872418488	0.5145228872418488
AZD0530	ENSG00000177551	0.5142467730735383	0.5142467730735383	0.5142467730735383
AZD0530	LOC151534	0.5142292376876365	0.5142292376876365	0.5142292376876365
AZD0530	ENSG00000165630	0.5141470806720433	0.5141470806720433	0.5141470806720433
AZD0530	ENSG00000106333	0.5141138523735095	0.5141138523735095	0.5141138523735095
AZD0530	ENSG00000133703	0.5140905950210426	0.5140905950210426	0.5140905950210426
AZD0530	ENSG00000136634	0.5140312958043775	0.5140312958043775	0.5140312958043775
AZD0530	ENSG00000143376	0.5139126008887058	0.5139126008887058	0.5139126008887058
AZD0530	ENSG00000010292	0.5138750958299696	0.5138750958299696	0.5138750958299696
AZD0530	ENSG00000120925	0.51379748221362	0.51379748221362	0.51379748221362
AZD0530	ENSG00000178342	0.5137960629714962	0.5137960629714962	0.5137960629714962
AZD0530	ENSG00000073060	0.5137673346966772	0.5137673346966772	0.5137673346966772
AZD0530	ENSG00000196220	0.5137604068268492	0.5137604068268492	0.5137604068268492
AZD0530	ENSG00000186377	0.5137092943809913	0.5137092943809913	0.5137092943809913
AZD0530	ENSG00000106617	0.5136989538127607	0.5136989538127607	0.5136989538127607
AZD0530	ENSG00000166801	0.5135293980276012	0.5135293980276012	0.5135293980276012
AZD0530	ENSG00000117399	0.5134815929382426	0.5134815929382426	0.5134815929382426
AZD0530	ENSG00000164761	0.5132336397145325	0.5132336397145325	0.5132336397145325
AZD0530	ENSG00000118518	0.5131711814968899	0.5131711814968899	0.5131711814968899
AZD0530	ENSG00000158315	0.5131309366966216	0.5131309366966216	0.5131309366966216
AZD0530	LOC100505906	0.5129527010998334	0.5129527010998334	0.5129527010998334
AZD0530	ENSG00000188761	0.512850538902822	0.512850538902822	0.512850538902822
AZD0530	ENSG00000127184	0.5127624522416814	0.5127624522416814	0.5127624522416814
AZD0530	ENSG00000091490	0.5127435503178402	0.5127435503178402	0.5127435503178402
AZD0530	ENSG00000120533	0.5126944801761694	0.5126944801761694	0.5126944801761694
AZD0530	FAM113A	0.5126390178489597	0.5126390178489597	0.5126390178489597
AZD0530	ZNF238	0.5125241821623473	0.5125241821623473	0.5125241821623473
AZD0530	C22orf45	0.5122489297545542	0.5122489297545542	0.5122489297545542
AZD0530	ENSG00000229314	0.5121750935091789	0.5121750935091789	0.5121750935091789
AZD0530	ENSG00000138780	0.511931881793541	0.511931881793541	0.511931881793541
AZD0530	ENSG00000100429	0.5118392626548668	0.5118392626548668	0.5118392626548668
AZD0530	ENSG00000128731	0.5116025629177313	0.5116025629177313	0.5116025629177313
AZD0530	LOC148413	0.5115637658476949	0.5115637658476949	0.5115637658476949
AZD0530	ENSG00000005448	0.5115390853761622	0.5115390853761622	0.5115390853761622
AZD0530	ENSG00000196914	0.5113595191454243	0.5113595191454243	0.5113595191454243
AZD0530	ENSG00000006837	0.5111294515139231	0.5111294515139231	0.5111294515139231
AZD0530	ENSG00000100348	0.5110911775244643	0.5110911775244643	0.5110911775244643
AZD0530	ENSG00000148572	0.5110176342149758	0.5110176342149758	0.5110176342149758
AZD0530	ENSG00000231924	0.5107690207248243	0.5107690207248243	0.5107690207248243
AZD0530	ENSG00000146416	0.5107142712191202	0.5107142712191202	0.5107142712191202
AZD0530	ENSG00000106780	0.5106672207035732	0.5106672207035732	0.5106672207035732
AZD0530	ENSG00000131095	0.510554803359954	0.510554803359954	0.510554803359954
AZD0530	ENSG00000124568	0.5103386182424681	0.5103386182424681	0.5103386182424681
AZD0530	ENSG00000187109	0.5103356181696471	0.5103356181696471	0.5103356181696471
AZD0530	ENSG00000122566	0.5103241250742889	0.5103241250742889	0.5103241250742889
AZD0530	ENSG00000079134	0.510320545795982	0.510320545795982	0.510320545795982
AZD0530	ENSG00000126814	0.5101992534347225	0.5101992534347225	0.5101992534347225
AZD0530	ENSG00000163684	0.5100664256495002	0.5100664256495002	0.5100664256495002
AZD0530	ENSG00000163909	0.5099804548758684	0.5099804548758684	0.5099804548758684
AZD0530	ENSG00000137673	0.5099128619056491	0.5099128619056491	0.5099128619056491
AZD0530	ENSG00000175087	0.5097488969100537	0.5097488969100537	0.5097488969100537
AZD0530	ENSG00000164815	0.5097395973325013	0.5097395973325013	0.5097395973325013
AZD0530	ENSG00000169756	0.5097001642670499	0.5097001642670499	0.5097001642670499
AZD0530	ENSG00000156599	0.5096120394464397	0.5096120394464397	0.5096120394464397
AZD0530	ENSG00000163638	0.5095695936256972	0.5095695936256972	0.5095695936256972
AZD0530	ENSG00000144224	0.5095663321949734	0.5095663321949734	0.5095663321949734
AZD0530	ENSG00000114853	0.5095091845393069	0.5095091845393069	0.5095091845393069
AZD0530	ENSG00000185896	0.5095017200740535	0.5095017200740535	0.5095017200740535
AZD0530	ENSG00000173218	0.5094747233265421	0.5094747233265421	0.5094747233265421
AZD0530	ENSG00000134709	0.5093345952466439	0.5093345952466439	0.5093345952466439
AZD0530	ENSG00000147381	0.5092639474588414	0.5092639474588414	0.5092639474588414
AZD0530	LOC221442	0.5090604363159914	0.5090604363159914	0.5090604363159914
AZD0530	ENSG00000101161	0.508973455936043	0.508973455936043	0.508973455936043
AZD0530	C13orf44-AS1	0.5088315181154962	0.5088315181154962	0.5088315181154962
AZD0530	ENSG00000104043	0.5088276869822445	0.5088276869822445	0.5088276869822445
AZD0530	ENSG00000214872	0.5087349306236116	0.5087349306236116	0.5087349306236116
AZD0530	ENSG00000135845	0.5086860842887507	0.5086860842887507	0.5086860842887507
AZD0530	ENSG00000100403	0.5086019490570257	0.5086019490570257	0.5086019490570257
AZD0530	ENSG00000039319	0.5085075936277962	0.5085075936277962	0.5085075936277962
AZD0530	ENSG00000145860	0.5083544826987876	0.5083544826987876	0.5083544826987876
AZD0530	ENSG00000149657	0.5083273439774885	0.5083273439774885	0.5083273439774885
AZD0530	ENSG00000135114	0.5082900566288111	0.5082900566288111	0.5082900566288111
AZD0530	ENSG00000183401	0.5082372232189625	0.5082372232189625	0.5082372232189625
AZD0530	LOC339505	0.5081817779686985	0.5081817779686985	0.5081817779686985
AZD0530	ENSG00000167333	0.5081175768862042	0.5081175768862042	0.5081175768862042
AZD0530	ENSG00000113810	0.5080259274843397	0.5080259274843397	0.5080259274843397
AZD0530	ENSG00000122025	0.5078925309183622	0.5078925309183622	0.5078925309183622
AZD0530	ENSG00000197948	0.5078110897004906	0.5078110897004906	0.5078110897004906
AZD0530	ENSG00000036257	0.5077716028578656	0.5077716028578656	0.5077716028578656
AZD0530	ENSG00000231475	0.507682427619532	0.507682427619532	0.507682427619532
AZD0530	LOC100128640	0.5076626610377223	0.5076626610377223	0.5076626610377223
AZD0530	ENSG00000152684	0.5076552332792338	0.5076552332792338	0.5076552332792338
AZD0530	ENSG00000101425	0.5076298370939429	0.5076298370939429	0.5076298370939429
AZD0530	ENSG00000197181	0.5075636994021264	0.5075636994021264	0.5075636994021264
AZD0530	ENSG00000121895	0.5074969020643739	0.5074969020643739	0.5074969020643739
AZD0530	ENSG00000215193	0.5074922433921394	0.5074922433921394	0.5074922433921394
AZD0530	ENSG00000135506	0.5072036655558901	0.5072036655558901	0.5072036655558901
AZD0530	ENSG00000168243	0.5071730423340569	0.5071730423340569	0.5071730423340569
AZD0530	ENSG00000103152	0.507094860880378	0.507094860880378	0.507094860880378
AZD0530	ENSG00000198860	0.5070271709580471	0.5070271709580471	0.5070271709580471
AZD0530	ENSG00000163564	0.5070079713623984	0.5070079713623984	0.5070079713623984
AZD0530	LOC100505878	0.5069571338068619	0.5069571338068619	0.5069571338068619
AZD0530	LRG_217	0.5069407203461301	0.5069407203461301	0.5069407203461301
AZD0530	ENSG00000116747	0.506905004034127	0.506905004034127	0.506905004034127
AZD0530	ENSG00000146674	0.5068886170691541	0.5068886170691541	0.5068886170691541
AZD0530	ENSG00000114126	0.5068730656395192	0.5068730656395192	0.5068730656395192
AZD0530	ENSG00000211789	0.5062957446394863	0.5062957446394863	0.5062957446394863
AZD0530	ENSG00000107021	0.5062918250770645	0.5062918250770645	0.5062918250770645
AZD0530	ENSG00000148082	0.506000811481568	0.506000811481568	0.506000811481568
AZD0530	LOC100652931	0.5059110572172596	0.5059110572172596	0.5059110572172596
AZD0530	ENSG00000128510	0.5055306140070194	0.5055306140070194	0.5055306140070194
AZD0530	ENSG00000143437	0.505447167357956	0.505447167357956	0.505447167357956
AZD0530	ENSG00000150995	0.5050744268424094	0.5050744268424094	0.5050744268424094
AZD0530	ENSG00000198178	0.5050223158571954	0.5050223158571954	0.5050223158571954
AZD0530	LOC339822	0.505017444877864	0.505017444877864	0.505017444877864
AZD0530	ENSG00000160683	0.5049906302604469	0.5049906302604469	0.5049906302604469
AZD0530	ENSG00000136451	0.5049043752657987	0.5049043752657987	0.5049043752657987
AZD0530	ENSG00000064961	0.5046022294292968	0.5046022294292968	0.5046022294292968
AZD0530	ENSG00000100216	0.5044116699108807	0.5044116699108807	0.5044116699108807
AZD0530	ENSG00000169855	0.5043345804839373	0.5043345804839373	0.5043345804839373
AZD0530	ENSG00000197249	0.5042644941146119	0.5042644941146119	0.5042644941146119
AZD0530	LOC100652911	0.5039387320358756	0.5039387320358756	0.5039387320358756
AZD0530	ENSG00000118655	0.5038264137612932	0.5038264137612932	0.5038264137612932
AZD0530	LOC387647	0.5038117551905861	0.5038117551905861	0.5038117551905861
AZD0530	ENSG00000149100	0.5038096214998679	0.5038096214998679	0.5038096214998679
AZD0530	ENSG00000100949	0.5031150843575075	0.5031150843575075	0.5031150843575075
AZD0530	ENSG00000097021	0.5030300786937095	0.5030300786937095	0.5030300786937095
AZD0530	ENSG00000128928	0.5029023148594745	0.5029023148594745	0.5029023148594745
AZD0530	ENSG00000172244	0.5028303493717814	0.5028303493717814	0.5028303493717814
AZD0530	ENSG00000008516	0.5027493145956448	0.5027493145956448	0.5027493145956448
AZD0530	ENSG00000063515	0.5026116835820816	0.5026116835820816	0.5026116835820816
AZD0530	ENSG00000163288	0.5025852559930399	0.5025852559930399	0.5025852559930399
AZD0530	ENSG00000115266	0.5025237732749916	0.5025237732749916	0.5025237732749916
AZD0530	FLJ37201	0.5024257121515591	0.5024257121515591	0.5024257121515591
AZD0530	ENSG00000174574	0.5022370294186799	0.5022370294186799	0.5022370294186799
AZD0530	ENSG00000067113	0.5022161125116127	0.5022161125116127	0.5022161125116127
AZD0530	ENSG00000172478	0.502180907806141	0.502180907806141	0.502180907806141
AZD0530	ENSG00000197694	0.5021400319323863	0.5021400319323863	0.5021400319323863
AZD0530	FLJ11235	0.5021388344578512	0.5021388344578512	0.5021388344578512
AZD0530	ENSG00000162512	0.5021172628696432	0.5021172628696432	0.5021172628696432
AZD0530	ENSG00000077150	0.5020973240254037	0.5020973240254037	0.5020973240254037
AZD0530	ENSG00000164741	0.501965409069578	0.501965409069578	0.501965409069578
AZD0530	UTS2D	0.5018820856885947	0.5018820856885947	0.5018820856885947
AZD0530	LOC100507224	0.5017934679988676	0.5017934679988676	0.5017934679988676
AZD0530	ENSG00000239305	0.5017926793548264	0.5017926793548264	0.5017926793548264
AZD0530	ENSG00000134909	0.5016571821375866	0.5016571821375866	0.5016571821375866
AZD0530	ENSG00000110448	0.5014902933348616	0.5014902933348616	0.5014902933348616
AZD0530	ENSG00000139269	0.5012508898188319	0.5012508898188319	0.5012508898188319
AZD0530	ENSG00000171606	0.5011383849635059	0.5011383849635059	0.5011383849635059
AZD0530	ENSG00000125485	0.5007360397577372	0.5007360397577372	0.5007360397577372
AZD0530	ENSG00000138698	0.5006957695879091	0.5006957695879091	0.5006957695879091
AZD0530	ENSG00000141258	0.5005484194088249	0.5005484194088249	0.5005484194088249
AZD0530	ENSG00000142511	0.5005135097601457	0.5005135097601457	0.5005135097601457
AZD0530	ENSG00000167549	0.5004800348877854	0.5004800348877854	0.5004800348877854
AZD0530	ENSG00000104472	0.500436411575588	0.500436411575588	0.500436411575588
AZD0530	ENSG00000183888	0.5003321726904361	0.5003321726904361	0.5003321726904361
AZD0530	ENSG00000167522	0.500326282594639	0.500326282594639	0.500326282594639
AZD0530	ENSG00000169689	0.5002470162628447	0.5002470162628447	0.5002470162628447
AZD0530	ENSG00000100490	0.49961240297563514	0.49961240297563514	0.49961240297563514
AZD0530	ENSG00000171408	0.49956611839766485	0.49956611839766485	0.49956611839766485
AZD0530	ENSG00000105261	0.4995626903715342	0.4995626903715342	0.4995626903715342
AZD0530	ENSG00000213937	0.49897615722048644	0.49897615722048644	0.49897615722048644
AZD0530	LOC100506851	0.49893169829230954	0.49893169829230954	0.49893169829230954
AZD0530	ENSG00000093217	0.4988374271660949	0.4988374271660949	0.4988374271660949
AZD0530	ENSG00000177984	0.498817832308692	0.498817832308692	0.498817832308692
AZD0530	ENSG00000133687	0.4987833360266287	0.4987833360266287	0.4987833360266287
AZD0530	ENSG00000196876	0.49865609214054585	0.49865609214054585	0.49865609214054585
AZD0530	LOC400654	0.49859165876289807	0.49859165876289807	0.49859165876289807
AZD0530	ENSG00000225298	0.49855977176037075	0.49855977176037075	0.49855977176037075
AZD0530	ENSG00000140740	0.49854275520388525	0.49854275520388525	0.49854275520388525
AZD0530	ENSG00000084731	0.498469780210959	0.498469780210959	0.498469780210959
AZD0530	ENSG00000163795	0.49843189711241875	0.49843189711241875	0.49843189711241875
AZD0530	C21orf67	0.4983457190066873	0.4983457190066873	0.4983457190066873
AZD0530	ENSG00000176490	0.4982209189757946	0.4982209189757946	0.4982209189757946
AZD0530	LOC284100	0.4981670988776244	0.4981670988776244	0.4981670988776244
AZD0530	ENSG00000148343	0.4978741352589583	0.4978741352589583	0.4978741352589583
AZD0530	ENSG00000186115	0.4976939186679184	0.4976939186679184	0.4976939186679184
AZD0530	ENSG00000145388	0.49766109427446226	0.49766109427446226	0.49766109427446226
AZD0530	ENSG00000115368	0.4976297553715261	0.4976297553715261	0.4976297553715261
AZD0530	ENSG00000010244	0.4974866682144476	0.4974866682144476	0.4974866682144476
AZD0530	ENSG00000087903	0.49747390125509716	0.49747390125509716	0.49747390125509716
AZD0530	ENSG00000140598	0.4973398662155275	0.4973398662155275	0.4973398662155275
AZD0530	ENSG00000182168	0.49733605944210346	0.49733605944210346	0.49733605944210346
AZD0530	ENSG00000165724	0.4972451878279561	0.4972451878279561	0.4972451878279561
AZD0530	ENSG00000141682	0.4971819424603909	0.4971819424603909	0.4971819424603909
AZD0530	ENSG00000198874	0.49715538815090643	0.49715538815090643	0.49715538815090643
AZD0530	ENSG00000115317	0.49712660967334205	0.49712660967334205	0.49712660967334205
AZD0530	ENSG00000115425	0.4971160898494171	0.4971160898494171	0.4971160898494171
AZD0530	ENSG00000176383	0.4968779057576437	0.4968779057576437	0.4968779057576437
AZD0530	ENSG00000135473	0.49677747683101	0.49677747683101	0.49677747683101
AZD0530	ENSG00000163827	0.49670629589744675	0.49670629589744675	0.49670629589744675
AZD0530	ENSG00000143842	0.49658587546890465	0.49658587546890465	0.49658587546890465
AZD0530	ENSG00000177989	0.4965550119946886	0.4965550119946886	0.4965550119946886
AZD0530	LOC284379	0.4964828413076411	0.4964828413076411	0.4964828413076411
AZD0530	ENSG00000163743	0.49643553660739215	0.49643553660739215	0.49643553660739215
AZD0530	ENSG00000143153	0.49633669733440294	0.49633669733440294	0.49633669733440294
AZD0530	ENSG00000175048	0.49632977685791513	0.49632977685791513	0.49632977685791513
AZD0530	ENSG00000127804	0.49631884898632167	0.49631884898632167	0.49631884898632167
AZD0530	ENSG00000125352	0.49627643319921594	0.49627643319921594	0.49627643319921594
AZD0530	ENSG00000188389	0.4960237552550388	0.4960237552550388	0.4960237552550388
AZD0530	ENSG00000146731	0.49592912098578856	0.49592912098578856	0.49592912098578856
AZD0530	ENSG00000124343	0.4957831130898945	0.4957831130898945	0.4957831130898945
AZD0530	ENSG00000006659	0.49569418062614173	0.49569418062614173	0.49569418062614173
AZD0530	ENSG00000178999	0.4956737091097185	0.4956737091097185	0.4956737091097185
AZD0530	ENSG00000133328	0.49556736755288716	0.49556736755288716	0.49556736755288716
AZD0530	ENSG00000150244	0.49542663862901587	0.49542663862901587	0.49542663862901587
AZD0530	ENSG00000179151	0.4954102997219156	0.4954102997219156	0.4954102997219156
AZD0530	ENSG00000130695	0.4953786574502697	0.4953786574502697	0.4953786574502697
AZD0530	ENSG00000101188	0.49535613573441933	0.49535613573441933	0.49535613573441933
AZD0530	ENSG00000197912	0.49533519932083664	0.49533519932083664	0.49533519932083664
AZD0530	ENSG00000003393	0.49525403377145955	0.49525403377145955	0.49525403377145955
AZD0530	ENSG00000176840	0.49517233209158373	0.49517233209158373	0.49517233209158373
AZD0530	ENSG00000138061	0.4947878737702531	0.4947878737702531	0.4947878737702531
AZD0530	ENSG00000135414	0.4947672676993938	0.4947672676993938	0.4947672676993938
AZD0530	C2orf89	0.4946023339384465	0.4946023339384465	0.4946023339384465
AZD0530	LOC728723	0.49450645765866535	0.49450645765866535	0.49450645765866535
AZD0530	ENSG00000231908	0.49434728161852476	0.49434728161852476	0.49434728161852476
AZD0530	ENSG00000172890	0.49430361694087255	0.49430361694087255	0.49430361694087255
AZD0530	ENSG00000019186	0.49421071063473637	0.49421071063473637	0.49421071063473637
AZD0530	ENSG00000166295	0.4942105819320616	0.4942105819320616	0.4942105819320616
AZD0530	ENSG00000141349	0.4942084613083506	0.4942084613083506	0.4942084613083506
AZD0530	ENSG00000180083	0.49416667824123783	0.49416667824123783	0.49416667824123783
AZD0530	ENSG00000155659	0.49416054216288774	0.49416054216288774	0.49416054216288774
AZD0530	ENSG00000178971	0.49414322159012236	0.49414322159012236	0.49414322159012236
AZD0530	ENSG00000100575	0.4940646017883169	0.4940646017883169	0.4940646017883169
AZD0530	C2orf65	0.4936795805343162	0.4936795805343162	0.4936795805343162
AZD0530	ENSG00000176171	0.4936783211484994	0.4936783211484994	0.4936783211484994
AZD0530	ENSG00000164879	0.4935280522166767	0.4935280522166767	0.4935280522166767
AZD0530	ENSG00000101882	0.49352191642175114	0.49352191642175114	0.49352191642175114
AZD0530	ENSG00000126822	0.49345099457821934	0.49345099457821934	0.49345099457821934
AZD0530	ENSG00000275714	0.4932651489694584	0.4932651489694584	0.4932651489694584
AZD0530	ENSG00000181035	0.49304725231847957	0.49304725231847957	0.49304725231847957
AZD0530	ENSG00000182687	0.4927635901733849	0.4927635901733849	0.4927635901733849
AZD0530	LOC100129722	0.4926596967272658	0.4926596967272658	0.4926596967272658
AZD0530	ENSG00000188483	0.4925963955140654	0.4925963955140654	0.4925963955140654
AZD0530	ENSG00000197019	0.4925724684554945	0.4925724684554945	0.4925724684554945
AZD0530	ENSG00000186231	0.4925641968694207	0.4925641968694207	0.4925641968694207
AZD0530	ENSG00000166986	0.49251154908205347	0.49251154908205347	0.49251154908205347
AZD0530	ENSG00000130595	0.4924001015277016	0.4924001015277016	0.4924001015277016
AZD0530	ENSG00000009724	0.49218706445673055	0.49218706445673055	0.49218706445673055
AZD0530	ENSG00000167612	0.49203761066591223	0.49203761066591223	0.49203761066591223
AZD0530	ENSG00000015520	0.4919209292768325	0.4919209292768325	0.4919209292768325
AZD0530	ENSG00000093072	0.49185592497784036	0.49185592497784036	0.49185592497784036
AZD0530	ENSG00000162600	0.49179079286113303	0.49179079286113303	0.49179079286113303
AZD0530	ENSG00000102678	0.49168736284729175	0.49168736284729175	0.49168736284729175
AZD0530	ENSG00000138744	0.49156257589790875	0.49156257589790875	0.49156257589790875
AZD0530	ENSG00000153790	0.49141220886772863	0.49141220886772863	0.49141220886772863
AZD0530	ENSG00000149016	0.49137776697651103	0.49137776697651103	0.49137776697651103
AZD0530	LOC100129034	0.49127060814369905	0.49127060814369905	0.49127060814369905
AZD0530	ENSG00000075131	0.4911972213897138	0.4911972213897138	0.4911972213897138
AZD0530	ENSG00000079931	0.49119087737242956	0.49119087737242956	0.49119087737242956
AZD0530	ENSG00000054938	0.4911433685721698	0.4911433685721698	0.4911433685721698
AZD0530	ENSG00000214309	0.49101573801769755	0.49101573801769755	0.49101573801769755
AZD0530	ENSG00000092208	0.4908499490030121	0.4908499490030121	0.4908499490030121
AZD0530	ENSG00000184811	0.4908032881493512	0.4908032881493512	0.4908032881493512
AZD0530	ENSG00000188613	0.4906575340541866	0.4906575340541866	0.4906575340541866
AZD0530	ENSG00000053900	0.4906411926295577	0.4906411926295577	0.4906411926295577
AZD0530	ENSG00000066427	0.49015851464168864	0.49015851464168864	0.49015851464168864
AZD0530	CCDC48	0.49010958113825903	0.49010958113825903	0.49010958113825903
AZD0530	ENSG00000178372	0.4899113485535939	0.4899113485535939	0.4899113485535939
AZD0530	ENSG00000187556	0.489894944172563	0.489894944172563	0.489894944172563
AZD0530	ENSG00000076928	0.4898700232822453	0.4898700232822453	0.4898700232822453
AZD0530	ENSG00000183617	0.4897475526166308	0.4897475526166308	0.4897475526166308
AZD0530	C19orf75	0.48972262351270057	0.48972262351270057	0.48972262351270057
AZD0530	ENSG00000189377	0.489650090752866	0.489650090752866	0.489650090752866
AZD0530	ENSG00000178035	0.4896436022961947	0.4896436022961947	0.4896436022961947
AZD0530	ENSG00000142208	0.48961043535637666	0.48961043535637666	0.48961043535637666
AZD0530	ENSG00000125430	0.4895680102918836	0.4895680102918836	0.4895680102918836
AZD0530	ENSG00000133321	0.4893542621421926	0.4893542621421926	0.4893542621421926
AZD0530	ENSG00000215012	0.4893497936819466	0.4893497936819466	0.4893497936819466
AZD0530	LOC100506379	0.48925812876832053	0.48925812876832053	0.48925812876832053
AZD0530	LRG_650	0.4889869433291742	0.4889869433291742	0.4889869433291742
AZD0530	ENSG00000176225	0.48890234976787206	0.48890234976787206	0.48890234976787206
AZD0530	MGC16703	0.48888236687819103	0.48888236687819103	0.48888236687819103
AZD0530	ENSG00000144649	0.4888421797794256	0.4888421797794256	0.4888421797794256
AZD0530	ENSG00000130560	0.48878145253806815	0.48878145253806815	0.48878145253806815
AZD0530	ENSG00000106105	0.4887781700889745	0.4887781700889745	0.4887781700889745
AZD0530	ENSG00000074935	0.48852137600551415	0.48852137600551415	0.48852137600551415
AZD0530	ENSG00000164180	0.48840777158710713	0.48840777158710713	0.48840777158710713
AZD0530	ENSG00000111701	0.4883413232638422	0.4883413232638422	0.4883413232638422
AZD0530	ENSG00000087299	0.4883091523552881	0.4883091523552881	0.4883091523552881
AZD0530	ENSG00000101665	0.4882672074631595	0.4882672074631595	0.4882672074631595
AZD0530	ENSG00000145730	0.4882118330546075	0.4882118330546075	0.4882118330546075
AZD0530	ENSG00000204227	0.4882001362211587	0.4882001362211587	0.4882001362211587
AZD0530	ENSG00000131634	0.4881658883858097	0.4881658883858097	0.4881658883858097
AZD0530	ENSG00000047644	0.488133719974068	0.488133719974068	0.488133719974068
AZD0530	ENSG00000215218	0.48776476867126034	0.48776476867126034	0.48776476867126034
AZD0530	ENSG00000080854	0.4877548518636989	0.4877548518636989	0.4877548518636989
AZD0530	ENSG00000197321	0.4877508114556674	0.4877508114556674	0.4877508114556674
AZD0530	ENSG00000159961	0.48765538627889543	0.48765538627889543	0.48765538627889543
AZD0530	ENSG00000141293	0.4876037902429836	0.4876037902429836	0.4876037902429836
AZD0530	ENSG00000121903	0.4871974240182963	0.4871974240182963	0.4871974240182963
AZD0530	ENSG00000161973	0.4871907358183045	0.4871907358183045	0.4871907358183045
AZD0530	ENSG00000154743	0.48713413101745195	0.48713413101745195	0.48713413101745195
AZD0530	ENSG00000204873	0.48713215794435805	0.48713215794435805	0.48713215794435805
AZD0530	ENSG00000158470	0.48705496546403754	0.48705496546403754	0.48705496546403754
AZD0530	ENSG00000044012	0.4870272364981864	0.4870272364981864	0.4870272364981864
AZD0530	ENSG00000169371	0.4868997787603072	0.4868997787603072	0.4868997787603072
AZD0530	ENSG00000159915	0.48685662295800636	0.48685662295800636	0.48685662295800636
AZD0530	ENSG00000145431	0.48664148830741644	0.48664148830741644	0.48664148830741644
AZD0530	ENSG00000198353	0.48657553063480824	0.48657553063480824	0.48657553063480824
AZD0530	ENSG00000133943	0.4864909808668009	0.4864909808668009	0.4864909808668009
AZD0530	ENSG00000108406	0.4864743153676593	0.4864743153676593	0.4864743153676593
AZD0530	ENSG00000120156	0.48601090066154945	0.48601090066154945	0.48601090066154945
AZD0530	LOC93622	0.48597769723176515	0.48597769723176515	0.48597769723176515
AZD0530	ENSG00000221983	0.4859020348259577	0.4859020348259577	0.4859020348259577
AZD0530	ENSG00000141738	0.48584496800560134	0.48584496800560134	0.48584496800560134
AZD0530	ENSG00000176406	0.4857571954620067	0.4857571954620067	0.4857571954620067
AZD0530	ENSG00000169717	0.48572016574695226	0.48572016574695226	0.48572016574695226
AZD0530	ENSG00000102230	0.4857012753844504	0.4857012753844504	0.4857012753844504
AZD0530	ENSG00000170381	0.48568237876425685	0.48568237876425685	0.48568237876425685
AZD0530	ENSG00000143368	0.48567712528424734	0.48567712528424734	0.48567712528424734
AZD0530	ENSG00000125170	0.48556690619985393	0.48556690619985393	0.48556690619985393
AZD0530	ENSG00000173068	0.4855616082594669	0.4855616082594669	0.4855616082594669
AZD0530	ENSG00000090581	0.48555289528366546	0.48555289528366546	0.48555289528366546
AZD0530	ENSG00000169499	0.485527512440625	0.485527512440625	0.485527512440625
AZD0530	ENSG00000106348	0.48542591078050384	0.48542591078050384	0.48542591078050384
AZD0530	ENSG00000241468	0.48527534323905425	0.48527534323905425	0.48527534323905425
AZD0530	ENSG00000115993	0.4852582278705205	0.4852582278705205	0.4852582278705205
AZD0530	ENSG00000168830	0.48511771966457085	0.48511771966457085	0.48511771966457085
AZD0530	ENSG00000144827	0.4850989237303148	0.4850989237303148	0.4850989237303148
AZD0530	ENSG00000122140	0.4850147874468972	0.4850147874468972	0.4850147874468972
AZD0530	ENSG00000060558	0.4849237914944882	0.4849237914944882	0.4849237914944882
AZD0530	ENSG00000174943	0.48489557339423367	0.48489557339423367	0.48489557339423367
AZD0530	ENSG00000134375	0.4847943820874435	0.4847943820874435	0.4847943820874435
AZD0530	ENSG00000188786	0.48474117239083936	0.48474117239083936	0.48474117239083936
AZD0530	ENSG00000141994	0.48456334116873623	0.48456334116873623	0.48456334116873623
AZD0530	ENSG00000013503	0.48455908825076505	0.48455908825076505	0.48455908825076505
AZD0530	LOC100506661	0.4844126534408183	0.4844126534408183	0.4844126534408183
AZD0530	ENSG00000214681	0.4843937051766744	0.4843937051766744	0.4843937051766744
AZD0530	ENSG00000135917	0.484368197911126	0.484368197911126	0.484368197911126
AZD0530	ENSG00000124787	0.48419639486839927	0.48419639486839927	0.48419639486839927
AZD0530	KIAA0494	0.4841803499057376	0.4841803499057376	0.4841803499057376
AZD0530	ENSG00000199753	0.484110012283274	0.484110012283274	0.484110012283274
AZD0530	ENSG00000011028	0.4840893082174675	0.4840893082174675	0.4840893082174675
AZD0530	ENSG00000160801	0.4838883458798787	0.4838883458798787	0.4838883458798787
AZD0530	ENSG00000109534	0.4835051866241674	0.4835051866241674	0.4835051866241674
AZD0530	ENSG00000154678	0.4833035478589668	0.4833035478589668	0.4833035478589668
AZD0530	ENSG00000160447	0.48322723871336287	0.48322723871336287	0.48322723871336287
AZD0530	ENSG00000148516	0.4831613201308429	0.4831613201308429	0.4831613201308429
AZD0530	ENSG00000163864	0.48306010354211026	0.48306010354211026	0.48306010354211026
AZD0530	ENSG00000101928	0.48299731777671606	0.48299731777671606	0.48299731777671606
AZD0530	ENSG00000160256	0.4829108372833095	0.4829108372833095	0.4829108372833095
AZD0530	ENSG00000021488	0.48286345868507313	0.48286345868507313	0.48286345868507313
AZD0530	ENSG00000198663	0.482829064330354	0.482829064330354	0.482829064330354
AZD0530	LOC286359	0.4826082279800413	0.4826082279800413	0.4826082279800413
AZD0530	ENSG00000133935	0.4824685238871285	0.4824685238871285	0.4824685238871285
AZD0530	ENSG00000124198	0.4823259387870651	0.4823259387870651	0.4823259387870651
AZD0530	ENSG00000163462	0.4822089648294697	0.4822089648294697	0.4822089648294697
AZD0530	LOC283585	0.48215133026505486	0.48215133026505486	0.48215133026505486
AZD0530	ENSG00000160712	0.48204406309699377	0.48204406309699377	0.48204406309699377
AZD0530	ENSG00000104549	0.48194189856383746	0.48194189856383746	0.48194189856383746
AZD0530	LRG_207	0.48192634129809503	0.48192634129809503	0.48192634129809503
AZD0530	ENSG00000198417	0.48188614298714144	0.48188614298714144	0.48188614298714144
AZD0530	ENSG00000276262	0.4818224887942773	0.4818224887942773	0.4818224887942773
AZD0530	LOC100506430	0.4817408847596387	0.4817408847596387	0.4817408847596387
AZD0530	ENSG00000083444	0.48170140818237805	0.48170140818237805	0.48170140818237805
AZD0530	ENSG00000159055	0.48164891950018246	0.48164891950018246	0.48164891950018246
AZD0530	ENSG00000156017	0.48162366149718155	0.48162366149718155	0.48162366149718155
AZD0530	ENSG00000104518	0.48160179116044494	0.48160179116044494	0.48160179116044494
AZD0530	ENSG00000138771	0.48139106806851134	0.48139106806851134	0.48139106806851134
AZD0530	LOC100507274	0.4812513592365569	0.4812513592365569	0.4812513592365569
AZD0530	ENSG00000197283	0.48123936428071407	0.48123936428071407	0.48123936428071407
AZD0530	ENSG00000182628	0.48123209549190404	0.48123209549190404	0.48123209549190404
AZD0530	ENSG00000165282	0.4812001743694664	0.4812001743694664	0.4812001743694664
AZD0530	ENSG00000162148	0.4811020383433833	0.4811020383433833	0.4811020383433833
AZD0530	ENSG00000136193	0.48098228989674613	0.48098228989674613	0.48098228989674613
AZD0530	ENSG00000048545	0.48097155393033153	0.48097155393033153	0.48097155393033153
AZD0530	ENSG00000105341	0.48086466763292385	0.48086466763292385	0.48086466763292385
AZD0530	ENSG00000197971	0.480856514232936	0.480856514232936	0.480856514232936
AZD0530	ENSG00000184967	0.48085143326733026	0.48085143326733026	0.48085143326733026
AZD0530	ENSG00000173464	0.4808081051334788	0.4808081051334788	0.4808081051334788
AZD0530	ENSG00000176454	0.48058904036725475	0.48058904036725475	0.48058904036725475
AZD0530	ENSG00000146592	0.48044480642475984	0.48044480642475984	0.48044480642475984
AZD0530	ENSG00000198650	0.4803615315456957	0.4803615315456957	0.4803615315456957
AZD0530	ENSG00000137473	0.48032813048128103	0.48032813048128103	0.48032813048128103
AZD0530	ENSG00000134697	0.4802476887676105	0.4802476887676105	0.4802476887676105
AZD0530	ENSG00000115112	0.4801724502655108	0.4801724502655108	0.4801724502655108
AZD0530	ENSG00000124575	0.4801689223461725	0.4801689223461725	0.4801689223461725
AZD0530	ENSG00000085185	0.4801212535945382	0.4801212535945382	0.4801212535945382
AZD0530	ENSG00000183287	0.4799324756385469	0.4799324756385469	0.4799324756385469
AZD0530	ENSG00000205078	0.4798764425115921	0.4798764425115921	0.4798764425115921
AZD0530	LOC730755	0.47967272286145424	0.47967272286145424	0.47967272286145424
AZD0530	ENSG00000119547	0.4796354181591154	0.4796354181591154	0.4796354181591154
AZD0530	ENSG00000130703	0.47955056459293266	0.47955056459293266	0.47955056459293266
AZD0530	ENSG00000112333	0.47939372801070174	0.47939372801070174	0.47939372801070174
AZD0530	ENSG00000169230	0.4793438944055585	0.4793438944055585	0.4793438944055585
AZD0530	ENSG00000010270	0.47924364462576063	0.47924364462576063	0.47924364462576063
AZD0530	ENSG00000126062	0.4791486588448717	0.4791486588448717	0.4791486588448717
AZD0530	ENSG00000164078	0.4789875977573525	0.4789875977573525	0.4789875977573525
AZD0530	ENSG00000159346	0.4789021876052473	0.4789021876052473	0.4789021876052473
AZD0530	ENSG00000196335	0.47877149764397514	0.47877149764397514	0.47877149764397514
AZD0530	LOC284551	0.4786269168973843	0.4786269168973843	0.4786269168973843
AZD0530	ENSG00000163155	0.47861144166899783	0.47861144166899783	0.47861144166899783
AZD0530	ENSG00000106344	0.4786080323025077	0.4786080323025077	0.4786080323025077
AZD0530	ENSG00000186577	0.47854936410091825	0.47854936410091825	0.47854936410091825
AZD0530	PRIC285	0.4785212477808355	0.4785212477808355	0.4785212477808355
AZD0530	ENSG00000174109	0.4784533147420318	0.4784533147420318	0.4784533147420318
AZD0530	ENSG00000143418	0.4781937734299592	0.4781937734299592	0.4781937734299592
AZD0530	ENSG00000145912	0.47814630099807287	0.47814630099807287	0.47814630099807287
AZD0530	ENSG00000255794	0.4781345176176064	0.4781345176176064	0.4781345176176064
AZD0530	ENSG00000143167	0.47805081996947707	0.47805081996947707	0.47805081996947707
AZD0530	ENSG00000109991	0.4779289597969369	0.4779289597969369	0.4779289597969369
AZD0530	ENSG00000178719	0.47783255844498684	0.47783255844498684	0.47783255844498684
AZD0530	ENSG00000153815	0.47773587903134945	0.47773587903134945	0.47773587903134945
AZD0530	ENSG00000011083	0.4776144824274378	0.4776144824274378	0.4776144824274378
AZD0530	ENSG00000175591	0.477557509174283	0.477557509174283	0.477557509174283
AZD0530	ENSG00000203760	0.4775093887846099	0.4775093887846099	0.4775093887846099
AZD0530	LOC100506929	0.47738708431178833	0.47738708431178833	0.47738708431178833
AZD0530	ENSG00000139352	0.47732228088056194	0.47732228088056194	0.47732228088056194
AZD0530	LOC100506262	0.4772343032460388	0.4772343032460388	0.4772343032460388
AZD0530	ENSG00000133627	0.4771572337360373	0.4771572337360373	0.4771572337360373
AZD0530	ENSG00000180104	0.4771469059920766	0.4771469059920766	0.4771469059920766
AZD0530	ENSG00000128626	0.47701624746920385	0.47701624746920385	0.47701624746920385
AZD0530	ENSG00000170613	0.4770084364517834	0.4770084364517834	0.4770084364517834
AZD0530	ENSG00000221855	0.476989458550778	0.476989458550778	0.476989458550778
AZD0530	PPPDE1	0.47698519903057474	0.47698519903057474	0.47698519903057474
AZD0530	ENSG00000110274	0.47693898950851094	0.47693898950851094	0.47693898950851094
AZD0530	ENSG00000108107	0.4768924000001823	0.4768924000001823	0.4768924000001823
AZD0530	ENSG00000144746	0.4767638938976605	0.4767638938976605	0.4767638938976605
AZD0530	ENSG00000134532	0.4764041778047736	0.4764041778047736	0.4764041778047736
AZD0530	ENSG00000150051	0.47620455515510846	0.47620455515510846	0.47620455515510846
AZD0530	ENSG00000165643	0.4760489330651655	0.4760489330651655	0.4760489330651655
AZD0530	ENSG00000142538	0.476009192967116	0.476009192967116	0.476009192967116
AZD0530	ENSG00000127452	0.47591514971668697	0.47591514971668697	0.47591514971668697
AZD0530	LOC100506409	0.4759120061831156	0.4759120061831156	0.4759120061831156
AZD0530	LOC100507000	0.4757469386691839	0.4757469386691839	0.4757469386691839
AZD0530	ENSG00000105701	0.4756289619293981	0.4756289619293981	0.4756289619293981
AZD0530	ENSG00000013573	0.4756196930805314	0.4756196930805314	0.4756196930805314
AZD0530	ENSG00000184428	0.475590216883603	0.475590216883603	0.475590216883603
AZD0530	ENSG00000120594	0.4755818907300297	0.4755818907300297	0.4755818907300297
AZD0530	LOC440434	0.4754402398322948	0.4754402398322948	0.4754402398322948
AZD0530	LOC153469	0.4754298429429909	0.4754298429429909	0.4754298429429909
AZD0530	ENSG00000052749	0.4753843403756984	0.4753843403756984	0.4753843403756984
AZD0530	ENSG00000137270	0.47526193661044835	0.47526193661044835	0.47526193661044835
AZD0530	ENSG00000235727	0.47521714003788407	0.47521714003788407	0.47521714003788407
AZD0530	ENSG00000183049	0.4751716593087227	0.4751716593087227	0.4751716593087227
AZD0530	ENSG00000128242	0.4751587214476832	0.4751587214476832	0.4751587214476832
AZD0530	ENSG00000156875	0.4749044548148301	0.4749044548148301	0.4749044548148301
AZD0530	ENSG00000204434	0.4749042577184205	0.4749042577184205	0.4749042577184205
AZD0530	ENSG00000142784	0.4748528900240433	0.4748528900240433	0.4748528900240433
AZD0530	ENSG00000231607	0.47464997331022596	0.47464997331022596	0.47464997331022596
AZD0530	ENSG00000177971	0.4745448713905878	0.4745448713905878	0.4745448713905878
AZD0530	ENSG00000099901	0.47435689251953506	0.47435689251953506	0.47435689251953506
AZD0530	ENSG00000166311	0.4741911955242868	0.4741911955242868	0.4741911955242868
AZD0530	ENSG00000180626	0.47417953220282083	0.47417953220282083	0.47417953220282083
AZD0530	ENSG00000076641	0.4740602816390584	0.4740602816390584	0.4740602816390584
AZD0530	ENSG00000182325	0.47397220570463905	0.47397220570463905	0.47397220570463905
AZD0530	ENSG00000079215	0.47382827587288345	0.47382827587288345	0.47382827587288345
AZD0530	ENSG00000119865	0.47365777396425146	0.47365777396425146	0.47365777396425146
AZD0530	ENSG00000186009	0.4735943997723388	0.4735943997723388	0.4735943997723388
AZD0530	ENSG00000171956	0.47357018205503676	0.47357018205503676	0.47357018205503676
AZD0530	ENSG00000129007	0.47335114406129114	0.47335114406129114	0.47335114406129114
AZD0530	ENSG00000198547	0.4732036810177478	0.4732036810177478	0.4732036810177478
AZD0530	HEATR7B1	0.47303906268048623	0.47303906268048623	0.47303906268048623
AZD0530	ENSG00000135373	0.47297107891082857	0.47297107891082857	0.47297107891082857
AZD0530	C3orf39	0.4729320144999365	0.4729320144999365	0.4729320144999365
AZD0530	ENSG00000103089	0.4728577172519387	0.4728577172519387	0.4728577172519387
AZD0530	LOC100505710	0.47275040461868784	0.47275040461868784	0.47275040461868784
AZD0530	ENSG00000140307	0.4726506686998707	0.4726506686998707	0.4726506686998707
AZD0530	ENSG00000120306	0.4725788112096456	0.4725788112096456	0.4725788112096456
AZD0530	ENSG00000129292	0.4725519592712673	0.4725519592712673	0.4725519592712673
AZD0530	ENSG00000120254	0.47254839843873	0.47254839843873	0.47254839843873
AZD0530	ENSG00000163535	0.4724721330482246	0.4724721330482246	0.4724721330482246
AZD0530	ENSG00000100714	0.4723548251290124	0.4723548251290124	0.4723548251290124
AZD0530	ENSG00000093009	0.47223135292521984	0.47223135292521984	0.47223135292521984
AZD0530	LRG_10	0.47222439500664926	0.47222439500664926	0.47222439500664926
AZD0530	ENSG00000240770	0.4721579471465304	0.4721579471465304	0.4721579471465304
AZD0530	ENSG00000108219	0.4720937005529902	0.4720937005529902	0.4720937005529902
AZD0530	ENSG00000100068	0.4720511981726632	0.4720511981726632	0.4720511981726632
AZD0530	ENSG00000115289	0.47194724781897246	0.47194724781897246	0.47194724781897246
AZD0530	ENSG00000144681	0.47189650070894856	0.47189650070894856	0.47189650070894856
AZD0530	ENSG00000100307	0.4718555857293969	0.4718555857293969	0.4718555857293969
AZD0530	ENSG00000176788	0.47164654397064126	0.47164654397064126	0.47164654397064126
AZD0530	ENSG00000158125	0.47161622396447	0.47161622396447	0.47161622396447
AZD0530	ENSG00000112972	0.4715985884296045	0.4715985884296045	0.4715985884296045
AZD0530	ENSG00000123066	0.47152436138990766	0.47152436138990766	0.47152436138990766
AZD0530	ENSG00000110079	0.47150891710336207	0.47150891710336207	0.47150891710336207
AZD0530	ENSG00000165271	0.4713669719066103	0.4713669719066103	0.4713669719066103
AZD0530	ENSG00000170837	0.47125219505662974	0.47125219505662974	0.47125219505662974
AZD0530	ENSG00000135521	0.4711652248718428	0.4711652248718428	0.4711652248718428
AZD0530	ENSG00000203685	0.471116925331321	0.471116925331321	0.471116925331321
AZD0530	ENSG00000153015	0.4710905944682876	0.4710905944682876	0.4710905944682876
AZD0530	ENSG00000100726	0.4709756499330328	0.4709756499330328	0.4709756499330328
AZD0530	ENSG00000233354	0.47080126787852694	0.47080126787852694	0.47080126787852694
AZD0530	ENSG00000072518	0.4707721009361034	0.4707721009361034	0.4707721009361034
AZD0530	ENSG00000139697	0.4707052111832332	0.4707052111832332	0.4707052111832332
AZD0530	ENSG00000204872	0.4705564397781825	0.4705564397781825	0.4705564397781825
AZD0530	ENSG00000174564	0.470499201177854	0.470499201177854	0.470499201177854
AZD0530	ENSG00000248593	0.4704290743449924	0.4704290743449924	0.4704290743449924
AZD0530	ENSG00000110768	0.4703981583569436	0.4703981583569436	0.4703981583569436
AZD0530	ENSG00000257218	0.47030172296140466	0.47030172296140466	0.47030172296140466
AZD0530	ENSG00000112697	0.4702555615379843	0.4702555615379843	0.4702555615379843
AZD0530	ENSG00000182187	0.4702037724225638	0.4702037724225638	0.4702037724225638
AZD0530	ENSG00000204947	0.470173505896316	0.470173505896316	0.470173505896316
AZD0530	ENSG00000140932	0.4699932023298802	0.4699932023298802	0.4699932023298802
AZD0530	SMEK3P	0.4698208115856106	0.4698208115856106	0.4698208115856106
AZD0530	ENSG00000240849	0.46972593844101646	0.46972593844101646	0.46972593844101646
AZD0530	ENSG00000013288	0.4696164988406441	0.4696164988406441	0.4696164988406441
AZD0530	ENSG00000119922	0.46960346662897384	0.46960346662897384	0.46960346662897384
AZD0530	ENSG00000139985	0.46959868152531636	0.46959868152531636	0.46959868152531636
AZD0530	ENSG00000204103	0.4695314660236272	0.4695314660236272	0.4695314660236272
AZD0530	LOC100505565	0.4693822263808442	0.4693822263808442	0.4693822263808442
AZD0530	ENSG00000119927	0.46926265591320454	0.46926265591320454	0.46926265591320454
AZD0530	ENSG00000184564	0.4691583054032662	0.4691583054032662	0.4691583054032662
AZD0530	ENSG00000185104	0.4690560380570274	0.4690560380570274	0.4690560380570274
AZD0530	ENSG00000029639	0.4685678439676576	0.4685678439676576	0.4685678439676576
AZD0530	ENSG00000169583	0.4685439032894361	0.4685439032894361	0.4685439032894361
AZD0530	ENSG00000146618	0.4684137209018793	0.4684137209018793	0.4684137209018793
AZD0530	ENSG00000159527	0.4682849157057712	0.4682849157057712	0.4682849157057712
AZD0530	ENSG00000167094	0.46825909406573535	0.46825909406573535	0.46825909406573535
AZD0530	ENSG00000215704	0.46822023195584495	0.46822023195584495	0.46822023195584495
AZD0530	LOC339685	0.46805860231133395	0.46805860231133395	0.46805860231133395
AZD0530	ENSG00000203965	0.4680273128829778	0.4680273128829778	0.4680273128829778
AZD0530	ENSG00000169783	0.46793774524592496	0.46793774524592496	0.46793774524592496
AZD0530	ENSG00000153294	0.4679374287756974	0.4679374287756974	0.4679374287756974
AZD0530	ENSG00000123146	0.46774063105465363	0.46774063105465363	0.46774063105465363
AZD0530	LOC100506485	0.46767005149328583	0.46767005149328583	0.46767005149328583
AZD0530	ENSG00000148672	0.46758594182624624	0.46758594182624624	0.46758594182624624
AZD0530	ENSG00000280706	0.4675326667010487	0.4675326667010487	0.4675326667010487
AZD0530	ENSG00000188215	0.46750065673353086	0.46750065673353086	0.46750065673353086
AZD0530	ENSG00000145246	0.4673966851792746	0.4673966851792746	0.4673966851792746
AZD0530	ENSG00000188906	0.46725425641429275	0.46725425641429275	0.46725425641429275
AZD0530	ENSG00000107249	0.4671625619557576	0.4671625619557576	0.4671625619557576
AZD0530	ENSG00000130600	0.4671453927543483	0.4671453927543483	0.4671453927543483
AZD0530	ENSG00000204291	0.46702000143402	0.46702000143402	0.46702000143402
AZD0530	ENSG00000139131	0.4669955998101448	0.4669955998101448	0.4669955998101448
AZD0530	ENSG00000163606	0.46683613979096855	0.46683613979096855	0.46683613979096855
AZD0530	ENSG00000147166	0.4666769111844556	0.4666769111844556	0.4666769111844556
AZD0530	ENSG00000077232	0.4666557270417854	0.4666557270417854	0.4666557270417854
AZD0530	ENSG00000138326	0.4666182459056816	0.4666182459056816	0.4666182459056816
AZD0530	ENSG00000115364	0.46660916590303664	0.46660916590303664	0.46660916590303664
AZD0530	ENSG00000151276	0.4664659666734276	0.4664659666734276	0.4664659666734276
AZD0530	ENSG00000169031	0.46633819570992247	0.46633819570992247	0.46633819570992247
AZD0530	ENSG00000230542	0.4662132592579342	0.4662132592579342	0.4662132592579342
AZD0530	ENSG00000179598	0.4662103242907464	0.4662103242907464	0.4662103242907464
AZD0530	ENSG00000214753	0.46613955420694586	0.46613955420694586	0.46613955420694586
AZD0530	ENSG00000177370	0.466002806692185	0.466002806692185	0.466002806692185
AZD0530	ENSG00000165695	0.46591004785295886	0.46591004785295886	0.46591004785295886
AZD0530	ENSG00000198211	0.4657986777177413	0.4657986777177413	0.4657986777177413
AZD0530	ENSG00000164031	0.46552392094161604	0.46552392094161604	0.46552392094161604
AZD0530	ENSG00000115145	0.4654429118498118	0.4654429118498118	0.4654429118498118
AZD0530	ENSG00000170017	0.4653916592643292	0.4653916592643292	0.4653916592643292
AZD0530	ENSG00000165632	0.4653402797158498	0.4653402797158498	0.4653402797158498
AZD0530	ENSG00000151240	0.46525411492275875	0.46525411492275875	0.46525411492275875
AZD0530	ENSG00000120690	0.4648782362064837	0.4648782362064837	0.4648782362064837
AZD0530	ENSG00000163072	0.4648085138767838	0.4648085138767838	0.4648085138767838
AZD0530	ENSG00000140287	0.464727498642067	0.464727498642067	0.464727498642067
AZD0530	ENSG00000156603	0.46467021897299854	0.46467021897299854	0.46467021897299854
AZD0530	ENSG00000103404	0.46459518690145973	0.46459518690145973	0.46459518690145973
AZD0530	ENSG00000144048	0.46439810642115226	0.46439810642115226	0.46439810642115226
AZD0530	ENSG00000122756	0.4643809049274501	0.4643809049274501	0.4643809049274501
AZD0530	ENSG00000266964	0.4642818406820851	0.4642818406820851	0.4642818406820851
AZD0530	LRG_369	0.464177421432351	0.464177421432351	0.464177421432351
AZD0530	ENSG00000084623	0.46410368507206645	0.46410368507206645	0.46410368507206645
AZD0530	ENSG00000007933	0.4641036245090386	0.4641036245090386	0.4641036245090386
AZD0530	ENSG00000108443	0.4640477185492564	0.4640477185492564	0.4640477185492564
AZD0530	ENSG00000170873	0.46395636509222493	0.46395636509222493	0.46395636509222493
AZD0530	ENSG00000160471	0.4638046955095926	0.4638046955095926	0.4638046955095926
AZD0530	ENSG00000179002	0.4636037326319841	0.4636037326319841	0.4636037326319841
AZD0530	ENSG00000155714	0.4635800879555378	0.4635800879555378	0.4635800879555378
AZD0530	ENSG00000122145	0.4632719441028756	0.4632719441028756	0.4632719441028756
AZD0530	ENSG00000103222	0.4631729369195302	0.4631729369195302	0.4631729369195302
AZD0530	ENSG00000172016	0.462935169770557	0.462935169770557	0.462935169770557
AZD0530	ENSG00000155903	0.46292602946727524	0.46292602946727524	0.46292602946727524
AZD0530	ENSG00000198836	0.4629253107099752	0.4629253107099752	0.4629253107099752
AZD0530	ENSG00000177425	0.4628716897572913	0.4628716897572913	0.4628716897572913
AZD0530	ENSG00000189298	0.4627683961217642	0.4627683961217642	0.4627683961217642
AZD0530	ENSG00000133028	0.4627620711752098	0.4627620711752098	0.4627620711752098
AZD0530	ENSG00000187522	0.4625659123245567	0.4625659123245567	0.4625659123245567
AZD0530	ENSG00000164929	0.4624077870114439	0.4624077870114439	0.4624077870114439
AZD0530	ENSG00000159377	0.46234824646460654	0.46234824646460654	0.46234824646460654
AZD0530	LOC127841	0.4622021359319007	0.4622021359319007	0.4622021359319007
AZD0530	ENSG00000149554	0.46186259181132516	0.46186259181132516	0.46186259181132516
AZD0530	ENSG00000102001	0.4616692836538517	0.4616692836538517	0.4616692836538517
AZD0530	ENSG00000154721	0.46162531676071605	0.46162531676071605	0.46162531676071605
AZD0530	LRG_84	0.4615171470738418	0.4615171470738418	0.4615171470738418
AZD0530	ENSG00000167165	0.4614626640295864	0.4614626640295864	0.4614626640295864
AZD0530	LOC285423	0.461398184494042	0.461398184494042	0.461398184494042
AZD0530	ENSG00000181904	0.46124667957276794	0.46124667957276794	0.46124667957276794
AZD0530	ENSG00000107175	0.46084402567582955	0.46084402567582955	0.46084402567582955
AZD0530	ENSG00000111087	0.46083858766093155	0.46083858766093155	0.46083858766093155
AZD0530	ENSG00000163673	0.46081825541983984	0.46081825541983984	0.46081825541983984
AZD0530	ENSG00000176101	0.46071501691392663	0.46071501691392663	0.46071501691392663
AZD0530	ENSG00000133636	0.4605888160059786	0.4605888160059786	0.4605888160059786
AZD0530	LOC100505851	0.4601734140045905	0.4601734140045905	0.4601734140045905
AZD0530	ENSG00000102871	0.460128154435681	0.460128154435681	0.460128154435681
AZD0530	ENSG00000239961	0.46010966476653004	0.46010966476653004	0.46010966476653004
AZD0530	ENSG00000236011	0.4600420220525597	0.4600420220525597	0.4600420220525597
AZD0530	LOC100129845	0.46003919032544904	0.46003919032544904	0.46003919032544904
AZD0530	ENSG00000145687	0.45996731689596376	0.45996731689596376	0.45996731689596376
AZD0530	ENSG00000170606	0.45973288302477294	0.45973288302477294	0.45973288302477294
AZD0530	ENSG00000065268	0.45950017493510276	0.45950017493510276	0.45950017493510276
AZD0530	ENSG00000183876	0.4593877520032556	0.4593877520032556	0.4593877520032556
AZD0530	ENSG00000106404	0.45938068677368615	0.45938068677368615	0.45938068677368615
AZD0530	LRG_298	0.45927959724491824	0.45927959724491824	0.45927959724491824
AZD0530	ENSG00000105519	0.45918895730085674	0.45918895730085674	0.45918895730085674
AZD0530	ENSG00000146910	0.4591573561127971	0.4591573561127971	0.4591573561127971
AZD0530	ENSG00000128311	0.45911934778086366	0.45911934778086366	0.45911934778086366
AZD0530	ENSG00000163206	0.4590558248278374	0.4590558248278374	0.4590558248278374
AZD0530	ENSG00000103034	0.45896684968777446	0.45896684968777446	0.45896684968777446
AZD0530	ENSG00000029993	0.4588555638511991	0.4588555638511991	0.4588555638511991
AZD0530	ENSG00000137876	0.45883343442246904	0.45883343442246904	0.45883343442246904
AZD0530	ENSG00000059758	0.458775747690872	0.458775747690872	0.458775747690872
AZD0530	ENSG00000213563	0.45875791407337396	0.45875791407337396	0.45875791407337396
AZD0530	WDR85	0.4586204315930625	0.4586204315930625	0.4586204315930625
AZD0530	ENSG00000080986	0.4583778929422198	0.4583778929422198	0.4583778929422198
AZD0530	ENSG00000131477	0.45834790407681414	0.45834790407681414	0.45834790407681414
AZD0530	C3orf27	0.4582748652383123	0.4582748652383123	0.4582748652383123
AZD0530	LOC284561	0.4581020302636656	0.4581020302636656	0.4581020302636656
AZD0530	ENSG00000114982	0.45805397678106824	0.45805397678106824	0.45805397678106824
AZD0530	ENSG00000197721	0.4577552461273182	0.4577552461273182	0.4577552461273182
AZD0530	ENSG00000142546	0.4577370719949267	0.4577370719949267	0.4577370719949267
AZD0530	ENSG00000162599	0.4576897625623785	0.4576897625623785	0.4576897625623785
AZD0530	ENSG00000084234	0.45767290325729787	0.45767290325729787	0.45767290325729787
AZD0530	ENSG00000183010	0.4575003534326579	0.4575003534326579	0.4575003534326579
AZD0530	ENSG00000138623	0.4573772710603666	0.4573772710603666	0.4573772710603666
AZD0530	ENSG00000132153	0.4573568752104216	0.4573568752104216	0.4573568752104216
AZD0530	ENSG00000166888	0.45734409074231874	0.45734409074231874	0.45734409074231874
AZD0530	ENSG00000147416	0.4572386728957327	0.4572386728957327	0.4572386728957327
AZD0530	ENSG00000204390	0.4571378353681658	0.4571378353681658	0.4571378353681658
AZD0530	LOC100129098	0.45707560779026274	0.45707560779026274	0.45707560779026274
AZD0530	ENSG00000090061	0.45706364266837135	0.45706364266837135	0.45706364266837135
AZD0530	ENSG00000239523	0.45701248198349415	0.45701248198349415	0.45701248198349415
AZD0530	ENSG00000188015	0.45700764072663674	0.45700764072663674	0.45700764072663674
AZD0530	ENSG00000164898	0.4569746142170435	0.4569746142170435	0.4569746142170435
AZD0530	ENSG00000143514	0.4569130915744234	0.4569130915744234	0.4569130915744234
AZD0530	ENSG00000243477	0.45677813374242626	0.45677813374242626	0.45677813374242626
AZD0530	ENSG00000041357	0.4567576746445702	0.4567576746445702	0.4567576746445702
AZD0530	ENSG00000197586	0.4566938135574863	0.4566938135574863	0.4566938135574863
AZD0530	ENSG00000006042	0.45664446153575194	0.45664446153575194	0.45664446153575194
AZD0530	LOC255480	0.4566262962096391	0.4566262962096391	0.4566262962096391
AZD0530	ENSG00000119655	0.456607925513634	0.456607925513634	0.456607925513634
AZD0530	ENSG00000119231	0.45658245830547767	0.45658245830547767	0.45658245830547767
AZD0530	ENSG00000124812	0.4562895085008972	0.4562895085008972	0.4562895085008972
AZD0530	ENSG00000162482	0.4562418006002722	0.4562418006002722	0.4562418006002722
AZD0530	ENSG00000156171	0.4561895855883811	0.4561895855883811	0.4561895855883811
AZD0530	ENSG00000105963	0.4561357449031063	0.4561357449031063	0.4561357449031063
AZD0530	ENSG00000122692	0.4560743747059597	0.4560743747059597	0.4560743747059597
AZD0530	ENSG00000127526	0.456024009122149	0.456024009122149	0.456024009122149
AZD0530	ENSG00000197136	0.4558839903954227	0.4558839903954227	0.4558839903954227
AZD0530	ENSG00000138792	0.45575955258257994	0.45575955258257994	0.45575955258257994
AZD0530	ENSG00000151224	0.4554489039362902	0.4554489039362902	0.4554489039362902
AZD0530	ENSG00000188747	0.45533974923532	0.45533974923532	0.45533974923532
AZD0530	ENSG00000137770	0.4553043120236291	0.4553043120236291	0.4553043120236291
AZD0530	ENSG00000139428	0.45519503201558414	0.45519503201558414	0.45519503201558414
AZD0530	ENSG00000174886	0.4551341905803786	0.4551341905803786	0.4551341905803786
AZD0530	LOC100507173	0.45504502829792404	0.45504502829792404	0.45504502829792404
AZD0530	ENSG00000197162	0.4549622782433979	0.4549622782433979	0.4549622782433979
AZD0530	ENSG00000187017	0.45491127265549686	0.45491127265549686	0.45491127265549686
AZD0530	ENSG00000163482	0.4549009933811929	0.4549009933811929	0.4549009933811929
AZD0530	ENSG00000183242	0.4548565993402097	0.4548565993402097	0.4548565993402097
AZD0530	ZNF642	0.45459084995079135	0.45459084995079135	0.45459084995079135
AZD0530	ENSG00000102794	0.45453652200152994	0.45453652200152994	0.45453652200152994
AZD0530	ENSG00000061938	0.45436553035402133	0.45436553035402133	0.45436553035402133
AZD0530	ENSG00000197930	0.4543138467992522	0.4543138467992522	0.4543138467992522
AZD0530	ENSG00000077782	0.4542904330004196	0.4542904330004196	0.4542904330004196
AZD0530	ENSG00000175727	0.4542887362074403	0.4542887362074403	0.4542887362074403
AZD0530	LOC654433	0.45428568235097816	0.45428568235097816	0.45428568235097816
AZD0530	ENSG00000213218	0.4542488261888769	0.4542488261888769	0.4542488261888769
AZD0530	ENSG00000175866	0.45409666478241406	0.45409666478241406	0.45409666478241406
AZD0530	ENSG00000138750	0.45404833393406824	0.45404833393406824	0.45404833393406824
AZD0530	ENSG00000108798	0.4540248999779688	0.4540248999779688	0.4540248999779688
AZD0530	ENSG00000139291	0.45401586603567257	0.45401586603567257	0.45401586603567257
AZD0530	ENSG00000116871	0.453977674623297	0.453977674623297	0.453977674623297
AZD0530	ENSG00000136938	0.4539745907966375	0.4539745907966375	0.4539745907966375
AZD0530	ENSG00000182473	0.4539311929254653	0.4539311929254653	0.4539311929254653
AZD0530	ENSG00000164112	0.45385940237632666	0.45385940237632666	0.45385940237632666
AZD0530	ZNF259	0.45382445609589644	0.45382445609589644	0.45382445609589644
AZD0530	ENSG00000175581	0.4538112286770109	0.4538112286770109	0.4538112286770109
AZD0530	ENSG00000148110	0.4537750040117109	0.4537750040117109	0.4537750040117109
AZD0530	ENSG00000081154	0.453745773798905	0.453745773798905	0.453745773798905
AZD0530	C10orf47	0.4537453439995062	0.4537453439995062	0.4537453439995062
AZD0530	ENSG00000165895	0.453647981127119	0.453647981127119	0.453647981127119
AZD0530	ENSG00000197302	0.45344132813480026	0.45344132813480026	0.45344132813480026
AZD0530	ENSG00000102904	0.45342094334270305	0.45342094334270305	0.45342094334270305
AZD0530	ENSG00000105559	0.45306737097844796	0.45306737097844796	0.45306737097844796
AZD0530	ENSG00000185019	0.4529546568564226	0.4529546568564226	0.4529546568564226
AZD0530	ENSG00000181433	0.4528373818814197	0.4528373818814197	0.4528373818814197
AZD0530	CCDC56	0.45267277961362795	0.45267277961362795	0.45267277961362795
AZD0530	ENSG00000166181	0.45266231745399027	0.45266231745399027	0.45266231745399027
AZD0530	ENSG00000130035	0.4525530065996303	0.4525530065996303	0.4525530065996303
AZD0530	ENSG00000189108	0.4525369424735406	0.4525369424735406	0.4525369424735406
AZD0530	ENSG00000198832	0.45234557936856595	0.45234557936856595	0.45234557936856595
AZD0530	ENSG00000104980	0.45233220892127757	0.45233220892127757	0.45233220892127757
AZD0530	ENSG00000151164	0.4523124589706185	0.4523124589706185	0.4523124589706185
AZD0530	ENSG00000166477	0.452063439678712	0.452063439678712	0.452063439678712
AZD0530	LOC285819	0.45204595047413987	0.45204595047413987	0.45204595047413987
AZD0530	ENSG00000100372	0.4520420639728805	0.4520420639728805	0.4520420639728805
AZD0530	ENSG00000129535	0.4520013510152753	0.4520013510152753	0.4520013510152753
AZD0530	ENSG00000137857	0.45192291119003564	0.45192291119003564	0.45192291119003564
AZD0530	ENSG00000160307	0.45191052419363953	0.45191052419363953	0.45191052419363953
AZD0530	ENSG00000158292	0.4518504808583834	0.4518504808583834	0.4518504808583834
AZD0530	ENSG00000105198	0.4518194460820531	0.4518194460820531	0.4518194460820531
AZD0530	ENSG00000138115	0.4517901320905635	0.4517901320905635	0.4517901320905635
AZD0530	ENSG00000016391	0.45171219400457174	0.45171219400457174	0.45171219400457174
AZD0530	ENSG00000160404	0.4516920799270932	0.4516920799270932	0.4516920799270932
AZD0530	ENSG00000116580	0.45154217205501646	0.45154217205501646	0.45154217205501646
AZD0530	ENSG00000184357	0.45150026731026105	0.45150026731026105	0.45150026731026105
AZD0530	ENSG00000166689	0.4512826931131202	0.4512826931131202	0.4512826931131202
AZD0530	ENSG00000136715	0.4512363245601294	0.4512363245601294	0.4512363245601294
AZD0530	ENSG00000168282	0.45119800216779105	0.45119800216779105	0.45119800216779105
AZD0530	ENSG00000187097	0.45114860871900303	0.45114860871900303	0.45114860871900303
AZD0530	ENSG00000119283	0.4509732794748878	0.4509732794748878	0.4509732794748878
AZD0530	ENSG00000181449	0.45092670330183854	0.45092670330183854	0.45092670330183854
AZD0530	ENSG00000148341	0.4508990388315459	0.4508990388315459	0.4508990388315459
AZD0530	ENSG00000265763	0.4508903812725345	0.4508903812725345	0.4508903812725345
AZD0530	ENSG00000154096	0.4507555877462413	0.4507555877462413	0.4507555877462413
AZD0530	ENSG00000196092	0.450712404376851	0.450712404376851	0.450712404376851
AZD0530	ENSG00000140527	0.4507009446586813	0.4507009446586813	0.4507009446586813
AZD0530	ENSG00000226367	0.4506787963999221	0.4506787963999221	0.4506787963999221
AZD0530	ENSG00000105954	0.4505832590738564	0.4505832590738564	0.4505832590738564
AZD0530	ENSG00000112033	0.45046592869550695	0.45046592869550695	0.45046592869550695
AZD0530	ENSG00000172023	0.4504247627623188	0.4504247627623188	0.4504247627623188
AZD0530	ENSG00000134874	0.45038566774959937	0.45038566774959937	0.45038566774959937
AZD0530	ENSG00000169704	0.4503532256749666	0.4503532256749666	0.4503532256749666
AZD0530	ENSG00000189060	0.450246800161636	0.450246800161636	0.450246800161636
AZD0530	ENSG00000138028	0.4501067313915449	0.4501067313915449	0.4501067313915449
AZD0530	ENSG00000077498	0.45008007492109453	0.45008007492109453	0.45008007492109453
AZD0530	ENSG00000140678	0.4500372369698856	0.4500372369698856	0.4500372369698856
AZD0530	ENSG00000072415	0.45003521064550484	0.45003521064550484	0.45003521064550484
AZD0530	ENSG00000177791	0.4499773369187499	0.4499773369187499	0.4499773369187499
AZD0530	ENSG00000223959	0.4499716793055926	0.4499716793055926	0.4499716793055926
AZD0530	ENSG00000205856	0.44987469750371684	0.44987469750371684	0.44987469750371684
AZD0530	ENSG00000176046	0.44975936999545285	0.44975936999545285	0.44975936999545285
AZD0530	ENSG00000269526	0.4494645984175515	0.4494645984175515	0.4494645984175515
AZD0530	ENSG00000197885	0.4494643255894122	0.4494643255894122	0.4494643255894122
AZD0530	ENSG00000183640	0.44944296596515615	0.44944296596515615	0.44944296596515615
AZD0530	ENSG00000141026	0.44943335340862023	0.44943335340862023	0.44943335340862023
AZD0530	ENSG00000128394	0.44942688072900827	0.44942688072900827	0.44942688072900827
AZD0530	ENSG00000105392	0.44932709061445336	0.44932709061445336	0.44932709061445336
AZD0530	LSMD1	0.4492868429238163	0.4492868429238163	0.4492868429238163
AZD0530	ENSG00000136875	0.4492691253707545	0.4492691253707545	0.4492691253707545
AZD0530	ENSG00000264522	0.44923304475912484	0.44923304475912484	0.44923304475912484
AZD0530	ENSG00000124713	0.4491610540596362	0.4491610540596362	0.4491610540596362
AZD0530	ENSG00000122034	0.44910185212881865	0.44910185212881865	0.44910185212881865
AZD0530	ENSG00000183307	0.448990517355956	0.448990517355956	0.448990517355956
AZD0530	C20orf72	0.4489183268910423	0.4489183268910423	0.4489183268910423
AZD0530	ENSG00000100505	0.4487185602557371	0.4487185602557371	0.4487185602557371
AZD0530	ENSG00000136059	0.4486900751666301	0.4486900751666301	0.4486900751666301
AZD0530	ENSG00000165556	0.44867119996864696	0.44867119996864696	0.44867119996864696
AZD0530	ENSG00000137133	0.4486252304992283	0.4486252304992283	0.4486252304992283
AZD0530	ENSG00000139946	0.4485978526584462	0.4485978526584462	0.4485978526584462
AZD0530	ENSG00000157450	0.44851956121218245	0.44851956121218245	0.44851956121218245
AZD0530	ENSG00000132688	0.44848430472323014	0.44848430472323014	0.44848430472323014
AZD0530	ENSG00000172717	0.44811367619497555	0.44811367619497555	0.44811367619497555
AZD0530	ENSG00000163625	0.4479823161789638	0.4479823161789638	0.4479823161789638
AZD0530	ENSG00000188368	0.4479060870257496	0.4479060870257496	0.4479060870257496
AZD0530	ENSG00000102287	0.4477425473634312	0.4477425473634312	0.4477425473634312
AZD0530	ENSG00000136824	0.4477144441581895	0.4477144441581895	0.4477144441581895
AZD0530	ENSG00000228474	0.4476273176178538	0.4476273176178538	0.4476273176178538
AZD0530	ENSG00000106006	0.44758902893639124	0.44758902893639124	0.44758902893639124
AZD0530	ENSG00000050165	0.4475040522297505	0.4475040522297505	0.4475040522297505
AZD0530	ENSG00000111012	0.44750168209756563	0.44750168209756563	0.44750168209756563
AZD0530	ENSG00000176532	0.44747954449495125	0.44747954449495125	0.44747954449495125
AZD0530	ENSG00000139514	0.44731831272968986	0.44731831272968986	0.44731831272968986
AZD0530	ENSG00000111237	0.44731455184158475	0.44731455184158475	0.44731455184158475
AZD0530	ENSG00000145287	0.4472083207302087	0.4472083207302087	0.4472083207302087
AZD0530	ENSG00000083635	0.44717451215459136	0.44717451215459136	0.44717451215459136
AZD0530	ENSG00000160957	0.4470873172747315	0.4470873172747315	0.4470873172747315
AZD0530	ENSG00000116212	0.4469486837121855	0.4469486837121855	0.4469486837121855
AZD0530	ENSG00000100811	0.44680321039169774	0.44680321039169774	0.44680321039169774
AZD0530	ENSG00000181323	0.4467868900655627	0.4467868900655627	0.4467868900655627
AZD0530	ENSG00000145014	0.4466494603405642	0.4466494603405642	0.4466494603405642
AZD0530	ENSG00000155096	0.44660325656949124	0.44660325656949124	0.44660325656949124
AZD0530	ENSG00000181619	0.44657385052553245	0.44657385052553245	0.44657385052553245
AZD0530	ENSG00000176909	0.4465571931986859	0.4465571931986859	0.4465571931986859
AZD0530	ENSG00000048405	0.446523012522942	0.446523012522942	0.446523012522942
AZD0530	ENSG00000171302	0.44648927276350375	0.44648927276350375	0.44648927276350375
AZD0530	ENSG00000144283	0.4463940561788571	0.4463940561788571	0.4463940561788571
AZD0530	ENSG00000136003	0.44638187638386345	0.44638187638386345	0.44638187638386345
AZD0530	ENSG00000187068	0.44632738336450456	0.44632738336450456	0.44632738336450456
AZD0530	ENSG00000092094	0.446259826669335	0.446259826669335	0.446259826669335
AZD0530	ENSG00000228357	0.4462409152409369	0.4462409152409369	0.4462409152409369
AZD0530	ENSG00000169992	0.44619316661324704	0.44619316661324704	0.44619316661324704
AZD0530	ENSG00000122068	0.4460414366202418	0.4460414366202418	0.4460414366202418
AZD0530	ENSG00000080947	0.4459894567933919	0.4459894567933919	0.4459894567933919
AZD0530	ENSG00000124067	0.445973014902399	0.445973014902399	0.445973014902399
AZD0530	ENSG00000198042	0.4458545159122394	0.4458545159122394	0.4458545159122394
AZD0530	ENSG00000148935	0.4457629066068299	0.4457629066068299	0.4457629066068299
AZD0530	ENSG00000109205	0.44574579702807615	0.44574579702807615	0.44574579702807615
AZD0530	MGC13053	0.4456985744218221	0.4456985744218221	0.4456985744218221
AZD0530	C16orf55	0.4453996128974426	0.4453996128974426	0.4453996128974426
AZD0530	ENSG00000223887	0.4453199303768483	0.4453199303768483	0.4453199303768483
AZD0530	ENSG00000103187	0.4453132914150661	0.4453132914150661	0.4453132914150661
AZD0530	ENSG00000118162	0.44527807539844777	0.44527807539844777	0.44527807539844777
AZD0530	ENSG00000063015	0.44526470506337257	0.44526470506337257	0.44526470506337257
AZD0530	ENSG00000186111	0.44525308421516896	0.44525308421516896	0.44525308421516896
AZD0530	ENSG00000105197	0.4451970412335646	0.4451970412335646	0.4451970412335646
AZD0530	ENSG00000176155	0.44511816519658015	0.44511816519658015	0.44511816519658015
AZD0530	ENSG00000077147	0.44508523211646117	0.44508523211646117	0.44508523211646117
AZD0530	ENSG00000078237	0.44502148999481717	0.44502148999481717	0.44502148999481717
AZD0530	BRP44	0.4449186626882732	0.4449186626882732	0.4449186626882732
AZD0530	ENSG00000198925	0.4446245770716367	0.4446245770716367	0.4446245770716367
AZD0530	ENSG00000160049	0.44450219776498145	0.44450219776498145	0.44450219776498145
AZD0530	ENSG00000158014	0.44447360377485606	0.44447360377485606	0.44447360377485606
AZD0530	ENSG00000162298	0.4443645754659391	0.4443645754659391	0.4443645754659391
AZD0530	ENSG00000113971	0.44427906819478113	0.44427906819478113	0.44427906819478113
AZD0530	ENSG00000265452	0.4441137758486312	0.4441137758486312	0.4441137758486312
AZD0530	LOC100129617	0.4441028611565191	0.4441028611565191	0.4441028611565191
AZD0530	ENSG00000166863	0.4440494179857696	0.4440494179857696	0.4440494179857696
AZD0530	ENSG00000153885	0.4439481066710558	0.4439481066710558	0.4439481066710558
AZD0530	LRG_692	0.44380890897619296	0.44380890897619296	0.44380890897619296
AZD0530	ENSG00000116251	0.443740935211147	0.443740935211147	0.443740935211147
AZD0530	ENSG00000112159	0.44372671822135257	0.44372671822135257	0.44372671822135257
AZD0530	ENSG00000117155	0.443697456793731	0.443697456793731	0.443697456793731
AZD0530	ENSG00000129355	0.4436710544198957	0.4436710544198957	0.4436710544198957
AZD0530	ENSG00000131019	0.44366447815349924	0.44366447815349924	0.44366447815349924
AZD0530	C19orf6	0.4436270745024961	0.4436270745024961	0.4436270745024961
AZD0530	ENSG00000150893	0.44310481631092796	0.44310481631092796	0.44310481631092796
AZD0530	ENSG00000109736	0.44301876189226264	0.44301876189226264	0.44301876189226264
AZD0530	ENSG00000198298	0.443006111702065	0.443006111702065	0.443006111702065
AZD0530	ENSG00000143106	0.44293959975676556	0.44293959975676556	0.44293959975676556
AZD0530	LOC100506542	0.44279044110728727	0.44279044110728727	0.44279044110728727
AZD0530	ENSG00000133794	0.4426545481793151	0.4426545481793151	0.4426545481793151
AZD0530	LOC100289495	0.44264850078913043	0.44264850078913043	0.44264850078913043
AZD0530	ENSG00000196242	0.4425540029057575	0.4425540029057575	0.4425540029057575
AZD0530	ENSG00000064601	0.4423712141435927	0.4423712141435927	0.4423712141435927
AZD0530	ENSG00000146021	0.44216090650690876	0.44216090650690876	0.44216090650690876
AZD0530	ENSG00000211673	0.44210878947829113	0.44210878947829113	0.44210878947829113
AZD0530	ENSG00000066422	0.44206246696767787	0.44206246696767787	0.44206246696767787
AZD0530	ENSG00000067560	0.4416737850960109	0.4416737850960109	0.4416737850960109
AZD0530	ENSG00000177683	0.44163122251440784	0.44163122251440784	0.44163122251440784
AZD0530	C12orf59	0.4415134733114075	0.4415134733114075	0.4415134733114075
AZD0530	ENSG00000189431	0.44148705273215577	0.44148705273215577	0.44148705273215577
AZD0530	ENSG00000105255	0.4414554606687499	0.4414554606687499	0.4414554606687499
AZD0530	ENSG00000100412	0.4411905980563499	0.4411905980563499	0.4411905980563499
AZD0530	ENSG00000146733	0.44094874165116515	0.44094874165116515	0.44094874165116515
AZD0530	ENSG00000144962	0.44091791492023935	0.44091791492023935	0.44091791492023935
AZD0530	ENSG00000153786	0.44079544546506355	0.44079544546506355	0.44079544546506355
AZD0530	ENSG00000171303	0.44071881455634027	0.44071881455634027	0.44071881455634027
AZD0530	ENSG00000133119	0.4405954880438274	0.4405954880438274	0.4405954880438274
AZD0530	METTL21D	0.4403180922875063	0.4403180922875063	0.4403180922875063
AZD0530	ENSG00000214401	0.440290132082607	0.440290132082607	0.440290132082607
AZD0530	ENSG00000184164	0.43988440658265093	0.43988440658265093	0.43988440658265093
AZD0530	ENSG00000137080	0.439856983511401	0.439856983511401	0.439856983511401
AZD0530	ENSG00000144031	0.43982995277710535	0.43982995277710535	0.43982995277710535
AZD0530	ENSG00000162641	0.4398136576052928	0.4398136576052928	0.4398136576052928
AZD0530	ENSG00000110871	0.4397139279719958	0.4397139279719958	0.4397139279719958
AZD0530	ENSG00000157456	0.43967941927699455	0.43967941927699455	0.43967941927699455
AZD0530	ENSG00000173281	0.43954854677229743	0.43954854677229743	0.43954854677229743
AZD0530	ENSG00000132376	0.43952192110134086	0.43952192110134086	0.43952192110134086
AZD0530	ENSG00000185008	0.43934937383836975	0.43934937383836975	0.43934937383836975
AZD0530	ENSG00000180767	0.43930479462304023	0.43930479462304023	0.43930479462304023
AZD0530	ENSG00000123342	0.43913476398380985	0.43913476398380985	0.43913476398380985
AZD0530	ENSG00000141179	0.43905849488204485	0.43905849488204485	0.43905849488204485
AZD0530	ENSG00000047936	0.4389857285631459	0.4389857285631459	0.4389857285631459
AZD0530	ENSG00000100014	0.4389665454246857	0.4389665454246857	0.4389665454246857
AZD0530	ENSG00000162391	0.43895583991626225	0.43895583991626225	0.43895583991626225
AZD0530	ENSG00000169083	0.43895377527582385	0.43895377527582385	0.43895377527582385
AZD0530	ENSG00000108771	0.4389078477634188	0.4389078477634188	0.4389078477634188
AZD0530	LOC285889	0.4388628015775804	0.4388628015775804	0.4388628015775804
AZD0530	ENSG00000125740	0.4387991488999489	0.4387991488999489	0.4387991488999489
AZD0530	ENSG00000173085	0.43877557001654605	0.43877557001654605	0.43877557001654605
AZD0530	ENSG00000150403	0.4387581724764243	0.4387581724764243	0.4387581724764243
AZD0530	ENSG00000119041	0.4387387569313759	0.4387387569313759	0.4387387569313759
AZD0530	ENSG00000108055	0.4386836458312011	0.4386836458312011	0.4386836458312011
AZD0530	ENSG00000185860	0.4385665070775981	0.4385665070775981	0.4385665070775981
AZD0530	ENSG00000269190	0.4383059103410244	0.4383059103410244	0.4383059103410244
AZD0530	ENSG00000171671	0.4382974080925385	0.4382974080925385	0.4382974080925385
AZD0530	ENSG00000175220	0.4382053276480987	0.4382053276480987	0.4382053276480987
AZD0530	C20orf30	0.43819030311410256	0.43819030311410256	0.43819030311410256
AZD0530	LOC253039	0.4380267407170003	0.4380267407170003	0.4380267407170003
AZD0530	ENSG00000174527	0.437960372855759	0.437960372855759	0.437960372855759
AZD0530	ENSG00000163013	0.4379428376773455	0.4379428376773455	0.4379428376773455
AZD0530	ENSG00000164220	0.4379286487822311	0.4379286487822311	0.4379286487822311
AZD0530	ENSG00000276380	0.43791366074381904	0.43791366074381904	0.43791366074381904
AZD0530	ENSG00000064102	0.4378986322543188	0.4378986322543188	0.4378986322543188
AZD0530	ENSG00000174405	0.4377753101432249	0.4377753101432249	0.4377753101432249
AZD0530	ENSG00000171204	0.4376405862477774	0.4376405862477774	0.4376405862477774
AZD0530	ENSG00000114455	0.43761169261460753	0.43761169261460753	0.43761169261460753
AZD0530	ENSG00000149929	0.43752376445339136	0.43752376445339136	0.43752376445339136
AZD0530	ENSG00000187800	0.4375087119639379	0.4375087119639379	0.4375087119639379
AZD0530	ENSG00000132677	0.437470518189317	0.437470518189317	0.437470518189317
AZD0530	LRG_497	0.4370418554304349	0.4370418554304349	0.4370418554304349
AZD0530	ENSG00000112038	0.43701047856154723	0.43701047856154723	0.43701047856154723
AZD0530	ENSG00000066735	0.4369502918416105	0.4369502918416105	0.4369502918416105
AZD0530	ENSG00000159723	0.4368873857978883	0.4368873857978883	0.4368873857978883
AZD0530	ENSG00000168676	0.43682017026277864	0.43682017026277864	0.43682017026277864
AZD0530	ENSG00000139354	0.43665361136443503	0.43665361136443503	0.43665361136443503
AZD0530	ENSG00000131779	0.4365696279629632	0.4365696279629632	0.4365696279629632
AZD0530	ENSG00000085719	0.4364655509044426	0.4364655509044426	0.4364655509044426
AZD0530	LRG_92	0.43631299675598006	0.43631299675598006	0.43631299675598006
AZD0530	ENSG00000172497	0.4362667565565093	0.4362667565565093	0.4362667565565093
AZD0530	ENSG00000143036	0.4362568025312885	0.4362568025312885	0.4362568025312885
AZD0530	ENSG00000011478	0.4362545708485196	0.4362545708485196	0.4362545708485196
AZD0530	ENSG00000103642	0.43616509138076653	0.43616509138076653	0.43616509138076653
AZD0530	ENSG00000146950	0.4360438949080073	0.4360438949080073	0.4360438949080073
AZD0530	ENSG00000151612	0.4360428177786373	0.4360428177786373	0.4360428177786373
AZD0530	ENSG00000101463	0.43603523262446514	0.43603523262446514	0.43603523262446514
AZD0530	ENSG00000074964	0.4358336554738843	0.4358336554738843	0.4358336554738843
AZD0530	ENSG00000106236	0.435691837828662	0.435691837828662	0.435691837828662
AZD0530	ENSG00000122707	0.43566215456080554	0.43566215456080554	0.43566215456080554
AZD0530	ENSG00000129219	0.4355413646738032	0.4355413646738032	0.4355413646738032
AZD0530	ENSG00000198951	0.4355216362431762	0.4355216362431762	0.4355216362431762
AZD0530	ENSG00000172292	0.4354666423128066	0.4354666423128066	0.4354666423128066
AZD0530	ENSG00000178896	0.4352298184411789	0.4352298184411789	0.4352298184411789
AZD0530	ENSG00000154237	0.43493835779696505	0.43493835779696505	0.43493835779696505
AZD0530	ENSG00000163466	0.4349033469884209	0.4349033469884209	0.4349033469884209
AZD0530	ENSG00000102030	0.43487434906230316	0.43487434906230316	0.43487434906230316
AZD0530	ENSG00000122679	0.4348522815785241	0.4348522815785241	0.4348522815785241
AZD0530	ENSG00000147789	0.43467929956790113	0.43467929956790113	0.43467929956790113
AZD0530	ENSG00000124177	0.4346220963038522	0.4346220963038522	0.4346220963038522
AZD0530	ENSG00000169193	0.43456381665804183	0.43456381665804183	0.43456381665804183
AZD0530	ENSG00000071991	0.43437090458848227	0.43437090458848227	0.43437090458848227
AZD0530	ENSG00000205221	0.43436851622359207	0.43436851622359207	0.43436851622359207
AZD0530	ENSG00000126785	0.43429472711687267	0.43429472711687267	0.43429472711687267
AZD0530	ENSG00000139330	0.4342004099880279	0.4342004099880279	0.4342004099880279
AZD0530	ENSG00000114354	0.4341753631200333	0.4341753631200333	0.4341753631200333
AZD0530	ENSG00000012048	0.434085152638861	0.434085152638861	0.434085152638861
AZD0530	ENSG00000146842	0.4340197335667451	0.4340197335667451	0.4340197335667451
AZD0530	ENSG00000110786	0.43398540074122205	0.43398540074122205	0.43398540074122205
AZD0530	ENSG00000131373	0.4339488215946172	0.4339488215946172	0.4339488215946172
AZD0530	ENSG00000120158	0.43388142971329485	0.43388142971329485	0.43388142971329485
AZD0530	ENSG00000102021	0.4338475091172778	0.4338475091172778	0.4338475091172778
AZD0530	ENSG00000216937	0.433827456336054	0.433827456336054	0.433827456336054
AZD0530	C14orf167	0.43380454963232035	0.43380454963232035	0.43380454963232035
AZD0530	ENSG00000100867	0.4337330666381126	0.4337330666381126	0.4337330666381126
AZD0530	JMJD5	0.4336364810079801	0.4336364810079801	0.4336364810079801
AZD0530	ENSG00000146729	0.4335224174697819	0.4335224174697819	0.4335224174697819
AZD0530	ENSG00000131732	0.4334848557159938	0.4334848557159938	0.4334848557159938
AZD0530	ENSG00000123636	0.4334670211571156	0.4334670211571156	0.4334670211571156
AZD0530	C17orf57	0.4333107915812234	0.4333107915812234	0.4333107915812234
AZD0530	ENSG00000116991	0.433247770247226	0.433247770247226	0.433247770247226
AZD0530	ENSG00000133878	0.43310538044520175	0.43310538044520175	0.43310538044520175
AZD0530	MCART6	0.43277912357942405	0.43277912357942405	0.43277912357942405
AZD0530	ENSG00000144406	0.4325423220273664	0.4325423220273664	0.4325423220273664
AZD0530	ENSG00000165995	0.43239395021831933	0.43239395021831933	0.43239395021831933
AZD0530	ENSG00000154493	0.4322972975962028	0.4322972975962028	0.4322972975962028
AZD0530	ENSG00000160752	0.4322216078995495	0.4322216078995495	0.4322216078995495
AZD0530	ENSG00000107937	0.4322046632306856	0.4322046632306856	0.4322046632306856
AZD0530	ENSG00000105996	0.4321436362502414	0.4321436362502414	0.4321436362502414
AZD0530	ENSG00000132436	0.43212710817103783	0.43212710817103783	0.43212710817103783
AZD0530	ENSG00000130201	0.43204541688162773	0.43204541688162773	0.43204541688162773
AZD0530	ENSG00000159593	0.43194233645601354	0.43194233645601354	0.43194233645601354
AZD0530	ENSG00000178567	0.4318505446192821	0.4318505446192821	0.4318505446192821
AZD0530	STGC3	0.43171207971324854	0.43171207971324854	0.43171207971324854
AZD0530	ENSG00000185668	0.43165267903665505	0.43165267903665505	0.43165267903665505
AZD0530	ENSG00000123243	0.4313916442138701	0.4313916442138701	0.4313916442138701
AZD0530	ENSG00000067248	0.4312928406981603	0.4312928406981603	0.4312928406981603
AZD0530	C15orf44	0.4312911776017246	0.4312911776017246	0.4312911776017246
AZD0530	ENSG00000105383	0.4311813235986717	0.4311813235986717	0.4311813235986717
AZD0530	ENSG00000158006	0.431055113463012	0.431055113463012	0.431055113463012
AZD0530	ENSG00000173110	0.43100266530835374	0.43100266530835374	0.43100266530835374
AZD0530	ENSG00000124762	0.4309472100353579	0.4309472100353579	0.4309472100353579
AZD0530	ENSG00000213626	0.43069832632051264	0.43069832632051264	0.43069832632051264
AZD0530	ENSG00000067900	0.43065150827441134	0.43065150827441134	0.43065150827441134
AZD0530	ENSG00000186806	0.4306435981894893	0.4306435981894893	0.4306435981894893
AZD0530	ENSG00000142025	0.4305867858857689	0.4305867858857689	0.4305867858857689
AZD0530	ENSG00000125388	0.43055585112199896	0.43055585112199896	0.43055585112199896
AZD0530	ENSG00000136271	0.4303320228153582	0.4303320228153582	0.4303320228153582
AZD0530	ENSG00000274454	0.43023724202016195	0.43023724202016195	0.43023724202016195
AZD0530	ENSG00000140538	0.43015414559745035	0.43015414559745035	0.43015414559745035
AZD0530	ENSG00000130513	0.43001889911788865	0.43001889911788865	0.43001889911788865
AZD0530	ENSG00000185666	0.4299643565100576	0.4299643565100576	0.4299643565100576
AZD0530	RG9MTD2	0.429840626051008	0.429840626051008	0.429840626051008
AZD0530	ENSG00000280616	0.42974700955135237	0.42974700955135237	0.42974700955135237
AZD0530	ENSG00000064201	0.42966925650647503	0.42966925650647503	0.42966925650647503
AZD0530	ENSG00000120659	0.42965749227214634	0.42965749227214634	0.42965749227214634
AZD0530	ENSG00000085511	0.4296008041705344	0.4296008041705344	0.4296008041705344
AZD0530	ENSG00000239282	0.42956356729138745	0.42956356729138745	0.42956356729138745
AZD0530	ENSG00000186472	0.42951816834032014	0.42951816834032014	0.42951816834032014
AZD0530	ENSG00000166347	0.4294594663425412	0.4294594663425412	0.4294594663425412
AZD0530	ENSG00000273559	0.42943550510352	0.42943550510352	0.42943550510352
AZD0530	ENSG00000189182	0.4293207603910851	0.4293207603910851	0.4293207603910851
AZD0530	ENSG00000101868	0.42921944567979775	0.42921944567979775	0.42921944567979775
AZD0530	ENSG00000137225	0.4292132776772559	0.4292132776772559	0.4292132776772559
AZD0530	ENSG00000171503	0.42917717720052273	0.42917717720052273	0.42917717720052273
AZD0530	ENSG00000196372	0.4291151332561037	0.4291151332561037	0.4291151332561037
AZD0530	ENSG00000183479	0.4289430522436633	0.4289430522436633	0.4289430522436633
AZD0530	ENSG00000165807	0.42892654995862106	0.42892654995862106	0.42892654995862106
AZD0530	ENSG00000158864	0.4288271905946392	0.4288271905946392	0.4288271905946392
AZD0530	ENSG00000111615	0.4287117650410221	0.4287117650410221	0.4287117650410221
AZD0530	ENSG00000125895	0.42856447269854975	0.42856447269854975	0.42856447269854975
AZD0530	ENSG00000116191	0.42817101326551626	0.42817101326551626	0.42817101326551626
AZD0530	ENSG00000162302	0.42793922510015586	0.42793922510015586	0.42793922510015586
AZD0530	ENSG00000124171	0.42792227555816875	0.42792227555816875	0.42792227555816875
AZD0530	ENSG00000099795	0.42786204154279917	0.42786204154279917	0.42786204154279917
AZD0530	ENSG00000028839	0.4276361655730448	0.4276361655730448	0.4276361655730448
AZD0530	ENSG00000123737	0.42737932395207523	0.42737932395207523	0.42737932395207523
AZD0530	CNO	0.42736042237890026	0.42736042237890026	0.42736042237890026
AZD0530	ENSG00000169180	0.42735074401923967	0.42735074401923967	0.42735074401923967
AZD0530	ENSG00000023330	0.4273318566782465	0.4273318566782465	0.4273318566782465
AZD0530	ENSG00000183087	0.42722845581405033	0.42722845581405033	0.42722845581405033
AZD0530	C3orf26	0.42661845113707764	0.42661845113707764	0.42661845113707764
AZD0530	ENSG00000211787	0.42642834439293625	0.42642834439293625	0.42642834439293625
AZD0530	ENSG00000168495	0.4260601766199177	0.4260601766199177	0.4260601766199177
AZD0530	ENSG00000168269	0.425937472785658	0.425937472785658	0.425937472785658
AZD0530	ENSG00000160282	0.4258427080714851	0.4258427080714851	0.4258427080714851
AZD0530	ENSG00000143870	0.42568379062005307	0.42568379062005307	0.42568379062005307
AZD0530	ENSG00000197343	0.42561654795140225	0.42561654795140225	0.42561654795140225
AZD0530	ENSG00000102241	0.425613379759339	0.425613379759339	0.425613379759339
AZD0530	ENSG00000158195	0.4255538618099748	0.4255538618099748	0.4255538618099748
AZD0530	ENSG00000148019	0.42548072678135773	0.42548072678135773	0.42548072678135773
AZD0530	ENSG00000176887	0.42547047898245643	0.42547047898245643	0.42547047898245643
AZD0530	ENSG00000173175	0.42538532259689965	0.42538532259689965	0.42538532259689965
AZD0530	ENSG00000171815	0.4252777066132146	0.4252777066132146	0.4252777066132146
AZD0530	ENSG00000127603	0.42522309642153516	0.42522309642153516	0.42522309642153516
AZD0530	ENSG00000102786	0.42519209604095726	0.42519209604095726	0.42519209604095726
AZD0530	ENSG00000169435	0.4251580936537321	0.4251580936537321	0.4251580936537321
AZD0530	ENSG00000172954	0.4250104787260014	0.4250104787260014	0.4250104787260014
AZD0530	ENSG00000162636	0.4249720718496511	0.4249720718496511	0.4249720718496511
AZD0530	ENSG00000186074	0.4248983931091754	0.4248983931091754	0.4248983931091754
AZD0530	ENSG00000175467	0.4248953371306657	0.4248953371306657	0.4248953371306657
AZD0530	ENSG00000088833	0.424894218739952	0.424894218739952	0.424894218739952
AZD0530	LRG_385	0.4248780397039467	0.4248780397039467	0.4248780397039467
AZD0530	SEC1	0.42483384632750476	0.42483384632750476	0.42483384632750476
AZD0530	ENSG00000141519	0.4247939508760575	0.4247939508760575	0.4247939508760575
AZD0530	LOC100505533	0.4247920318095319	0.4247920318095319	0.4247920318095319
AZD0530	ENSG00000268784	0.42479108418198297	0.42479108418198297	0.42479108418198297
AZD0530	ENSG00000168334	0.42478604448248725	0.42478604448248725	0.42478604448248725
AZD0530	ENSG00000050628	0.424656135952272	0.424656135952272	0.424656135952272
AZD0530	ENSG00000100058	0.42462841992209677	0.42462841992209677	0.42462841992209677
AZD0530	ENSG00000133884	0.4246202614988628	0.4246202614988628	0.4246202614988628
AZD0530	ENSG00000140299	0.42454386168668096	0.42454386168668096	0.42454386168668096
AZD0530	ENSG00000137601	0.42448355752773026	0.42448355752773026	0.42448355752773026
AZD0530	ENSG00000112337	0.42447268828666973	0.42447268828666973	0.42447268828666973
AZD0530	ENSG00000132326	0.42442320710369713	0.42442320710369713	0.42442320710369713
AZD0530	ENSG00000112796	0.4241397176946663	0.4241397176946663	0.4241397176946663
AZD0530	ENSG00000175728	0.424057763573058	0.424057763573058	0.424057763573058
AZD0530	ENSG00000172613	0.4240215199016608	0.4240215199016608	0.4240215199016608
AZD0530	ENSG00000128918	0.42400075112966845	0.42400075112966845	0.42400075112966845
AZD0530	ENSG00000215560	0.42391763627047563	0.42391763627047563	0.42391763627047563
AZD0530	ENSG00000143258	0.4238769556503745	0.4238769556503745	0.4238769556503745
AZD0530	ENSG00000164889	0.42385229095085064	0.42385229095085064	0.42385229095085064
AZD0530	ENSG00000101695	0.42381948776334843	0.42381948776334843	0.42381948776334843
AZD0530	ENSG00000005249	0.4237144424310322	0.4237144424310322	0.4237144424310322
AZD0530	ENSG00000159335	0.42362767700942383	0.42362767700942383	0.42362767700942383
AZD0530	ENSG00000273311	0.42361727214440065	0.42361727214440065	0.42361727214440065
AZD0530	ENSG00000168036	0.42357971859459853	0.42357971859459853	0.42357971859459853
AZD0530	ENSG00000134343	0.42339633649559183	0.42339633649559183	0.42339633649559183
AZD0530	ENSG00000106683	0.4232064602737235	0.4232064602737235	0.4232064602737235
AZD0530	ENSG00000165572	0.42320624066601154	0.42320624066601154	0.42320624066601154
AZD0530	ENSG00000066926	0.4231069563379095	0.4231069563379095	0.4231069563379095
AZD0530	ENSG00000096006	0.422929651963876	0.422929651963876	0.422929651963876
AZD0530	ENSG00000147854	0.4226891658067932	0.4226891658067932	0.4226891658067932
AZD0530	ENSG00000164756	0.42261205857343614	0.42261205857343614	0.42261205857343614
AZD0530	ENSG00000198924	0.42259564502716845	0.42259564502716845	0.42259564502716845
AZD0530	ENSG00000154227	0.4224522365519752	0.4224522365519752	0.4224522365519752
AZD0530	C19orf46	0.4224307435047594	0.4224307435047594	0.4224307435047594
AZD0530	ENSG00000125810	0.422424937055831	0.422424937055831	0.422424937055831
AZD0530	ENSG00000147576	0.4224162303807939	0.4224162303807939	0.4224162303807939
AZD0530	ENSG00000179104	0.4223312144719423	0.4223312144719423	0.4223312144719423
AZD0530	ENSG00000262473	0.42232639848249054	0.42232639848249054	0.42232639848249054
AZD0530	ENSG00000131018	0.4222545174670952	0.4222545174670952	0.4222545174670952
AZD0530	ENSG00000167965	0.42212651888812946	0.42212651888812946	0.42212651888812946
AZD0530	ENSG00000169242	0.4221161820111989	0.4221161820111989	0.4221161820111989
AZD0530	FLJ42709	0.42194153753022434	0.42194153753022434	0.42194153753022434
AZD0530	ENSG00000126091	0.42192416454226217	0.42192416454226217	0.42192416454226217
AZD0530	ENSG00000068985	0.421887602623362	0.421887602623362	0.421887602623362
AZD0530	C22orf40	0.42166551782506845	0.42166551782506845	0.42166551782506845
AZD0530	ENSG00000155660	0.421659568566364	0.421659568566364	0.421659568566364
AZD0530	ENSG00000136878	0.42165037334200883	0.42165037334200883	0.42165037334200883
AZD0530	ENSG00000273431	0.4216312079726898	0.4216312079726898	0.4216312079726898
AZD0530	ENSG00000176753	0.4216026972370083	0.4216026972370083	0.4216026972370083
AZD0530	ENSG00000166165	0.4215988234276555	0.4215988234276555	0.4215988234276555
AZD0530	ENSG00000110057	0.42156670020733805	0.42156670020733805	0.42156670020733805
AZD0530	ENSG00000137877	0.42155501579926313	0.42155501579926313	0.42155501579926313
AZD0530	ENSG00000213903	0.4213318848493907	0.4213318848493907	0.4213318848493907
AZD0530	ENSG00000276559	0.42104639448413095	0.42104639448413095	0.42104639448413095
AZD0530	ENSG00000145191	0.4210413504630798	0.4210413504630798	0.4210413504630798
AZD0530	ENSG00000094914	0.42096263786226273	0.42096263786226273	0.42096263786226273
AZD0530	ENSG00000159450	0.420943053541532	0.420943053541532	0.420943053541532
AZD0530	ENSG00000139154	0.4208881399853705	0.4208881399853705	0.4208881399853705
AZD0530	ENSG00000162928	0.4208734965512667	0.4208734965512667	0.4208734965512667
AZD0530	ENSG00000178950	0.42085078970097656	0.42085078970097656	0.42085078970097656
AZD0530	ENSG00000183323	0.4207810239806589	0.4207810239806589	0.4207810239806589
AZD0530	ENSG00000184208	0.42075421733667545	0.42075421733667545	0.42075421733667545
AZD0530	ENSG00000100583	0.4206847109833442	0.4206847109833442	0.4206847109833442
AZD0530	ENSG00000197043	0.42066830440145436	0.42066830440145436	0.42066830440145436
AZD0530	ENSG00000138785	0.4204137430362946	0.4204137430362946	0.4204137430362946
AZD0530	ENSG00000140650	0.42038988160025437	0.42038988160025437	0.42038988160025437
AZD0530	ENSG00000110436	0.4202252894531004	0.4202252894531004	0.4202252894531004
AZD0530	ENSG00000184752	0.42022499329350554	0.42022499329350554	0.42022499329350554
AZD0530	ENSG00000182742	0.4200873361904235	0.4200873361904235	0.4200873361904235
AZD0530	LOC100506860	0.4200166626229731	0.4200166626229731	0.4200166626229731
AZD0530	LOC100506161	0.41998220996251756	0.41998220996251756	0.41998220996251756
AZD0530	ENSG00000154198	0.4199378115100289	0.4199378115100289	0.4199378115100289
AZD0530	ENSG00000140157	0.4194970051823994	0.4194970051823994	0.4194970051823994
AZD0530	ENSG00000152669	0.4193091947037459	0.4193091947037459	0.4193091947037459
AZD0530	ENSG00000117862	0.4192235543349577	0.4192235543349577	0.4192235543349577
AZD0530	ENSG00000168070	0.4190279492039245	0.4190279492039245	0.4190279492039245
AZD0530	ENSG00000179420	0.41897638269613047	0.41897638269613047	0.41897638269613047
AZD0530	ENSG00000204136	0.4188814288499538	0.4188814288499538	0.4188814288499538
AZD0530	ENSG00000116133	0.41834528207010263	0.41834528207010263	0.41834528207010263
AZD0530	ENSG00000205777	0.41833136013361916	0.41833136013361916	0.41833136013361916
AZD0530	ENSG00000204160	0.4181316390703687	0.4181316390703687	0.4181316390703687
AZD0530	ENSG00000081051	0.4180972154142447	0.4180972154142447	0.4180972154142447
AZD0530	ENSG00000123684	0.417983810128289	0.417983810128289	0.417983810128289
AZD0530	ENSG00000111325	0.41795614409966964	0.41795614409966964	0.41795614409966964
AZD0530	ENSG00000135069	0.41791291076724607	0.41791291076724607	0.41791291076724607
AZD0530	ENSG00000169955	0.4178564396901613	0.4178564396901613	0.4178564396901613
AZD0530	ENSG00000113575	0.41785053209351397	0.41785053209351397	0.41785053209351397
AZD0530	ENSG00000107862	0.417820746845891	0.417820746845891	0.417820746845891
AZD0530	ENSG00000143344	0.4177843635818843	0.4177843635818843	0.4177843635818843
AZD0530	ENSG00000187987	0.4176637491433758	0.4176637491433758	0.4176637491433758
AZD0530	ENSG00000081665	0.41766019566672685	0.41766019566672685	0.41766019566672685
AZD0530	ENSG00000164086	0.417535699289339	0.417535699289339	0.417535699289339
AZD0530	LRG_278	0.41751508035741536	0.41751508035741536	0.41751508035741536
AZD0530	ENSG00000243279	0.4174616151497013	0.4174616151497013	0.4174616151497013
AZD0530	ENSG00000097007	0.4174559572837563	0.4174559572837563	0.4174559572837563
AZD0530	ENSG00000187984	0.4171317337149633	0.4171317337149633	0.4171317337149633
AZD0530	ENSG00000135914	0.4170674030167897	0.4170674030167897	0.4170674030167897
AZD0530	ENSG00000102471	0.41699069592884597	0.41699069592884597	0.41699069592884597
AZD0530	ENSG00000031003	0.4169245097116871	0.4169245097116871	0.4169245097116871
AZD0530	ENSG00000153233	0.41692440143164883	0.41692440143164883	0.41692440143164883
AZD0530	ENSG00000129810	0.41685222661867516	0.41685222661867516	0.41685222661867516
AZD0530	ENSG00000158882	0.4167938164683269	0.4167938164683269	0.4167938164683269
AZD0530	C11orf67	0.4167377035576451	0.4167377035576451	0.4167377035576451
AZD0530	ENSG00000165959	0.41662222004016203	0.41662222004016203	0.41662222004016203
AZD0530	LOC100506882	0.4166217282164809	0.4166217282164809	0.4166217282164809
AZD0530	ENSG00000184113	0.41630174346423715	0.41630174346423715	0.41630174346423715
AZD0530	ENSG00000178093	0.4162514589417819	0.4162514589417819	0.4162514589417819
AZD0530	ENSG00000137976	0.4161435607329855	0.4161435607329855	0.4161435607329855
AZD0530	ENSG00000106330	0.4158746596490652	0.4158746596490652	0.4158746596490652
AZD0530	B3GNT1	0.41586440046715534	0.41586440046715534	0.41586440046715534
AZD0530	ENSG00000197641	0.41584156212476225	0.41584156212476225	0.41584156212476225
AZD0530	ENSG00000266472	0.41577224695168924	0.41577224695168924	0.41577224695168924
AZD0530	ENSG00000137106	0.4157477216994294	0.4157477216994294	0.4157477216994294
AZD0530	ENSG00000164292	0.41546381369943314	0.41546381369943314	0.41546381369943314
AZD0530	ENSG00000188338	0.4151750639526153	0.4151750639526153	0.4151750639526153
AZD0530	ENSG00000198642	0.4150413775344457	0.4150413775344457	0.4150413775344457
AZD0530	ENSG00000188394	0.4149332973442024	0.4149332973442024	0.4149332973442024
AZD0530	LOC100505797	0.4147105638364772	0.4147105638364772	0.4147105638364772
AZD0530	ENSG00000177082	0.41469668958496453	0.41469668958496453	0.41469668958496453
AZD0530	ENSG00000134575	0.41466494075784566	0.41466494075784566	0.41466494075784566
AZD0530	ENSG00000154144	0.4146507752804122	0.4146507752804122	0.4146507752804122
AZD0530	ENSG00000143553	0.4145869089318316	0.4145869089318316	0.4145869089318316
AZD0530	ENSG00000116717	0.4145420501275134	0.4145420501275134	0.4145420501275134
AZD0530	ENSG00000153707	0.4144840454562545	0.4144840454562545	0.4144840454562545
AZD0530	ENSG00000151882	0.414456238394056	0.414456238394056	0.414456238394056
AZD0530	ENSG00000175662	0.4143995238432928	0.4143995238432928	0.4143995238432928
AZD0530	ENSG00000182348	0.41437401857123	0.41437401857123	0.41437401857123
AZD0530	ENSG00000131653	0.4142982390141613	0.4142982390141613	0.4142982390141613
AZD0530	ENSG00000275779	0.41428438154631153	0.41428438154631153	0.41428438154631153
AZD0530	ENSG00000111348	0.41407583804608944	0.41407583804608944	0.41407583804608944
AZD0530	LOC100507564	0.41389569475907834	0.41389569475907834	0.41389569475907834
AZD0530	LOC100507007	0.41387378785914486	0.41387378785914486	0.41387378785914486
AZD0530	ENSG00000151948	0.4138027776184349	0.4138027776184349	0.4138027776184349
AZD0530	ENSG00000136146	0.4137075680487372	0.4137075680487372	0.4137075680487372
AZD0530	ENSG00000196376	0.41360867178616767	0.41360867178616767	0.41360867178616767
AZD0530	LOC100505601	0.41357661276147967	0.41357661276147967	0.41357661276147967
AZD0530	ENSG00000180305	0.4135299976045096	0.4135299976045096	0.4135299976045096
AZD0530	ENSG00000185305	0.4127715860469901	0.4127715860469901	0.4127715860469901
AZD0530	ENSG00000168522	0.41275370278624784	0.41275370278624784	0.41275370278624784
AZD0530	ENSG00000121579	0.4125790760820018	0.4125790760820018	0.4125790760820018
AZD0530	ENSG00000197182	0.4125364408513827	0.4125364408513827	0.4125364408513827
AZD0530	ENSG00000171861	0.4124228570398862	0.4124228570398862	0.4124228570398862
AZD0530	ENSG00000163507	0.4124110099079051	0.4124110099079051	0.4124110099079051
AZD0530	ENSG00000110218	0.4123006183582343	0.4123006183582343	0.4123006183582343
AZD0530	ENSG00000214946	0.4122014286094035	0.4122014286094035	0.4122014286094035
AZD0530	ENSG00000149534	0.41219738378390325	0.41219738378390325	0.41219738378390325
AZD0530	ENSG00000127324	0.412192907684986	0.412192907684986	0.412192907684986
AZD0530	ENSG00000155957	0.4121467666335493	0.4121467666335493	0.4121467666335493
AZD0530	ENSG00000163218	0.41212625520707935	0.41212625520707935	0.41212625520707935
AZD0530	ENSG00000107014	0.411856126388458	0.411856126388458	0.411856126388458
AZD0530	ENSG00000178498	0.4117811277945635	0.4117811277945635	0.4117811277945635
AZD0530	ENSG00000068615	0.4117118919233466	0.4117118919233466	0.4117118919233466
AZD0530	ENSG00000184486	0.411618920182698	0.411618920182698	0.411618920182698
AZD0530	ENSG00000213246	0.4116073014845731	0.4116073014845731	0.4116073014845731
AZD0530	ENSG00000178722	0.4115970563818514	0.4115970563818514	0.4115970563818514
AZD0530	ENSG00000167775	0.4115119375249726	0.4115119375249726	0.4115119375249726
AZD0530	ENSG00000143772	0.4114823297591442	0.4114823297591442	0.4114823297591442
AZD0530	LOC100128098	0.41139642447864483	0.41139642447864483	0.41139642447864483
AZD0530	ENSG00000151715	0.41137404463430044	0.41137404463430044	0.41137404463430044
AZD0530	ENSG00000068903	0.4113633770749622	0.4113633770749622	0.4113633770749622
AZD0530	ENSG00000090316	0.4113025016824686	0.4113025016824686	0.4113025016824686
AZD0530	ENSG00000091073	0.41128523333016814	0.41128523333016814	0.41128523333016814
AZD0530	ENSG00000126767	0.4112621149150931	0.4112621149150931	0.4112621149150931
AZD0530	ENSG00000091583	0.4109646218119511	0.4109646218119511	0.4109646218119511
AZD0530	ENSG00000185278	0.4109214477363932	0.4109214477363932	0.4109214477363932
AZD0530	ENSG00000091542	0.4108703713810188	0.4108703713810188	0.4108703713810188
AZD0530	ENSG00000239887	0.4108585467238629	0.4108585467238629	0.4108585467238629
AZD0530	ENSG00000065618	0.410831741266059	0.410831741266059	0.410831741266059
AZD0530	ENSG00000072201	0.41077298607333773	0.41077298607333773	0.41077298607333773
AZD0530	ENSG00000178457	0.410724100323021	0.410724100323021	0.410724100323021
AZD0530	ENSG00000091651	0.41070521131196763	0.41070521131196763	0.41070521131196763
AZD0530	ENSG00000121653	0.41067515064987786	0.41067515064987786	0.41067515064987786
AZD0530	ENSG00000010318	0.41061488839362786	0.41061488839362786	0.41061488839362786
AZD0530	ENSG00000130165	0.41057840232475346	0.41057840232475346	0.41057840232475346
AZD0530	ENSG00000131849	0.4105421943089048	0.4105421943089048	0.4105421943089048
AZD0530	ENSG00000176087	0.41025233357893665	0.41025233357893665	0.41025233357893665
AZD0530	ENSG00000081189	0.4102363814584761	0.4102363814584761	0.4102363814584761
AZD0530	ENSG00000128309	0.41014972356449064	0.41014972356449064	0.41014972356449064
AZD0530	ENSG00000186684	0.41008104390024447	0.41008104390024447	0.41008104390024447
AZD0530	ENSG00000172350	0.41004275576268234	0.41004275576268234	0.41004275576268234
AZD0530	ENSG00000114316	0.4100349938548371	0.4100349938548371	0.4100349938548371
AZD0530	LAMB2P1	0.40998442754169834	0.40998442754169834	0.40998442754169834
AZD0530	ENSG00000167377	0.4095724765637155	0.4095724765637155	0.4095724765637155
AZD0530	ENSG00000167759	0.4095700983763693	0.4095700983763693	0.4095700983763693
AZD0530	ENSG00000197756	0.40955806611657675	0.40955806611657675	0.40955806611657675
AZD0530	ENSG00000047597	0.4095547857863122	0.4095547857863122	0.4095547857863122
AZD0530	ENSG00000205339	0.409540873695783	0.409540873695783	0.409540873695783
AZD0530	ENSG00000124469	0.4095334434410496	0.4095334434410496	0.4095334434410496
AZD0530	ENSG00000115504	0.409485403043518	0.409485403043518	0.409485403043518
AZD0530	ENSG00000146476	0.40946606758442944	0.40946606758442944	0.40946606758442944
AZD0530	LOC100507263	0.40942006151821236	0.40942006151821236	0.40942006151821236
AZD0530	ENSG00000176009	0.40940878045497564	0.40940878045497564	0.40940878045497564
AZD0530	ENSG00000184363	0.4093079950437493	0.4093079950437493	0.4093079950437493
AZD0530	LOC100506853	0.4092884846781651	0.4092884846781651	0.4092884846781651
AZD0530	DKFZp451B082	0.4092483984135808	0.4092483984135808	0.4092483984135808
AZD0530	ENSG00000170477	0.40921181349263797	0.40921181349263797	0.40921181349263797
AZD0530	ENSG00000174456	0.40918430552631097	0.40918430552631097	0.40918430552631097
AZD0530	ENSG00000178252	0.4091690102146983	0.4091690102146983	0.4091690102146983
AZD0530	ENSG00000158887	0.4091186588499088	0.4091186588499088	0.4091186588499088
AZD0530	ENSG00000081014	0.4091146439676574	0.4091146439676574	0.4091146439676574
AZD0530	ENSG00000198952	0.4090745090806944	0.4090745090806944	0.4090745090806944
AZD0530	HP07349	0.40877480476075595	0.40877480476075595	0.40877480476075595
AZD0530	ENSG00000100253	0.40875307606434413	0.40875307606434413	0.40875307606434413
AZD0530	ENSG00000104055	0.40875225720081193	0.40875225720081193	0.40875225720081193
AZD0530	ENSG00000114956	0.4087003674959197	0.4087003674959197	0.4087003674959197
AZD0530	KIAA0146	0.40867011045576856	0.40867011045576856	0.40867011045576856
AZD0530	ENSG00000135312	0.4086691308160173	0.4086691308160173	0.4086691308160173
AZD0530	ENSG00000136807	0.4085999418735495	0.4085999418735495	0.4085999418735495
AZD0530	ENSG00000255112	0.4085868721050392	0.4085868721050392	0.4085868721050392
AZD0530	ENSG00000256206	0.40858427924367563	0.40858427924367563	0.40858427924367563
AZD0530	ENSG00000111832	0.40856503361651225	0.40856503361651225	0.40856503361651225
AZD0530	ENSG00000240194	0.4085372208295252	0.4085372208295252	0.4085372208295252
AZD0530	ENSG00000172053	0.4083389102027334	0.4083389102027334	0.4083389102027334
AZD0530	ENSG00000167114	0.40827319272779994	0.40827319272779994	0.40827319272779994
AZD0530	ENSG00000124134	0.4082630811975284	0.4082630811975284	0.4082630811975284
AZD0530	ENSG00000182791	0.4082409510909541	0.4082409510909541	0.4082409510909541
AZD0530	ENSG00000165283	0.40788337063926206	0.40788337063926206	0.40788337063926206
AZD0530	ENSG00000143850	0.4078592287499163	0.4078592287499163	0.4078592287499163
AZD0530	ENSG00000171133	0.4078083134213952	0.4078083134213952	0.4078083134213952
AZD0530	ENSG00000076555	0.40769867850798325	0.40769867850798325	0.40769867850798325
AZD0530	ENSG00000197279	0.40768634557695665	0.40768634557695665	0.40768634557695665
AZD0530	PLK1S1	0.40761475418791177	0.40761475418791177	0.40761475418791177
AZD0530	ENSG00000117054	0.40750346581932345	0.40750346581932345	0.40750346581932345
AZD0530	ENSG00000126261	0.4072591517392925	0.4072591517392925	0.4072591517392925
AZD0530	ENSG00000137409	0.40717877021163246	0.40717877021163246	0.40717877021163246
AZD0530	ENSG00000151702	0.40705300798381405	0.40705300798381405	0.40705300798381405
AZD0530	ENSG00000078369	0.40694517046259926	0.40694517046259926	0.40694517046259926
AZD0530	ENSG00000090263	0.40684089549789976	0.40684089549789976	0.40684089549789976
AZD0530	ENSG00000130720	0.40683046920784743	0.40683046920784743	0.40683046920784743
AZD0530	ENSG00000204625	0.4068042182598493	0.4068042182598493	0.4068042182598493
AZD0530	ENSG00000103356	0.4067592164298727	0.4067592164298727	0.4067592164298727
AZD0530	LOC388387	0.40669391557247975	0.40669391557247975	0.40669391557247975
AZD0530	ENSG00000107371	0.40651951431725697	0.40651951431725697	0.40651951431725697
AZD0530	ENSG00000134245	0.4064295551946339	0.4064295551946339	0.4064295551946339
AZD0530	ENSG00000184209	0.4060888083364767	0.4060888083364767	0.4060888083364767
AZD0530	ENSG00000174227	0.40594834497776905	0.40594834497776905	0.40594834497776905
AZD0530	ENSG00000089685	0.4059282989202831	0.4059282989202831	0.4059282989202831
AZD0530	LOC100506844	0.40592677040352193	0.40592677040352193	0.40592677040352193
AZD0530	ENSG00000278318	0.40589476718109735	0.40589476718109735	0.40589476718109735
AZD0530	ENSG00000102890	0.4058568096770111	0.4058568096770111	0.4058568096770111
AZD0530	ENSG00000169397	0.40576164481922244	0.40576164481922244	0.40576164481922244
AZD0530	ENSG00000139722	0.4056913831831846	0.4056913831831846	0.4056913831831846
AZD0530	LRG_47	0.40556112590055593	0.40556112590055593	0.40556112590055593
AZD0530	ENSG00000183036	0.4054797974031283	0.4054797974031283	0.4054797974031283
AZD0530	ENSG00000196344	0.4052965503536076	0.4052965503536076	0.4052965503536076
AZD0530	ENSG00000116337	0.4051890296034439	0.4051890296034439	0.4051890296034439
AZD0530	ENSG00000170423	0.40518465075438503	0.40518465075438503	0.40518465075438503
AZD0530	ENSG00000077152	0.4051836557690058	0.4051836557690058	0.4051836557690058
AZD0530	ENSG00000227418	0.40504941906125935	0.40504941906125935	0.40504941906125935
AZD0530	ENSG00000177374	0.4050175833856508	0.4050175833856508	0.4050175833856508
AZD0530	ENSG00000174306	0.40490398062300437	0.40490398062300437	0.40490398062300437
AZD0530	ENSG00000151065	0.40487621756226827	0.40487621756226827	0.40487621756226827
AZD0530	ENSG00000236017	0.4047849707879612	0.4047849707879612	0.4047849707879612
AZD0530	ENSG00000077254	0.4047687373461364	0.4047687373461364	0.4047687373461364
AZD0530	ENSG00000161558	0.40465470070266896	0.40465470070266896	0.40465470070266896
AZD0530	NS3BP	0.40465023332152966	0.40465023332152966	0.40465023332152966
AZD0530	ENSG00000152749	0.40436836996578646	0.40436836996578646	0.40436836996578646
AZD0530	ENSG00000117601	0.40435192488139976	0.40435192488139976	0.40435192488139976
AZD0530	ENSG00000113643	0.404165011517767	0.404165011517767	0.404165011517767
AZD0530	ENSG00000135338	0.40413310605819075	0.40413310605819075	0.40413310605819075
AZD0530	ENSG00000186818	0.404070983253408	0.404070983253408	0.404070983253408
AZD0530	ENSG00000105605	0.4039988514051002	0.4039988514051002	0.4039988514051002
AZD0530	ENSG00000167100	0.4038101156487599	0.4038101156487599	0.4038101156487599
AZD0530	ENSG00000163958	0.4037576180658779	0.4037576180658779	0.4037576180658779
AZD0530	ENSG00000010610	0.4037519041796038	0.4037519041796038	0.4037519041796038
AZD0530	C11orf93	0.4036676342149621	0.4036676342149621	0.4036676342149621
AZD0530	ENSG00000110492	0.40364226397926617	0.40364226397926617	0.40364226397926617
AZD0530	ENSG00000186532	0.40354908296559144	0.40354908296559144	0.40354908296559144
AZD0530	ENSG00000101811	0.40345402687036513	0.40345402687036513	0.40345402687036513
AZD0530	ENSG00000213024	0.40341702192081696	0.40341702192081696	0.40341702192081696
AZD0530	ENSG00000243444	0.4032352781714087	0.4032352781714087	0.4032352781714087
AZD0530	ENSG00000047578	0.40301803005794407	0.40301803005794407	0.40301803005794407
AZD0530	LOC643650	0.4030070018259198	0.4030070018259198	0.4030070018259198
AZD0530	ENSG00000114480	0.4027214083117536	0.4027214083117536	0.4027214083117536
AZD0530	ENSG00000139370	0.4027207956819403	0.4027207956819403	0.4027207956819403
AZD0530	ENSG00000261852	0.4024569365885143	0.4024569365885143	0.4024569365885143
AZD0530	ENSG00000006015	0.4024512695367481	0.4024512695367481	0.4024512695367481
AZD0530	ENSG00000008197	0.4024207693656117	0.4024207693656117	0.4024207693656117
AZD0530	ENSG00000164117	0.40240733175492177	0.40240733175492177	0.40240733175492177
AZD0530	ENSG00000172922	0.4022731114886649	0.4022731114886649	0.4022731114886649
AZD0530	MTERF	0.40217658888904084	0.40217658888904084	0.40217658888904084
AZD0530	ENSG00000172159	0.4021163731528135	0.4021163731528135	0.4021163731528135
AZD0530	ENSG00000196950	0.40207550956424665	0.40207550956424665	0.40207550956424665
AZD0530	ENSG00000187210	0.4019466360160978	0.4019466360160978	0.4019466360160978
AZD0530	ENSG00000164251	0.4019433360151919	0.4019433360151919	0.4019433360151919
AZD0530	ENSG00000178828	0.40189739213361536	0.40189739213361536	0.40189739213361536
AZD0530	ENSG00000166111	0.4016719470799348	0.4016719470799348	0.4016719470799348
AZD0530	ENSG00000130224	0.4016111355990227	0.4016111355990227	0.4016111355990227
AZD0530	ENSG00000104760	0.40158693294945047	0.40158693294945047	0.40158693294945047
AZD0530	ENSG00000168092	0.40155566774358276	0.40155566774358276	0.40155566774358276
AZD0530	ENSG00000137713	0.40147395231024324	0.40147395231024324	0.40147395231024324
AZD0530	ENSG00000152904	0.4014423143768609	0.4014423143768609	0.4014423143768609
AZD0530	ENSG00000108344	0.40123426696028	0.40123426696028	0.40123426696028
AZD0530	LOC100507537	0.40121988884750914	0.40121988884750914	0.40121988884750914
AZD0530	ENSG00000181061	0.4010467723125666	0.4010467723125666	0.4010467723125666
AZD0530	LOC100506582	0.4006484185986508	0.4006484185986508	0.4006484185986508
AZD0530	ENSG00000186891	0.4005543073085737	0.4005543073085737	0.4005543073085737
AZD0530	ENSG00000179958	0.40047465276558875	0.40047465276558875	0.40047465276558875
AZD0530	ENSG00000123352	0.40040219250410747	0.40040219250410747	0.40040219250410747
AZD0530	ENSG00000110429	0.4004008945315608	0.4004008945315608	0.4004008945315608
AZD0530	ENSG00000177485	0.4003797239793301	0.4003797239793301	0.4003797239793301
AZD0530	ENSG00000158458	0.40030518357307304	0.40030518357307304	0.40030518357307304
AZD0530	ENSG00000050438	0.40024625638119116	0.40024625638119116	0.40024625638119116
AZD0530	ENSG00000124102	0.4001329297495277	0.4001329297495277	0.4001329297495277
AZD0530	ENSG00000135074	0.39991024228395955	0.39991024228395955	0.39991024228395955
AZD0530	ENSG00000112812	0.3998117839170759	0.3998117839170759	0.3998117839170759
AZD0530	ENSG00000150556	0.39980495011700795	0.39980495011700795	0.39980495011700795
AZD0530	ENSG00000174721	0.3997892409203286	0.3997892409203286	0.3997892409203286
AZD0530	LOC100499177	0.3997470099091795	0.3997470099091795	0.3997470099091795
AZD0530	ENSG00000164068	0.39971372842138636	0.39971372842138636	0.39971372842138636
AZD0530	ENSG00000124120	0.39959090749607906	0.39959090749607906	0.39959090749607906
AZD0530	ENSG00000205758	0.3994392386637223	0.3994392386637223	0.3994392386637223
AZD0530	ENSG00000100504	0.39943049896861915	0.39943049896861915	0.39943049896861915
AZD0530	ENSG00000141433	0.39941662420072727	0.39941662420072727	0.39941662420072727
AZD0530	ENSG00000184374	0.3994081959700911	0.3994081959700911	0.3994081959700911
AZD0530	ENSG00000127588	0.399276539283032	0.399276539283032	0.399276539283032
AZD0530	ENSG00000179934	0.3992328030198716	0.3992328030198716	0.3992328030198716
AZD0530	ENSG00000161204	0.3988832749257197	0.3988832749257197	0.3988832749257197
AZD0530	ENSG00000140835	0.3986692518495207	0.3986692518495207	0.3986692518495207
AZD0530	ENSG00000076201	0.398640650547942	0.398640650547942	0.398640650547942
AZD0530	ENSG00000070404	0.3986197870604336	0.3986197870604336	0.3986197870604336
AZD0530	ENSG00000125975	0.39855028246145296	0.39855028246145296	0.39855028246145296
AZD0530	ENSG00000125968	0.3982993357386857	0.3982993357386857	0.3982993357386857
AZD0530	ENSG00000154914	0.3981833852227749	0.3981833852227749	0.3981833852227749
AZD0530	ENSG00000134775	0.398159990489732	0.398159990489732	0.398159990489732
AZD0530	ENSG00000113273	0.3981373516854794	0.3981373516854794	0.3981373516854794
AZD0530	ENSG00000059915	0.3980704503943792	0.3980704503943792	0.3980704503943792
AZD0530	ENSG00000198814	0.397782217884413	0.397782217884413	0.397782217884413
AZD0530	LOC340544	0.397697441928414	0.397697441928414	0.397697441928414
AZD0530	ENSG00000119321	0.39768322459910865	0.39768322459910865	0.39768322459910865
AZD0530	ENSG00000099998	0.39757347679113314	0.39757347679113314	0.39757347679113314
AZD0530	LOC100130100	0.3973148338572169	0.3973148338572169	0.3973148338572169
AZD0530	LRG_290	0.39717638187973264	0.39717638187973264	0.39717638187973264
AZD0530	C20orf20	0.396947282474144	0.396947282474144	0.396947282474144
AZD0530	ENSG00000166670	0.39670312381617406	0.39670312381617406	0.39670312381617406
AZD0530	ENSG00000114248	0.3966958435516126	0.3966958435516126	0.3966958435516126
AZD0530	ENSG00000118292	0.39668361210759234	0.39668361210759234	0.39668361210759234
AZD0530	ENSG00000178718	0.3965614954991945	0.3965614954991945	0.3965614954991945
AZD0530	ENSG00000165457	0.39649472167993277	0.39649472167993277	0.39649472167993277
AZD0530	ENSG00000153317	0.3964638399436055	0.3964638399436055	0.3964638399436055
AZD0530	ENSG00000105429	0.39645312039164676	0.39645312039164676	0.39645312039164676
AZD0530	ENSG00000270806	0.39641878484654497	0.39641878484654497	0.39641878484654497
AZD0530	ENSG00000107282	0.39639165696335754	0.39639165696335754	0.39639165696335754
AZD0530	ENSG00000075223	0.3961909735596576	0.3961909735596576	0.3961909735596576
AZD0530	ENSG00000225383	0.3961488972947832	0.3961488972947832	0.3961488972947832
AZD0530	ENSG00000167699	0.3961477497485972	0.3961477497485972	0.3961477497485972
AZD0530	ENSG00000166086	0.39610695542604635	0.39610695542604635	0.39610695542604635
AZD0530	STBD1	0.3960278251504567	0.3960278251504567	0.3960278251504567
AZD0530	ENSG00000099937	0.3959850084539876	0.3959850084539876	0.3959850084539876
AZD0530	ENSG00000185624	0.39597810691476926	0.39597810691476926	0.39597810691476926
AZD0530	ENSG00000103042	0.39587995246495855	0.39587995246495855	0.39587995246495855
AZD0530	ENSG00000167476	0.39580630169903397	0.39580630169903397	0.39580630169903397
AZD0530	ENSG00000166452	0.395723218055615	0.395723218055615	0.395723218055615
AZD0530	ENSG00000182263	0.3957025331471261	0.3957025331471261	0.3957025331471261
AZD0530	ENSG00000166484	0.3954313066926485	0.3954313066926485	0.3954313066926485
AZD0530	ENSG00000183831	0.39540403707603305	0.39540403707603305	0.39540403707603305
AZD0530	ENSG00000124253	0.39539404414146767	0.39539404414146767	0.39539404414146767
AZD0530	ENSG00000040633	0.3952440975233641	0.3952440975233641	0.3952440975233641
AZD0530	ENSG00000206120	0.39511748705892236	0.39511748705892236	0.39511748705892236
AZD0530	ENSG00000135605	0.39508342457681944	0.39508342457681944	0.39508342457681944
AZD0530	ENSG00000079785	0.39506014099100223	0.39506014099100223	0.39506014099100223
AZD0530	ENSG00000152492	0.3950600978017568	0.3950600978017568	0.3950600978017568
AZD0530	ENSG00000198001	0.395006011117787	0.395006011117787	0.395006011117787
AZD0530	ENSG00000137968	0.394895462194351	0.394895462194351	0.394895462194351
AZD0530	ENSG00000137628	0.39486710348836435	0.39486710348836435	0.39486710348836435
AZD0530	ENSG00000139364	0.39485951853448503	0.39485951853448503	0.39485951853448503
AZD0530	ENSG00000124882	0.39485778770177127	0.39485778770177127	0.39485778770177127
AZD0530	ENSG00000121807	0.39477734150390936	0.39477734150390936	0.39477734150390936
AZD0530	ENSG00000177542	0.39466421740291363	0.39466421740291363	0.39466421740291363
AZD0530	ENSG00000137802	0.3946245754368419	0.3946245754368419	0.3946245754368419
AZD0530	ENSG00000203857	0.39447878216593363	0.39447878216593363	0.39447878216593363
AZD0530	LOC100506392	0.3944138586008194	0.3944138586008194	0.3944138586008194
AZD0530	ENSG00000125207	0.39440989879005933	0.39440989879005933	0.39440989879005933
AZD0530	ENSG00000167088	0.39438711511134655	0.39438711511134655	0.39438711511134655
AZD0530	ENSG00000173702	0.3943855715252796	0.3943855715252796	0.3943855715252796
AZD0530	ENSG00000128714	0.394085821697233	0.394085821697233	0.394085821697233
AZD0530	ENSG00000253729	0.39406240092823797	0.39406240092823797	0.39406240092823797
AZD0530	ENSG00000137267	0.3940082182503646	0.3940082182503646	0.3940082182503646
AZD0530	LRG_73	0.3939137897845246	0.3939137897845246	0.3939137897845246
AZD0530	ENSG00000040341	0.3938409737887514	0.3938409737887514	0.3938409737887514
AZD0530	LOC285000	0.39383772154303714	0.39383772154303714	0.39383772154303714
AZD0530	ENSG00000120137	0.39382122400196906	0.39382122400196906	0.39382122400196906
AZD0530	ENSG00000116819	0.3938175558645641	0.3938175558645641	0.3938175558645641
AZD0530	LOC100652838	0.3937496980334791	0.3937496980334791	0.3937496980334791
AZD0530	ENSG00000133142	0.3937425650065814	0.3937425650065814	0.3937425650065814
AZD0530	ENSG00000138688	0.3936874770446991	0.3936874770446991	0.3936874770446991
AZD0530	ENSG00000157315	0.39352976482919316	0.39352976482919316	0.39352976482919316
AZD0530	ENSG00000198570	0.3935091506351392	0.3935091506351392	0.3935091506351392
AZD0530	ENSG00000183434	0.39349870806673465	0.39349870806673465	0.39349870806673465
AZD0530	ENSG00000128908	0.3934361654064195	0.3934361654064195	0.3934361654064195
AZD0530	C1orf200	0.3934335654710982	0.3934335654710982	0.3934335654710982
AZD0530	ENSG00000123171	0.3933530505115358	0.3933530505115358	0.3933530505115358
AZD0530	ENSG00000125798	0.393343807687742	0.393343807687742	0.393343807687742
AZD0530	ENSG00000167566	0.39303511844384365	0.39303511844384365	0.39303511844384365
AZD0530	LOC100507378	0.39293596986327045	0.39293596986327045	0.39293596986327045
AZD0530	ENSG00000130635	0.3927747233002548	0.3927747233002548	0.3927747233002548
AZD0530	ENSG00000155761	0.3927672256789199	0.3927672256789199	0.3927672256789199
AZD0530	ENSG00000115234	0.39274336421925105	0.39274336421925105	0.39274336421925105
AZD0530	C10orf81	0.39271359975288433	0.39271359975288433	0.39271359975288433
AZD0530	ENSG00000196152	0.3926583622532508	0.3926583622532508	0.3926583622532508
AZD0530	ENSG00000164588	0.39249934245532453	0.39249934245532453	0.39249934245532453
AZD0530	ENSG00000083123	0.39248267160017075	0.39248267160017075	0.39248267160017075
AZD0530	ENSG00000142552	0.39222831510714457	0.39222831510714457	0.39222831510714457
AZD0530	ENSG00000100228	0.3922081919622325	0.3922081919622325	0.3922081919622325
AZD0530	LOC284661	0.3921127880803798	0.3921127880803798	0.3921127880803798
AZD0530	ENSG00000100116	0.39205735129572583	0.39205735129572583	0.39205735129572583
AZD0530	ENSG00000164114	0.392029506493799	0.392029506493799	0.392029506493799
AZD0530	ENSG00000198185	0.39197552020024296	0.39197552020024296	0.39197552020024296
AZD0530	ENSG00000198961	0.3918907917373075	0.3918907917373075	0.3918907917373075
AZD0530	ENSG00000197272	0.3918448596600588	0.3918448596600588	0.3918448596600588
AZD0530	ENSG00000120057	0.39178984066215194	0.39178984066215194	0.39178984066215194
AZD0530	ENSG00000162129	0.3916534828545975	0.3916534828545975	0.3916534828545975
AZD0530	ENSG00000128965	0.39149766504829187	0.39149766504829187	0.39149766504829187
AZD0530	C20orf132	0.39143322084395427	0.39143322084395427	0.39143322084395427
AZD0530	ENSG00000140575	0.3913431110813041	0.3913431110813041	0.3913431110813041
AZD0530	ENSG00000162664	0.3912551148670816	0.3912551148670816	0.3912551148670816
AZD0530	ENSG00000205268	0.39123970251829904	0.39123970251829904	0.39123970251829904
AZD0530	LOC100505735	0.3912011254152085	0.3912011254152085	0.3912011254152085
AZD0530	ENSG00000170917	0.39113184502619197	0.39113184502619197	0.39113184502619197
AZD0530	ENSG00000132600	0.39102560989508106	0.39102560989508106	0.39102560989508106
AZD0530	KIAA0090	0.3910173363557097	0.3910173363557097	0.3910173363557097
AZD0530	ENSG00000119950	0.3910064984502952	0.3910064984502952	0.3910064984502952
AZD0530	ENSG00000076382	0.39092644707189095	0.39092644707189095	0.39092644707189095
AZD0530	ENSG00000163956	0.39085304112528296	0.39085304112528296	0.39085304112528296
AZD0530	LOC100131096	0.3905013639614956	0.3905013639614956	0.3905013639614956
AZD0530	LOC100507390	0.3904761986497879	0.3904761986497879	0.3904761986497879
AZD0530	ENSG00000126432	0.3904580025420235	0.3904580025420235	0.3904580025420235
AZD0530	ENSG00000277154	0.39038176586542495	0.39038176586542495	0.39038176586542495
AZD0530	ENSG00000175556	0.3903413351829996	0.3903413351829996	0.3903413351829996
AZD0530	ENSG00000111186	0.39031292168841647	0.39031292168841647	0.39031292168841647
AZD0530	ENSG00000123453	0.3902751356084059	0.3902751356084059	0.3902751356084059
AZD0530	ENSG00000006025	0.39026497019007655	0.39026497019007655	0.39026497019007655
AZD0530	ENSG00000135045	0.3902308264438141	0.3902308264438141	0.3902308264438141
AZD0530	ENSG00000007944	0.3901359998222341	0.3901359998222341	0.3901359998222341
AZD0530	ENSG00000185837	0.38997424810449216	0.38997424810449216	0.38997424810449216
AZD0530	ENSG00000110852	0.3899271842920363	0.3899271842920363	0.3899271842920363
AZD0530	ENSG00000118965	0.38973836011607554	0.38973836011607554	0.38973836011607554
AZD0530	ENSG00000117480	0.3896315227065427	0.3896315227065427	0.3896315227065427
AZD0530	ENSG00000100629	0.38959976960460835	0.38959976960460835	0.38959976960460835
AZD0530	ENSG00000180346	0.389592277573548	0.389592277573548	0.389592277573548
AZD0530	ENSG00000213445	0.38958781851356383	0.38958781851356383	0.38958781851356383
AZD0530	ENSG00000081842	0.3895080283068389	0.3895080283068389	0.3895080283068389
AZD0530	LOC100507008	0.38946596877084233	0.38946596877084233	0.38946596877084233
AZD0530	LOC100652798	0.38945058765489377	0.38945058765489377	0.38945058765489377
AZD0530	ENSG00000167720	0.3894242369468154	0.3894242369468154	0.3894242369468154
AZD0530	ENSG00000233016	0.389379537504183	0.389379537504183	0.389379537504183
AZD0530	ENSG00000100344	0.389371136879901	0.389371136879901	0.389371136879901
AZD0530	ENSG00000203666	0.38922843595891254	0.38922843595891254	0.38922843595891254
AZD0530	ENSG00000167261	0.38904714752957087	0.38904714752957087	0.38904714752957087
AZD0530	ENSG00000214189	0.3889962279882505	0.3889962279882505	0.3889962279882505
AZD0530	ENSG00000141736	0.38873256036867787	0.38873256036867787	0.38873256036867787
AZD0530	ENSG00000179431	0.3886171598871441	0.3886171598871441	0.3886171598871441
AZD0530	ENSG00000157600	0.3885202251878577	0.3885202251878577	0.3885202251878577
AZD0530	ENSG00000175832	0.38843760527306775	0.38843760527306775	0.38843760527306775
AZD0530	ENSG00000117533	0.38840520860199645	0.38840520860199645	0.38840520860199645
AZD0530	ENSG00000111206	0.3882691359636902	0.3882691359636902	0.3882691359636902
AZD0530	ENSG00000111300	0.3880565387838186	0.3880565387838186	0.3880565387838186
AZD0530	ENSG00000133466	0.38800869868309174	0.38800869868309174	0.38800869868309174
AZD0530	C14orf49	0.3879772927749186	0.3879772927749186	0.3879772927749186
AZD0530	ENSG00000164128	0.38788540002234484	0.38788540002234484	0.38788540002234484
AZD0530	ENSG00000161618	0.38788010230665115	0.38788010230665115	0.38788010230665115
AZD0530	ENSG00000162385	0.38780804559371534	0.38780804559371534	0.38780804559371534
AZD0530	ENSG00000204628	0.3877340858897491	0.3877340858897491	0.3877340858897491
AZD0530	ENSG00000179676	0.3874824810699758	0.3874824810699758	0.3874824810699758
AZD0530	ENSG00000185950	0.38732435427940176	0.38732435427940176	0.38732435427940176
AZD0530	ENSG00000118276	0.3872445521514759	0.3872445521514759	0.3872445521514759
AZD0530	LOC100129195	0.38708545619921897	0.38708545619921897	0.38708545619921897
AZD0530	C16orf48	0.38692891906392274	0.38692891906392274	0.38692891906392274
AZD0530	ENSG00000114127	0.38682693885144737	0.38682693885144737	0.38682693885144737
AZD0530	ENSG00000116962	0.3867388652846141	0.3867388652846141	0.3867388652846141
AZD0530	C7orf13	0.38669832574587193	0.38669832574587193	0.38669832574587193
AZD0530	ENSG00000155380	0.38660648029198585	0.38660648029198585	0.38660648029198585
AZD0530	ENSG00000170684	0.3865683628261732	0.3865683628261732	0.3865683628261732
AZD0530	LOC100128881	0.38650141220706324	0.38650141220706324	0.38650141220706324
AZD0530	ENSG00000101152	0.38648928620497286	0.38648928620497286	0.38648928620497286
AZD0530	ENSG00000075035	0.3864659848682604	0.3864659848682604	0.3864659848682604
AZD0530	MS4A8B	0.38635722983021686	0.38635722983021686	0.38635722983021686
AZD0530	ENSG00000165905	0.3863262971422031	0.3863262971422031	0.3863262971422031
AZD0530	ENSG00000145920	0.38625431574593566	0.38625431574593566	0.38625431574593566
AZD0530	ENSG00000170037	0.38616860581257684	0.38616860581257684	0.38616860581257684
AZD0530	ENSG00000135622	0.386156489583792	0.386156489583792	0.386156489583792
AZD0530	COBRA1	0.38612657509590925	0.38612657509590925	0.38612657509590925
AZD0530	ENSG00000083223	0.38602740715479295	0.38602740715479295	0.38602740715479295
AZD0530	ENSG00000143543	0.3860016627579747	0.3860016627579747	0.3860016627579747
AZD0530	ENSG00000160870	0.3857040168544017	0.3857040168544017	0.3857040168544017
AZD0530	ENSG00000103707	0.3857011605995904	0.3857011605995904	0.3857011605995904
AZD0530	ENSG00000278550	0.38568037513207	0.38568037513207	0.38568037513207
AZD0530	ENSG00000236094	0.3856685783386567	0.3856685783386567	0.3856685783386567
AZD0530	ENSG00000197965	0.3856041469106508	0.3856041469106508	0.3856041469106508
AZD0530	ENSG00000173950	0.3855650733975514	0.3855650733975514	0.3855650733975514
AZD0530	ENSG00000011465	0.38543858039036843	0.38543858039036843	0.38543858039036843
AZD0530	ENSG00000135443	0.3853981358763431	0.3853981358763431	0.3853981358763431
AZD0530	ENSG00000236463	0.3853791628721841	0.3853791628721841	0.3853791628721841
AZD0530	ENSG00000144724	0.38535388870322096	0.38535388870322096	0.38535388870322096
AZD0530	ENSG00000144893	0.3853234093830499	0.3853234093830499	0.3853234093830499
AZD0530	ENSG00000115694	0.38529465359383736	0.38529465359383736	0.38529465359383736
AZD0530	FLJ38379	0.3852502019806769	0.3852502019806769	0.3852502019806769
AZD0530	ENSG00000154710	0.38523717536015006	0.38523717536015006	0.38523717536015006
AZD0530	ENSG00000275744	0.3852327072434917	0.3852327072434917	0.3852327072434917
AZD0530	ENSG00000140379	0.3851906772331218	0.3851906772331218	0.3851906772331218
AZD0530	ENSG00000166478	0.38510486823045365	0.38510486823045365	0.38510486823045365
AZD0530	ENSG00000164244	0.3850244652828081	0.3850244652828081	0.3850244652828081
AZD0530	ENSG00000074755	0.3848827415339351	0.3848827415339351	0.3848827415339351
AZD0530	ENSG00000130957	0.38473412395139184	0.38473412395139184	0.38473412395139184
AZD0530	ENSG00000007237	0.384671479126339	0.384671479126339	0.384671479126339
AZD0530	ENSG00000165841	0.38440207175921126	0.38440207175921126	0.38440207175921126
AZD0530	ENSG00000113356	0.38438696302503234	0.38438696302503234	0.38438696302503234
AZD0530	ENSG00000159556	0.38438321374978274	0.38438321374978274	0.38438321374978274
AZD0530	ENSG00000254622	0.3842765594568617	0.3842765594568617	0.3842765594568617
AZD0530	ENSG00000025423	0.3841980976723802	0.3841980976723802	0.3841980976723802
AZD0530	LOC100288198	0.38379639402462584	0.38379639402462584	0.38379639402462584
AZD0530	ENSG00000256771	0.38378055064202343	0.38378055064202343	0.38378055064202343
AZD0530	ENSG00000104112	0.3837471778780863	0.3837471778780863	0.3837471778780863
AZD0530	ENSG00000218305	0.38362456789762506	0.38362456789762506	0.38362456789762506
AZD0530	LOC100507283	0.3834835597155806	0.3834835597155806	0.3834835597155806
AZD0530	LOC100505487	0.38347128061223756	0.38347128061223756	0.38347128061223756
AZD0530	ENSG00000153012	0.38341929750588777	0.38341929750588777	0.38341929750588777
AZD0530	ENSG00000173825	0.38337778338125367	0.38337778338125367	0.38337778338125367
AZD0530	A2LD1	0.38331466345546267	0.38331466345546267	0.38331466345546267
AZD0530	ENSG00000130244	0.38331148906238394	0.38331148906238394	0.38331148906238394
AZD0530	ENSG00000196482	0.3832642351466205	0.3832642351466205	0.3832642351466205
AZD0530	ENSG00000142684	0.3832147677641217	0.3832147677641217	0.3832147677641217
AZD0530	ENSG00000101220	0.3830320946718759	0.3830320946718759	0.3830320946718759
AZD0530	ENSG00000169504	0.38295701763650436	0.38295701763650436	0.38295701763650436
AZD0530	ENSG00000116473	0.3829348290328201	0.3829348290328201	0.3829348290328201
AZD0530	ENSG00000142687	0.38285753240749937	0.38285753240749937	0.38285753240749937
AZD0530	ENSG00000173933	0.38274617590763005	0.38274617590763005	0.38274617590763005
AZD0530	ENSG00000177981	0.38269518856479867	0.38269518856479867	0.38269518856479867
AZD0530	LOC100505942	0.3826053929133136	0.3826053929133136	0.3826053929133136
AZD0530	LOC400236	0.3824770880860482	0.3824770880860482	0.3824770880860482
AZD0530	ENSG00000104904	0.38245240898232763	0.38245240898232763	0.38245240898232763
AZD0530	ENSG00000197070	0.3824334766203662	0.3824334766203662	0.3824334766203662
AZD0530	ENSG00000186862	0.3824242721203875	0.3824242721203875	0.3824242721203875
AZD0530	ENSG00000163449	0.3824061284115336	0.3824061284115336	0.3824061284115336
AZD0530	ENSG00000119681	0.3823859058024681	0.3823859058024681	0.3823859058024681
AZD0530	ENSG00000130159	0.38236224251071216	0.38236224251071216	0.38236224251071216
AZD0530	ENSG00000179476	0.382262469815436	0.382262469815436	0.382262469815436
AZD0530	ENSG00000239697	0.382244354558897	0.382244354558897	0.382244354558897
AZD0530	ENSG00000125356	0.3821501961011082	0.3821501961011082	0.3821501961011082
AZD0530	ENSG00000056736	0.38201623923268024	0.38201623923268024	0.38201623923268024
AZD0530	ENSG00000205060	0.3820101090892338	0.3820101090892338	0.3820101090892338
AZD0530	ENSG00000181029	0.38185063544002495	0.38185063544002495	0.38185063544002495
AZD0530	ENSG00000274575	0.3812448719587674	0.3812448719587674	0.3812448719587674
AZD0530	LOC93432	0.38111881474641723	0.38111881474641723	0.38111881474641723
AZD0530	ENSG00000196363	0.3810750863350634	0.3810750863350634	0.3810750863350634
AZD0530	ENSG00000229474	0.3810274598066887	0.3810274598066887	0.3810274598066887
AZD0530	ENSG00000036828	0.3809916769287493	0.3809916769287493	0.3809916769287493
AZD0530	ENSG00000169641	0.3807671338770255	0.3807671338770255	0.3807671338770255
AZD0530	ENSG00000144161	0.38075090459985045	0.38075090459985045	0.38075090459985045
AZD0530	ENSG00000111331	0.38069088138908624	0.38069088138908624	0.38069088138908624
AZD0530	ENSG00000085382	0.380656533280833	0.380656533280833	0.380656533280833
AZD0530	ENSG00000142405	0.38061017526611246	0.38061017526611246	0.38061017526611246
AZD0530	ENSG00000241935	0.3805283451546177	0.3805283451546177	0.3805283451546177
AZD0530	ENSG00000174738	0.38051692008362786	0.38051692008362786	0.38051692008362786
AZD0530	ENSG00000181773	0.380467378418251	0.380467378418251	0.380467378418251
AZD0530	ENSG00000152611	0.3803123839885005	0.3803123839885005	0.3803123839885005
AZD0530	ENSG00000103534	0.3802987257409555	0.3802987257409555	0.3802987257409555
AZD0530	ENSG00000277363	0.3800079462320468	0.3800079462320468	0.3800079462320468
AZD0530	ENSG00000110911	0.37992897940784537	0.37992897940784537	0.37992897940784537
AZD0530	LOC100132356	0.3799243476649322	0.3799243476649322	0.3799243476649322
AZD0530	ENSG00000151657	0.3798327759803445	0.3798327759803445	0.3798327759803445
AZD0530	ENSG00000119138	0.37982226465262386	0.37982226465262386	0.37982226465262386
AZD0530	ENSG00000173258	0.3796602371041451	0.3796602371041451	0.3796602371041451
AZD0530	ENSG00000181222	0.3796502166524232	0.3796502166524232	0.3796502166524232
AZD0530	LOC100506831	0.37960079840078353	0.37960079840078353	0.37960079840078353
AZD0530	ENSG00000262785	0.3795779582397776	0.3795779582397776	0.3795779582397776
AZD0530	ENSG00000006715	0.37951228657552705	0.37951228657552705	0.37951228657552705
AZD0530	ENSG00000185689	0.37931961389936686	0.37931961389936686	0.37931961389936686
AZD0530	ENSG00000225174	0.3790276756950302	0.3790276756950302	0.3790276756950302
AZD0530	ENSG00000105364	0.3789249583898346	0.3789249583898346	0.3789249583898346
AZD0530	ENSG00000102100	0.37891782405041025	0.37891782405041025	0.37891782405041025
AZD0530	ENSG00000164611	0.37888306714596165	0.37888306714596165	0.37888306714596165
AZD0530	LOC574538	0.3788050017377161	0.3788050017377161	0.3788050017377161
AZD0530	FAM5C	0.37861336086762976	0.37861336086762976	0.37861336086762976
AZD0530	ENSG00000187922	0.3785272910524933	0.3785272910524933	0.3785272910524933
AZD0530	ENSG00000254858	0.37848356646367715	0.37848356646367715	0.37848356646367715
AZD0530	LOC100506245	0.37848223910131346	0.37848223910131346	0.37848223910131346
AZD0530	ENSG00000170832	0.37839668812768057	0.37839668812768057	0.37839668812768057
AZD0530	ENSG00000085741	0.37832863558723495	0.37832863558723495	0.37832863558723495
AZD0530	ENSG00000009307	0.37808659844893067	0.37808659844893067	0.37808659844893067
AZD0530	ENSG00000178202	0.3780284720246266	0.3780284720246266	0.3780284720246266
AZD0530	ENSG00000161544	0.37794141654680247	0.37794141654680247	0.37794141654680247
AZD0530	ENSG00000184831	0.37780674172827555	0.37780674172827555	0.37780674172827555
AZD0530	ENSG00000120949	0.377800108577785	0.377800108577785	0.377800108577785
AZD0530	ENSG00000142669	0.37779535101043576	0.37779535101043576	0.37779535101043576
AZD0530	LRG_432	0.37764373233750914	0.37764373233750914	0.37764373233750914
AZD0530	LOC100506272	0.3775766969652071	0.3775766969652071	0.3775766969652071
AZD0530	ENSG00000223773	0.3775496044330849	0.3775496044330849	0.3775496044330849
AZD0530	ENSG00000080345	0.3775288875901085	0.3775288875901085	0.3775288875901085
AZD0530	CCDC99	0.3774469605474685	0.3774469605474685	0.3774469605474685
AZD0530	ENSG00000170006	0.3772354438882324	0.3772354438882324	0.3772354438882324
AZD0530	ENSG00000134812	0.37721842819014445	0.37721842819014445	0.37721842819014445
AZD0530	ENSG00000189241	0.37721765353975195	0.37721765353975195	0.37721765353975195
AZD0530	ENSG00000154438	0.3770734485107851	0.3770734485107851	0.3770734485107851
AZD0530	ENSG00000160058	0.3770493485344261	0.3770493485344261	0.3770493485344261
AZD0530	ENSG00000115946	0.376800521872286	0.376800521872286	0.376800521872286
AZD0530	ENSG00000173157	0.3767663935856902	0.3767663935856902	0.3767663935856902
AZD0530	ENSG00000110047	0.37650789826526193	0.37650789826526193	0.37650789826526193
AZD0530	ENSG00000259384	0.3764870387293273	0.3764870387293273	0.3764870387293273
AZD0530	ENSG00000188917	0.376454722054103	0.376454722054103	0.376454722054103
AZD0530	ENSG00000231624	0.3764174805053873	0.3764174805053873	0.3764174805053873
AZD0530	ENSG00000188000	0.37636365887393164	0.37636365887393164	0.37636365887393164
AZD0530	ENSG00000179059	0.376334408284232	0.376334408284232	0.376334408284232
AZD0530	ENSG00000014257	0.37627305354384155	0.37627305354384155	0.37627305354384155
AZD0530	ENSG00000143845	0.37626731445338657	0.37626731445338657	0.37626731445338657
AZD0530	ENSG00000165688	0.3762299760936626	0.3762299760936626	0.3762299760936626
AZD0530	ENSG00000011376	0.37610495057229315	0.37610495057229315	0.37610495057229315
AZD0530	ENSG00000138617	0.37609424977995115	0.37609424977995115	0.37609424977995115
AZD0530	ENSG00000084070	0.3760787154283001	0.3760787154283001	0.3760787154283001
AZD0530	ENSG00000143319	0.37606195430027517	0.37606195430027517	0.37606195430027517
AZD0530	ENSG00000135436	0.3758804981293163	0.3758804981293163	0.3758804981293163
AZD0530	ENSG00000102547	0.37581207374691306	0.37581207374691306	0.37581207374691306
AZD0530	ENSG00000125304	0.375747611285178	0.375747611285178	0.375747611285178
AZD0530	ENSG00000170802	0.3755742056058948	0.3755742056058948	0.3755742056058948
AZD0530	ENSG00000116957	0.37556492633028	0.37556492633028	0.37556492633028
AZD0530	ENSG00000134640	0.37555419036700266	0.37555419036700266	0.37555419036700266
AZD0530	ENSG00000168758	0.3755509607904422	0.3755509607904422	0.3755509607904422
AZD0530	ENSG00000127870	0.37535564571238933	0.37535564571238933	0.37535564571238933
AZD0530	ENSG00000104327	0.37535109252073834	0.37535109252073834	0.37535109252073834
AZD0530	ENSG00000162779	0.37527115609175926	0.37527115609175926	0.37527115609175926
AZD0530	ASAP1-IT1	0.3752090932193647	0.3752090932193647	0.3752090932193647
AZD0530	ENSG00000132640	0.3751862857689797	0.3751862857689797	0.3751862857689797
AZD0530	C5orf20	0.37515126463191073	0.37515126463191073	0.37515126463191073
AZD0530	ENSG00000146411	0.37511576143906583	0.37511576143906583	0.37511576143906583
AZD0530	ENSG00000088682	0.37506585608125914	0.37506585608125914	0.37506585608125914
AZD0530	ENSG00000125877	0.3749960136369783	0.3749960136369783	0.3749960136369783
AZD0530	ENSG00000149418	0.37493213466963277	0.37493213466963277	0.37493213466963277
AZD0530	ENSG00000179270	0.3748179516418423	0.3748179516418423	0.3748179516418423
AZD0530	ENSG00000130349	0.374803269739903	0.374803269739903	0.374803269739903
AZD0530	ENSG00000234883	0.37465980379718217	0.37465980379718217	0.37465980379718217
AZD0530	ENSG00000168077	0.37446244734200984	0.37446244734200984	0.37446244734200984
AZD0530	ENSG00000154640	0.3744336164107482	0.3744336164107482	0.3744336164107482
AZD0530	ENSG00000235194	0.3743333599188081	0.3743333599188081	0.3743333599188081
AZD0530	ENSG00000116874	0.37413199786665946	0.37413199786665946	0.37413199786665946
AZD0530	ENSG00000274089	0.37409702049823984	0.37409702049823984	0.37409702049823984
AZD0530	ENSG00000205356	0.3740466744519658	0.3740466744519658	0.3740466744519658
AZD0530	LOC145474	0.3738612872664497	0.3738612872664497	0.3738612872664497
AZD0530	LOC100652768	0.3738157047349881	0.3738157047349881	0.3738157047349881
AZD0530	ENSG00000157445	0.3738026787362598	0.3738026787362598	0.3738026787362598
AZD0530	ENSG00000108784	0.3737688771826416	0.3737688771826416	0.3737688771826416
AZD0530	ENSG00000156886	0.3735665979953696	0.3735665979953696	0.3735665979953696
AZD0530	ENSG00000182544	0.37348263180172103	0.37348263180172103	0.37348263180172103
AZD0530	ENSG00000162227	0.37344481700040894	0.37344481700040894	0.37344481700040894
AZD0530	ENSG00000067992	0.37342499778351873	0.37342499778351873	0.37342499778351873
AZD0530	ENSG00000131023	0.37341475803739743	0.37341475803739743	0.37341475803739743
AZD0530	ENSG00000162461	0.37339128504707303	0.37339128504707303	0.37339128504707303
AZD0530	ENSG00000163870	0.3733795539995446	0.3733795539995446	0.3733795539995446
AZD0530	ENSG00000163395	0.3732377960352756	0.3732377960352756	0.3732377960352756
AZD0530	ENSG00000122515	0.3732112016371626	0.3732112016371626	0.3732112016371626
AZD0530	ENSG00000178665	0.3731890401642622	0.3731890401642622	0.3731890401642622
AZD0530	ENSG00000165060	0.3731628794482249	0.3731628794482249	0.3731628794482249
AZD0530	ENSG00000169087	0.37310596318163475	0.37310596318163475	0.37310596318163475
AZD0530	ENSG00000003096	0.37306874065856566	0.37306874065856566	0.37306874065856566
AZD0530	LOC728392	0.3730028318923506	0.3730028318923506	0.3730028318923506
AZD0530	LOC100506421	0.37288812615404276	0.37288812615404276	0.37288812615404276
AZD0530	ENSG00000125753	0.3728768503321799	0.3728768503321799	0.3728768503321799
AZD0530	ENSG00000144802	0.3727955645559304	0.3727955645559304	0.3727955645559304
AZD0530	ENSG00000241852	0.3727881285806128	0.3727881285806128	0.3727881285806128
AZD0530	ENSG00000131482	0.37276496980854956	0.37276496980854956	0.37276496980854956
AZD0530	ENSG00000188321	0.3726807943421525	0.3726807943421525	0.3726807943421525
AZD0530	ENSG00000246705	0.37267547131239526	0.37267547131239526	0.37267547131239526
AZD0530	ENSG00000149573	0.37252273821715826	0.37252273821715826	0.37252273821715826
AZD0530	ENSG00000185958	0.37240562146635364	0.37240562146635364	0.37240562146635364
AZD0530	ENSG00000162620	0.3722607640222556	0.3722607640222556	0.3722607640222556
AZD0530	ENSG00000180113	0.3722507389430915	0.3722507389430915	0.3722507389430915
AZD0530	ENSG00000167182	0.37221205362678517	0.37221205362678517	0.37221205362678517
AZD0530	ENSG00000148606	0.37220534963891094	0.37220534963891094	0.37220534963891094
AZD0530	ENSG00000156384	0.3721652678371113	0.3721652678371113	0.3721652678371113
AZD0530	ENSG00000159885	0.3721018200843729	0.3721018200843729	0.3721018200843729
AZD0530	ENSG00000170989	0.3721011867727567	0.3721011867727567	0.3721011867727567
AZD0530	ENSG00000172340	0.37209599277872046	0.37209599277872046	0.37209599277872046
AZD0530	ENSG00000101493	0.3720427019290583	0.3720427019290583	0.3720427019290583
AZD0530	ENSG00000183283	0.37195597685235804	0.37195597685235804	0.37195597685235804
AZD0530	ENSG00000158528	0.37182775351165254	0.37182775351165254	0.37182775351165254
AZD0530	ENSG00000229415	0.37180992877132657	0.37180992877132657	0.37180992877132657
AZD0530	ENSG00000070367	0.3717229972519385	0.3717229972519385	0.3717229972519385
AZD0530	KIAA1908	0.3716796566649102	0.3716796566649102	0.3716796566649102
AZD0530	LRG_154	0.37165234996870083	0.37165234996870083	0.37165234996870083
AZD0530	ENSG00000115355	0.3716129305581231	0.3716129305581231	0.3716129305581231
AZD0530	ENSG00000186496	0.37161177349457686	0.37161177349457686	0.37161177349457686
AZD0530	ENSG00000186480	0.37144233866134535	0.37144233866134535	0.37144233866134535
AZD0530	ENSG00000113068	0.3713071466847571	0.3713071466847571	0.3713071466847571
AZD0530	ENSG00000213672	0.3712708219072666	0.3712708219072666	0.3712708219072666
AZD0530	ENSG00000164116	0.3711815382551204	0.3711815382551204	0.3711815382551204
AZD0530	ENSG00000167995	0.3711508862970535	0.3711508862970535	0.3711508862970535
AZD0530	ENSG00000170471	0.3711205840836633	0.3711205840836633	0.3711205840836633
AZD0530	ENSG00000113389	0.3709747215285467	0.3709747215285467	0.3709747215285467
AZD0530	ENSG00000175868	0.3709737470544701	0.3709737470544701	0.3709737470544701
AZD0530	ENSG00000004864	0.3709438239598447	0.3709438239598447	0.3709438239598447
AZD0530	ENSG00000115665	0.37091483448009815	0.37091483448009815	0.37091483448009815
AZD0530	ENSG00000182379	0.37091251049143276	0.37091251049143276	0.37091251049143276
AZD0530	ENSG00000158019	0.3707376333872168	0.3707376333872168	0.3707376333872168
AZD0530	LOC150577	0.3706983441951564	0.3706983441951564	0.3706983441951564
AZD0530	ENSG00000109536	0.37063931818834644	0.37063931818834644	0.37063931818834644
AZD0530	C7orf45	0.37060705739302313	0.37060705739302313	0.37060705739302313
AZD0530	ENSG00000077327	0.370602585996419	0.370602585996419	0.370602585996419
AZD0530	ENSG00000161609	0.3704718955512304	0.3704718955512304	0.3704718955512304
AZD0530	ENSG00000103274	0.37023744792937	0.37023744792937	0.37023744792937
AZD0530	ENSG00000178462	0.3701709855485272	0.3701709855485272	0.3701709855485272
AZD0530	ENSG00000125864	0.37015953399919443	0.37015953399919443	0.37015953399919443
AZD0530	ENSG00000166106	0.3699479183600988	0.3699479183600988	0.3699479183600988
AZD0530	ENSG00000124212	0.3699163319149277	0.3699163319149277	0.3699163319149277
AZD0530	ENSG00000100109	0.36987725675217065	0.36987725675217065	0.36987725675217065
AZD0530	ENSG00000152266	0.36981805030901194	0.36981805030901194	0.36981805030901194
AZD0530	ENSG00000150764	0.3697125113335625	0.3697125113335625	0.3697125113335625
AZD0530	ENSG00000035687	0.36970491789481696	0.36970491789481696	0.36970491789481696
AZD0530	ENSG00000196811	0.3696648557058755	0.3696648557058755	0.3696648557058755
AZD0530	LOC283177	0.3696476545343818	0.3696476545343818	0.3696476545343818
AZD0530	ENSG00000135744	0.3694599111135304	0.3694599111135304	0.3694599111135304
AZD0530	LRG_507	0.36941172596163147	0.36941172596163147	0.36941172596163147
AZD0530	ENSG00000172818	0.36935148194588957	0.36935148194588957	0.36935148194588957
AZD0530	ENSG00000164604	0.3692389077131275	0.3692389077131275	0.3692389077131275
AZD0530	LOC730236	0.369238415125674	0.369238415125674	0.369238415125674
AZD0530	ENSG00000139344	0.369173455322726	0.369173455322726	0.369173455322726
AZD0530	ENSG00000183230	0.36908184518682274	0.36908184518682274	0.36908184518682274
AZD0530	ENSG00000145692	0.3689075993215757	0.3689075993215757	0.3689075993215757
AZD0530	ENSG00000088002	0.3688936376074831	0.3688936376074831	0.3688936376074831
AZD0530	ENSG00000120471	0.36886256039493476	0.36886256039493476	0.36886256039493476
AZD0530	ENSG00000008323	0.3688326091159503	0.3688326091159503	0.3688326091159503
AZD0530	ENSG00000148308	0.36875932208598206	0.36875932208598206	0.36875932208598206
AZD0530	ENSG00000169085	0.368665723332204	0.368665723332204	0.368665723332204
AZD0530	LRG_400	0.36862298458620324	0.36862298458620324	0.36862298458620324
AZD0530	ENSG00000127947	0.3685710540196556	0.3685710540196556	0.3685710540196556
AZD0530	LOC100506125	0.36854692148362317	0.36854692148362317	0.36854692148362317
AZD0530	ENSG00000264575	0.3684045787445074	0.3684045787445074	0.3684045787445074
AZD0530	ENSG00000180340	0.3683887206331536	0.3683887206331536	0.3683887206331536
AZD0530	ENSG00000198324	0.36836474293744326	0.36836474293744326	0.36836474293744326
AZD0530	ENSG00000160051	0.3682417012267027	0.3682417012267027	0.3682417012267027
AZD0530	ENSG00000163424	0.3681502124252388	0.3681502124252388	0.3681502124252388
AZD0530	ENSG00000069535	0.367735612573738	0.367735612573738	0.367735612573738
AZD0530	FAM100B	0.36772852286160296	0.36772852286160296	0.36772852286160296
AZD0530	ENSG00000077238	0.3676612844017196	0.3676612844017196	0.3676612844017196
AZD0530	ENSG00000188379	0.3675798622640915	0.3675798622640915	0.3675798622640915
AZD0530	ENSG00000153404	0.3675563404231279	0.3675563404231279	0.3675563404231279
AZD0530	LOC644714	0.36753802676101455	0.36753802676101455	0.36753802676101455
AZD0530	ENSG00000123095	0.3673928554698822	0.3673928554698822	0.3673928554698822
AZD0530	ENSG00000152763	0.36727188452306087	0.36727188452306087	0.36727188452306087
AZD0530	ENSG00000071994	0.367147798864573	0.367147798864573	0.367147798864573
AZD0530	ENSG00000169252	0.3671474645136087	0.3671474645136087	0.3671474645136087
AZD0530	ENSG00000100227	0.36711448646447203	0.36711448646447203	0.36711448646447203
AZD0530	ENSG00000121742	0.3671118822973894	0.3671118822973894	0.3671118822973894
AZD0530	ENSG00000069509	0.3670856361021192	0.3670856361021192	0.3670856361021192
AZD0530	ENSG00000241158	0.3670531903783641	0.3670531903783641	0.3670531903783641
AZD0530	ENSG00000205838	0.36705099507794986	0.36705099507794986	0.36705099507794986
AZD0530	ENSG00000178821	0.3670175239059284	0.3670175239059284	0.3670175239059284
AZD0530	ENSG00000183395	0.3669070705955794	0.3669070705955794	0.3669070705955794
AZD0530	ENSG00000070882	0.36686825918498706	0.36686825918498706	0.36686825918498706
AZD0530	ENSG00000086200	0.3668517520398495	0.3668517520398495	0.3668517520398495
AZD0530	ENSG00000121988	0.3667770922177862	0.3667770922177862	0.3667770922177862
AZD0530	ENSG00000138152	0.36667430359488573	0.36667430359488573	0.36667430359488573
AZD0530	ENSG00000101574	0.3666634749039983	0.3666634749039983	0.3666634749039983
AZD0530	ENSG00000256043	0.3666058051870136	0.3666058051870136	0.3666058051870136
AZD0530	ENSG00000103257	0.36659635168391697	0.36659635168391697	0.36659635168391697
AZD0530	ENSG00000152102	0.3665609934874466	0.3665609934874466	0.3665609934874466
AZD0530	ENSG00000226950	0.36652191395240014	0.36652191395240014	0.36652191395240014
AZD0530	ENSG00000143105	0.3664900966359114	0.3664900966359114	0.3664900966359114
AZD0530	ENSG00000147894	0.3661522207019664	0.3661522207019664	0.3661522207019664
AZD0530	ENSG00000119121	0.3661311379590925	0.3661311379590925	0.3661311379590925
AZD0530	ENSG00000185155	0.3657446677759417	0.3657446677759417	0.3657446677759417
AZD0530	ENSG00000173557	0.3655659978690845	0.3655659978690845	0.3655659978690845
AZD0530	ENSG00000100985	0.3653632671742454	0.3653632671742454	0.3653632671742454
AZD0530	ENSG00000163430	0.365351246429137	0.365351246429137	0.365351246429137
AZD0530	ENSG00000178425	0.3651946969651399	0.3651946969651399	0.3651946969651399
AZD0530	ENSG00000178585	0.36514684762163924	0.36514684762163924	0.36514684762163924
AZD0530	ENSG00000159063	0.3650819410391924	0.3650819410391924	0.3650819410391924
AZD0530	ENSG00000213398	0.3650772294049637	0.3650772294049637	0.3650772294049637
AZD0530	ENSG00000154319	0.36497582635950443	0.36497582635950443	0.36497582635950443
AZD0530	LOC100506540	0.3649368125476629	0.3649368125476629	0.3649368125476629
AZD0530	ENSG00000023839	0.3648492975017152	0.3648492975017152	0.3648492975017152
AZD0530	LOC100499194	0.36477537740041394	0.36477537740041394	0.36477537740041394
AZD0530	ENSG00000123560	0.3647720559129098	0.3647720559129098	0.3647720559129098
AZD0530	C16orf42	0.3647526649978006	0.3647526649978006	0.3647526649978006
AZD0530	ENSG00000089682	0.3645278372409648	0.3645278372409648	0.3645278372409648
AZD0530	ENSG00000143742	0.36450954273185926	0.36450954273185926	0.36450954273185926
AZD0530	ENSG00000100354	0.3643908565260524	0.3643908565260524	0.3643908565260524
AZD0530	ENSG00000165646	0.36429820536696095	0.36429820536696095	0.36429820536696095
AZD0530	ENSG00000179818	0.36418671241617956	0.36418671241617956	0.36418671241617956
AZD0530	ENSG00000198673	0.3641504074035473	0.3641504074035473	0.3641504074035473
AZD0530	ENSG00000186416	0.3640450524292118	0.3640450524292118	0.3640450524292118
AZD0530	ENSG00000006377	0.36392900285168917	0.36392900285168917	0.36392900285168917
AZD0530	ENSG00000159399	0.3638461024171795	0.3638461024171795	0.3638461024171795
AZD0530	ENSG00000092621	0.36375097414861385	0.36375097414861385	0.36375097414861385
AZD0530	ENSG00000103351	0.3637102456830886	0.3637102456830886	0.3637102456830886
AZD0530	C9orf5	0.36364466433354975	0.36364466433354975	0.36364466433354975
AZD0530	C1orf133	0.36363808853859164	0.36363808853859164	0.36363808853859164
AZD0530	LRG_134	0.3636166286911267	0.3636166286911267	0.3636166286911267
AZD0530	ENSG00000002822	0.3636004085972834	0.3636004085972834	0.3636004085972834
AZD0530	ENSG00000239877	0.36355008175765724	0.36355008175765724	0.36355008175765724
AZD0530	ENSG00000117505	0.3635330668802152	0.3635330668802152	0.3635330668802152
AZD0530	ENSG00000160145	0.3634461342989571	0.3634461342989571	0.3634461342989571
AZD0530	ENSG00000143614	0.3633282257074898	0.3633282257074898	0.3633282257074898
AZD0530	ENSG00000092020	0.36331982583056943	0.36331982583056943	0.36331982583056943
AZD0530	ENSG00000151468	0.3632451586466138	0.3632451586466138	0.3632451586466138
AZD0530	ENSG00000042980	0.3631530615836912	0.3631530615836912	0.3631530615836912
AZD0530	ENSG00000135824	0.36314914619217753	0.36314914619217753	0.36314914619217753
AZD0530	ENSG00000166266	0.36307815349490313	0.36307815349490313	0.36307815349490313
AZD0530	LOC100287576	0.36302820115367634	0.36302820115367634	0.36302820115367634
AZD0530	ENSG00000090989	0.3629011432254526	0.3629011432254526	0.3629011432254526
AZD0530	ENSG00000122787	0.36279287267479104	0.36279287267479104	0.36279287267479104
AZD0530	ENSG00000196981	0.362712601480197	0.362712601480197	0.362712601480197
AZD0530	ENSG00000087365	0.3625669298758381	0.3625669298758381	0.3625669298758381
AZD0530	ENSG00000172113	0.36254515831350015	0.36254515831350015	0.36254515831350015
AZD0530	ENSG00000275903	0.3624497874199168	0.3624497874199168	0.3624497874199168
AZD0530	C20orf118	0.36242531619847884	0.36242531619847884	0.36242531619847884
AZD0530	LOC100505727	0.3624214867422245	0.3624214867422245	0.3624214867422245
AZD0530	LOC100507013	0.3623895190781493	0.3623895190781493	0.3623895190781493
AZD0530	ENSG00000167323	0.36237990705666984	0.36237990705666984	0.36237990705666984
AZD0530	ENSG00000011451	0.3623659540940551	0.3623659540940551	0.3623659540940551
AZD0530	ENSG00000163815	0.3623348441651343	0.3623348441651343	0.3623348441651343
AZD0530	ENSG00000173726	0.3622347696097865	0.3622347696097865	0.3622347696097865
AZD0530	ENSG00000133742	0.36207510366973156	0.36207510366973156	0.36207510366973156
AZD0530	ENSG00000167711	0.3620217811946604	0.3620217811946604	0.3620217811946604
AZD0530	ENSG00000185274	0.3617359378136902	0.3617359378136902	0.3617359378136902
AZD0530	ENSG00000130202	0.3617329748431483	0.3617329748431483	0.3617329748431483
AZD0530	ENSG00000170312	0.36160123386357834	0.36160123386357834	0.36160123386357834
AZD0530	ENSG00000125818	0.3612793772274559	0.3612793772274559	0.3612793772274559
AZD0530	ENSG00000174502	0.3610093806348154	0.3610093806348154	0.3610093806348154
AZD0530	ENSG00000103184	0.36095032703796626	0.36095032703796626	0.36095032703796626
AZD0530	ENSG00000166619	0.36087293486808747	0.36087293486808747	0.36087293486808747
AZD0530	ENSG00000101972	0.36084834326320536	0.36084834326320536	0.36084834326320536
AZD0530	ENSG00000137070	0.3607708061732015	0.3607708061732015	0.3607708061732015
AZD0530	NSAP11	0.36076356964476947	0.36076356964476947	0.36076356964476947
AZD0530	ENSG00000172236	0.36072545673926354	0.36072545673926354	0.36072545673926354
AZD0530	LOC100507480	0.3606855657376006	0.3606855657376006	0.3606855657376006
AZD0530	ENSG00000134216	0.36064087738591344	0.36064087738591344	0.36064087738591344
AZD0530	ENSG00000172728	0.36063991617020547	0.36063991617020547	0.36063991617020547
AZD0530	C14orf102	0.3604981582567968	0.3604981582567968	0.3604981582567968
AZD0530	ENSG00000116194	0.3604548732701442	0.3604548732701442	0.3604548732701442
AZD0530	ENSG00000160948	0.360439617318738	0.360439617318738	0.360439617318738
AZD0530	ENSG00000109618	0.36024585016217797	0.36024585016217797	0.36024585016217797
AZD0530	ENSG00000130707	0.3601796694938464	0.3601796694938464	0.3601796694938464
AZD0530	ENSG00000122862	0.360146129089904	0.360146129089904	0.360146129089904
AZD0530	ENSG00000237335	0.36004976794447185	0.36004976794447185	0.36004976794447185
AZD0530	ENSG00000198171	0.3600333450952633	0.3600333450952633	0.3600333450952633
AZD0530	LOC100506271	0.3598970899291058	0.3598970899291058	0.3598970899291058
AZD0530	ENSG00000180822	0.35974534246816164	0.35974534246816164	0.35974534246816164
AZD0530	ENSG00000123080	0.35967556828161407	0.35967556828161407	0.35967556828161407
AZD0530	ENSG00000165478	0.35966947885538236	0.35966947885538236	0.35966947885538236
AZD0530	ENSG00000136848	0.35963302318953855	0.35963302318953855	0.35963302318953855
AZD0530	LOC100130357	0.3593418737656675	0.3593418737656675	0.3593418737656675
AZD0530	ENSG00000198466	0.3592088162151937	0.3592088162151937	0.3592088162151937
AZD0530	ENSG00000124107	0.3591469492589491	0.3591469492589491	0.3591469492589491
AZD0530	ENSG00000133103	0.35903948124493257	0.35903948124493257	0.35903948124493257
AZD0530	LOC100506425	0.358933750849118	0.358933750849118	0.358933750849118
AZD0530	ENSG00000149932	0.35881595317799675	0.35881595317799675	0.35881595317799675
AZD0530	ENSG00000151465	0.3587778114044607	0.3587778114044607	0.3587778114044607
AZD0530	ENSG00000110400	0.35869550517952736	0.35869550517952736	0.35869550517952736
AZD0530	ENSG00000189164	0.3586847281889447	0.3586847281889447	0.3586847281889447
AZD0530	ENSG00000095574	0.3586118408444244	0.3586118408444244	0.3586118408444244
AZD0530	ENSG00000162877	0.35849796214669344	0.35849796214669344	0.35849796214669344
AZD0530	ENSG00000111276	0.35839191727156744	0.35839191727156744	0.35839191727156744
AZD0530	ENSG00000236790	0.35835296024705465	0.35835296024705465	0.35835296024705465
AZD0530	ENSG00000198576	0.35827339197949387	0.35827339197949387	0.35827339197949387
AZD0530	ENSG00000172269	0.3582199305007988	0.3582199305007988	0.3582199305007988
AZD0530	ENSG00000198585	0.3580840831300074	0.3580840831300074	0.3580840831300074
AZD0530	ENSG00000231784	0.3580731456176747	0.3580731456176747	0.3580731456176747
AZD0530	ENSG00000168172	0.35805355834729524	0.35805355834729524	0.35805355834729524
AZD0530	ENSG00000166225	0.3576892932305357	0.3576892932305357	0.3576892932305357
AZD0530	ENSG00000198445	0.35766364166329767	0.35766364166329767	0.35766364166329767
AZD0530	ENSG00000105656	0.35759819633619544	0.35759819633619544	0.35759819633619544
AZD0530	ENSG00000100568	0.3575748815383833	0.3575748815383833	0.3575748815383833
AZD0530	ENSG00000198026	0.3575532132063487	0.3575532132063487	0.3575532132063487
AZD0530	ENSG00000054356	0.3575498357846343	0.3575498357846343	0.3575498357846343
AZD0530	LOC170425	0.35751995331777464	0.35751995331777464	0.35751995331777464
AZD0530	ENSG00000138613	0.3574899378382523	0.3574899378382523	0.3574899378382523
AZD0530	ENSG00000131462	0.3573700204503145	0.3573700204503145	0.3573700204503145
AZD0530	ENSG00000084444	0.357343296381927	0.357343296381927	0.357343296381927
AZD0530	ENSG00000269699	0.35729643691083757	0.35729643691083757	0.35729643691083757
AZD0530	ENSG00000130520	0.3572962916480445	0.3572962916480445	0.3572962916480445
AZD0530	ENSG00000127220	0.3572710654585982	0.3572710654585982	0.3572710654585982
AZD0530	ENSG00000138078	0.3571548989730825	0.3571548989730825	0.3571548989730825
AZD0530	ENSG00000164010	0.35686484497157006	0.35686484497157006	0.35686484497157006
AZD0530	ENSG00000155827	0.35674524058520085	0.35674524058520085	0.35674524058520085
AZD0530	ENSG00000086015	0.3566613573174092	0.3566613573174092	0.3566613573174092
AZD0530	ENSG00000149295	0.3566380534241922	0.3566380534241922	0.3566380534241922
AZD0530	ENSG00000164299	0.3565227509704479	0.3565227509704479	0.3565227509704479
AZD0530	ENSG00000134690	0.3565053678568056	0.3565053678568056	0.3565053678568056
AZD0530	ENSG00000197901	0.35639009451970094	0.35639009451970094	0.35639009451970094
AZD0530	LOC728012	0.3561945665683368	0.3561945665683368	0.3561945665683368
AZD0530	ENSG00000105723	0.35615177404319565	0.35615177404319565	0.35615177404319565
AZD0530	ENSG00000111674	0.35613962896348145	0.35613962896348145	0.35613962896348145
AZD0530	ENSG00000139508	0.3561384889445178	0.3561384889445178	0.3561384889445178
AZD0530	ENSG00000170632	0.3560470849498893	0.3560470849498893	0.3560470849498893
AZD0530	LRG_258	0.3559767128857707	0.3559767128857707	0.3559767128857707
AZD0530	ENSG00000039523	0.3558820260538111	0.3558820260538111	0.3558820260538111
AZD0530	ENSG00000167632	0.3558569405369386	0.3558569405369386	0.3558569405369386
AZD0530	ENSG00000112936	0.355751928978066	0.355751928978066	0.355751928978066
AZD0530	ENSG00000186297	0.355743264113387	0.355743264113387	0.355743264113387
AZD0530	ENSG00000088854	0.35560807066423106	0.35560807066423106	0.35560807066423106
AZD0530	ENSG00000145194	0.35560486442522415	0.35560486442522415	0.35560486442522415
AZD0530	C20orf111	0.3554625961509295	0.3554625961509295	0.3554625961509295
AZD0530	ENSG00000156194	0.3553196187017924	0.3553196187017924	0.3553196187017924
AZD0530	ENSG00000174808	0.3552933679044595	0.3552933679044595	0.3552933679044595
AZD0530	ENSG00000154645	0.35528371525328867	0.35528371525328867	0.35528371525328867
AZD0530	LOC284440	0.35527153636953995	0.35527153636953995	0.35527153636953995
AZD0530	LRG_19	0.35521970478892806	0.35521970478892806	0.35521970478892806
AZD0530	ENSG00000149922	0.35514264887070174	0.35514264887070174	0.35514264887070174
AZD0530	ENSG00000151366	0.3551027677887416	0.3551027677887416	0.3551027677887416
AZD0530	ENSG00000247596	0.35494644533018815	0.35494644533018815	0.35494644533018815
AZD0530	ENSG00000176988	0.3547954276815052	0.3547954276815052	0.3547954276815052
AZD0530	ENSG00000105497	0.3547602624504282	0.3547602624504282	0.3547602624504282
AZD0530	ENSG00000198356	0.35471062773621764	0.35471062773621764	0.35471062773621764
AZD0530	ENSG00000146282	0.35456741745437403	0.35456741745437403	0.35456741745437403
AZD0530	ENSG00000196366	0.3545401514943924	0.3545401514943924	0.3545401514943924
AZD0530	ENSG00000182676	0.3544799663036519	0.3544799663036519	0.3544799663036519
AZD0530	ENSG00000088726	0.35427604722337847	0.35427604722337847	0.35427604722337847
AZD0530	ENSG00000105750	0.35425768137443076	0.35425768137443076	0.35425768137443076
AZD0530	ENSG00000204444	0.3542227120803022	0.3542227120803022	0.3542227120803022
AZD0530	ENSG00000122678	0.3542096458670146	0.3542096458670146	0.3542096458670146
AZD0530	ENSG00000117593	0.35413426564098266	0.35413426564098266	0.35413426564098266
AZD0530	ENSG00000107831	0.3540595369667471	0.3540595369667471	0.3540595369667471
AZD0530	ENSG00000131941	0.3539325181696275	0.3539325181696275	0.3539325181696275
AZD0530	ENSG00000162650	0.3538161791774391	0.3538161791774391	0.3538161791774391
AZD0530	ENSG00000101104	0.3537293052709932	0.3537293052709932	0.3537293052709932
AZD0530	ENSG00000182459	0.35362441620823065	0.35362441620823065	0.35362441620823065
AZD0530	LOC100507530	0.35357337722840665	0.35357337722840665	0.35357337722840665
AZD0530	LOC100507580	0.3535693022154592	0.3535693022154592	0.3535693022154592
AZD0530	ENSG00000181381	0.35351879298633687	0.35351879298633687	0.35351879298633687
AZD0530	ENSG00000078124	0.3535002714193066	0.3535002714193066	0.3535002714193066
AZD0530	ENSG00000162687	0.3533034853085269	0.3533034853085269	0.3533034853085269
AZD0530	ENSG00000140463	0.3532878284524368	0.3532878284524368	0.3532878284524368
AZD0530	ENSG00000133265	0.35324408034159044	0.35324408034159044	0.35324408034159044
AZD0530	ENSG00000158796	0.3532273626528483	0.3532273626528483	0.3532273626528483
AZD0530	ENSG00000173267	0.3531456464551485	0.3531456464551485	0.3531456464551485
AZD0530	ENSG00000067064	0.3531329759881559	0.3531329759881559	0.3531329759881559
AZD0530	ENSG00000150783	0.35309341914166975	0.35309341914166975	0.35309341914166975
AZD0530	C1orf126	0.352609334459679	0.352609334459679	0.352609334459679
AZD0530	C9orf53	0.35246946698114445	0.35246946698114445	0.35246946698114445
AZD0530	ENSG00000198393	0.352282571362711	0.352282571362711	0.352282571362711
AZD0530	ENSG00000144229	0.35227949805790265	0.35227949805790265	0.35227949805790265
AZD0530	ENSG00000106484	0.35194620955383055	0.35194620955383055	0.35194620955383055
AZD0530	ENSG00000144218	0.35192844538803025	0.35192844538803025	0.35192844538803025
AZD0530	ENSG00000151834	0.3519212005237104	0.3519212005237104	0.3519212005237104
AZD0530	ENSG00000278889	0.3517694017017089	0.3517694017017089	0.3517694017017089
AZD0530	C6orf97	0.3516536257202185	0.3516536257202185	0.3516536257202185
AZD0530	ENSG00000164621	0.35164674061998236	0.35164674061998236	0.35164674061998236
AZD0530	LOC727924	0.35155081407769956	0.35155081407769956	0.35155081407769956
AZD0530	ENSG00000154222	0.35152459118365403	0.35152459118365403	0.35152459118365403
AZD0530	ENSG00000122965	0.35142837559193213	0.35142837559193213	0.35142837559193213
AZD0530	ENSG00000124493	0.3512911372470975	0.3512911372470975	0.3512911372470975
AZD0530	ENSG00000119535	0.3512897243303521	0.3512897243303521	0.3512897243303521
AZD0530	ENSG00000168517	0.35127648689372304	0.35127648689372304	0.35127648689372304
AZD0530	ENSG00000183066	0.35127362059012335	0.35127362059012335	0.35127362059012335
AZD0530	ENSG00000140854	0.35125466319728327	0.35125466319728327	0.35125466319728327
AZD0530	C5orf39	0.35123878863020325	0.35123878863020325	0.35123878863020325
AZD0530	LOC100505985	0.35122804951290953	0.35122804951290953	0.35122804951290953
AZD0530	LOC255130	0.3511651760221158	0.3511651760221158	0.3511651760221158
AZD0530	ENSG00000046889	0.3511415310044079	0.3511415310044079	0.3511415310044079
AZD0530	ENSG00000187837	0.35101013040980505	0.35101013040980505	0.35101013040980505
AZD0530	ENSG00000136153	0.3509705098708786	0.3509705098708786	0.3509705098708786
AZD0530	ENSG00000125249	0.35083871203173117	0.35083871203173117	0.35083871203173117
AZD0530	ENSG00000156234	0.3507828261871344	0.3507828261871344	0.3507828261871344
AZD0530	ENSG00000159403	0.3507725455010723	0.3507725455010723	0.3507725455010723
AZD0530	ENSG00000229972	0.3506702462759973	0.3506702462759973	0.3506702462759973
AZD0530	ENSG00000100038	0.3506071231200116	0.3506071231200116	0.3506071231200116
AZD0530	ENSG00000065665	0.35056346459666776	0.35056346459666776	0.35056346459666776
AZD0530	ENSG00000152253	0.3505575321606471	0.3505575321606471	0.3505575321606471
AZD0530	ENSG00000154265	0.35046672255717837	0.35046672255717837	0.35046672255717837
AZD0530	ENSG00000125912	0.3504596767839576	0.3504596767839576	0.3504596767839576
AZD0530	ENSG00000177272	0.35037306959552006	0.35037306959552006	0.35037306959552006
AZD0530	ENSG00000176022	0.3500950649945426	0.3500950649945426	0.3500950649945426
AZD0530	ENSG00000211898	0.3500845739617156	0.3500845739617156	0.3500845739617156
AZD0530	ENSG00000141576	0.34997448503194933	0.34997448503194933	0.34997448503194933
AZD0530	ENSG00000276920	0.34978602918104507	0.34978602918104507	0.34978602918104507
AZD0530	ENSG00000108561	0.3496928964212184	0.3496928964212184	0.3496928964212184
AZD0530	ENSG00000168286	0.34966096927954815	0.34966096927954815	0.34966096927954815
AZD0530	ENSG00000148814	0.34949185332134935	0.34949185332134935	0.34949185332134935
AZD0530	ENSG00000186654	0.3493606133012953	0.3493606133012953	0.3493606133012953
AZD0530	ENSG00000169967	0.34916625456611133	0.34916625456611133	0.34916625456611133
AZD0530	ENSG00000117868	0.3489324613020423	0.3489324613020423	0.3489324613020423
AZD0530	ENSG00000109113	0.34890471067890133	0.34890471067890133	0.34890471067890133
AZD0530	ENSG00000146858	0.348834012601944	0.348834012601944	0.348834012601944
AZD0530	ENSG00000279012	0.34876882180862123	0.34876882180862123	0.34876882180862123
AZD0530	ENSG00000164442	0.3487491079112184	0.3487491079112184	0.3487491079112184
AZD0530	ENSG00000096433	0.34841897672460465	0.34841897672460465	0.34841897672460465
AZD0530	ENSG00000075914	0.348318483867667	0.348318483867667	0.348318483867667
AZD0530	ENSG00000140386	0.34830701003920134	0.34830701003920134	0.34830701003920134
AZD0530	ENSG00000081177	0.34791843848348786	0.34791843848348786	0.34791843848348786
AZD0530	ENSG00000020256	0.34790373356995347	0.34790373356995347	0.34790373356995347
AZD0530	ENSG00000125821	0.3477990871052137	0.3477990871052137	0.3477990871052137
AZD0530	ENSG00000113645	0.34768344885654645	0.34768344885654645	0.34768344885654645
AZD0530	LOC100507507	0.3475961004872562	0.3475961004872562	0.3475961004872562
AZD0530	ENSG00000214367	0.34758653692712344	0.34758653692712344	0.34758653692712344
AZD0530	ENSG00000116221	0.3475583330509517	0.3475583330509517	0.3475583330509517
AZD0530	ENSG00000090339	0.3474851013516342	0.3474851013516342	0.3474851013516342
AZD0530	ENSG00000070444	0.34706355894148433	0.34706355894148433	0.34706355894148433
AZD0530	ENSG00000175471	0.3469755152838502	0.3469755152838502	0.3469755152838502
AZD0530	LRG_234	0.34685288602452147	0.34685288602452147	0.34685288602452147
AZD0530	ENSG00000239756	0.3468114103238211	0.3468114103238211	0.3468114103238211
AZD0530	ENSG00000089225	0.3467837040631683	0.3467837040631683	0.3467837040631683
AZD0530	LOC100009676	0.34675123987508355	0.34675123987508355	0.34675123987508355
AZD0530	ENSG00000162456	0.3467501510556259	0.3467501510556259	0.3467501510556259
AZD0530	ENSG00000107018	0.3466604393192246	0.3466604393192246	0.3466604393192246
AZD0530	ENSG00000213064	0.34663791681184675	0.34663791681184675	0.34663791681184675
AZD0530	ENSG00000130559	0.34662106669002996	0.34662106669002996	0.34662106669002996
AZD0530	ENSG00000198912	0.34661392845428657	0.34661392845428657	0.34661392845428657
AZD0530	ENSG00000271858	0.3464083067038769	0.3464083067038769	0.3464083067038769
AZD0530	ENSG00000162723	0.3463854288645831	0.3463854288645831	0.3463854288645831
AZD0530	ENSG00000139631	0.34636996422452	0.34636996422452	0.34636996422452
AZD0530	ENSG00000166012	0.34634100916930105	0.34634100916930105	0.34634100916930105
AZD0530	ENSG00000166016	0.34615864438906263	0.34615864438906263	0.34615864438906263
AZD0530	ENSG00000129245	0.346062004126146	0.346062004126146	0.346062004126146
AZD0530	ENSG00000066230	0.34591135714894233	0.34591135714894233	0.34591135714894233
AZD0530	ENSG00000149658	0.3456960830096607	0.3456960830096607	0.3456960830096607
AZD0530	ENSG00000082996	0.3456825283855643	0.3456825283855643	0.3456825283855643
AZD0530	ENSG00000171823	0.3454265031987738	0.3454265031987738	0.3454265031987738
AZD0530	ENSG00000147044	0.345376446097535	0.345376446097535	0.345376446097535
AZD0530	ENSG00000132485	0.34534639462260647	0.34534639462260647	0.34534639462260647
AZD0530	LOC647979	0.34533090495996754	0.34533090495996754	0.34533090495996754
AZD0530	ENSG00000105568	0.3452313750034674	0.3452313750034674	0.3452313750034674
AZD0530	LOC100507560	0.34522147907778694	0.34522147907778694	0.34522147907778694
AZD0530	LOC388942	0.34509853827456644	0.34509853827456644	0.34509853827456644
AZD0530	ENSG00000128591	0.3450639384256225	0.3450639384256225	0.3450639384256225
AZD0530	ENSG00000140279	0.34484494178120745	0.34484494178120745	0.34484494178120745
AZD0530	LRRC3DN	0.3444739670288263	0.3444739670288263	0.3444739670288263
AZD0530	ENSG00000154511	0.34445682550790957	0.34445682550790957	0.34445682550790957
AZD0530	ENSG00000198010	0.34442441188361733	0.34442441188361733	0.34442441188361733
AZD0530	ENSG00000094880	0.3443935356853228	0.3443935356853228	0.3443935356853228
AZD0530	ENSG00000179300	0.34433602174534234	0.34433602174534234	0.34433602174534234
AZD0530	ENSG00000151360	0.34426743394290243	0.34426743394290243	0.34426743394290243
AZD0530	ENSG00000166840	0.3442300793519043	0.3442300793519043	0.3442300793519043
AZD0530	ENSG00000116151	0.3442255659846666	0.3442255659846666	0.3442255659846666
AZD0530	ENSG00000105612	0.3440370829528899	0.3440370829528899	0.3440370829528899
AZD0530	ENSG00000099715	0.3439304048323342	0.3439304048323342	0.3439304048323342
AZD0530	ENSG00000079435	0.343862957410953	0.343862957410953	0.343862957410953
AZD0530	ENSG00000163993	0.3437772397253731	0.3437772397253731	0.3437772397253731
AZD0530	ENSG00000120539	0.3437436672171815	0.3437436672171815	0.3437436672171815
AZD0530	ENSG00000020181	0.34369603095076035	0.34369603095076035	0.34369603095076035
AZD0530	ENSG00000164363	0.343637301950489	0.343637301950489	0.343637301950489
AZD0530	ENSG00000262814	0.34354091173359036	0.34354091173359036	0.34354091173359036
AZD0530	ENSG00000082556	0.34351729677785653	0.34351729677785653	0.34351729677785653
AZD0530	ENSG00000115507	0.3434799379311334	0.3434799379311334	0.3434799379311334
AZD0530	ENSG00000129988	0.3434013005186371	0.3434013005186371	0.3434013005186371
AZD0530	ENSG00000172548	0.3433599430818326	0.3433599430818326	0.3433599430818326
AZD0530	ENSG00000213983	0.3433554029083062	0.3433554029083062	0.3433554029083062
AZD0530	ENSG00000119725	0.3433553474055491	0.3433553474055491	0.3433553474055491
AZD0530	ENSG00000185800	0.34329285109302976	0.34329285109302976	0.34329285109302976
AZD0530	ENSG00000105738	0.3432430026927521	0.3432430026927521	0.3432430026927521
AZD0530	ENSG00000128833	0.3431616715195532	0.3431616715195532	0.3431616715195532
AZD0530	ENSG00000197479	0.34311773901809683	0.34311773901809683	0.34311773901809683
AZD0530	ENSG00000136828	0.343099395963447	0.343099395963447	0.343099395963447
AZD0530	ENSG00000173714	0.3428852059341742	0.3428852059341742	0.3428852059341742
AZD0530	ENSG00000130772	0.3427666950371294	0.3427666950371294	0.3427666950371294
AZD0530	ENSG00000198478	0.3427318660310378	0.3427318660310378	0.3427318660310378
AZD0530	ENSG00000178235	0.342720226203276	0.342720226203276	0.342720226203276
AZD0530	ENSG00000165623	0.3426928604483069	0.3426928604483069	0.3426928604483069
AZD0530	LOC100505633	0.34269234617424493	0.34269234617424493	0.34269234617424493
AZD0530	ENSG00000139725	0.34263604590474467	0.34263604590474467	0.34263604590474467
AZD0530	ENSG00000183024	0.3425912743167259	0.3425912743167259	0.3425912743167259
AZD0530	ENSG00000113712	0.3425392421163407	0.3425392421163407	0.3425392421163407
AZD0530	ENSG00000168158	0.3424617014140635	0.3424617014140635	0.3424617014140635
AZD0530	LOC100506847	0.3424367395818304	0.3424367395818304	0.3424367395818304
AZD0530	ENSG00000125991	0.34240452782635017	0.34240452782635017	0.34240452782635017
AZD0530	ENSG00000137767	0.3423534679809702	0.3423534679809702	0.3423534679809702
AZD0530	ENSG00000111452	0.34226956447249973	0.34226956447249973	0.34226956447249973
AZD0530	ENSG00000182463	0.3422357864476363	0.3422357864476363	0.3422357864476363
AZD0530	ENSG00000150459	0.3421245073608611	0.3421245073608611	0.3421245073608611
AZD0530	ENSG00000111700	0.3419891830143315	0.3419891830143315	0.3419891830143315
AZD0530	ENSG00000004455	0.34195864835688705	0.34195864835688705	0.34195864835688705
AZD0530	ENSG00000211750	0.34186374611266407	0.34186374611266407	0.34186374611266407
AZD0530	C15orf23	0.34183627805178485	0.34183627805178485	0.34183627805178485
AZD0530	ENSG00000159348	0.34178158854300306	0.34178158854300306	0.34178158854300306
AZD0530	ENSG00000168175	0.3416663070173724	0.3416663070173724	0.3416663070173724
AZD0530	ENSG00000104537	0.34162405016954933	0.34162405016954933	0.34162405016954933
AZD0530	ENSG00000119147	0.3416024839227205	0.3416024839227205	0.3416024839227205
AZD0530	ENSG00000169231	0.3415562037581453	0.3415562037581453	0.3415562037581453
AZD0530	ENSG00000113196	0.3414260394880672	0.3414260394880672	0.3414260394880672
AZD0530	LOC728024	0.34140570286158733	0.34140570286158733	0.34140570286158733
AZD0530	ENSG00000152784	0.34134832106006796	0.34134832106006796	0.34134832106006796
AZD0530	ENSG00000274529	0.3412273069065418	0.3412273069065418	0.3412273069065418
AZD0530	LOC100506206	0.3411409595274288	0.3411409595274288	0.3411409595274288
AZD0530	ENSG00000133808	0.34107752409523523	0.34107752409523523	0.34107752409523523
AZD0530	ENSG00000135519	0.341022633093886	0.341022633093886	0.341022633093886
AZD0530	ENSG00000168904	0.34084746401337035	0.34084746401337035	0.34084746401337035
AZD0530	LOC100129917	0.3408015780033813	0.3408015780033813	0.3408015780033813
AZD0530	ENSG00000136546	0.3407538215003064	0.3407538215003064	0.3407538215003064
AZD0530	HOXD-AS1	0.34072661680714933	0.34072661680714933	0.34072661680714933
AZD0530	ENSG00000121892	0.34069839628331794	0.34069839628331794	0.34069839628331794
AZD0530	ENSG00000105523	0.3406764977583638	0.3406764977583638	0.3406764977583638
AZD0530	LOC100505498	0.34065270841185147	0.34065270841185147	0.34065270841185147
AZD0530	ENSG00000102967	0.34061992101180216	0.34061992101180216	0.34061992101180216
AZD0530	LOC645355	0.34052937663611105	0.34052937663611105	0.34052937663611105
AZD0530	ENSG00000019991	0.34048757389892903	0.34048757389892903	0.34048757389892903
AZD0530	ENSG00000185418	0.3404304644391557	0.3404304644391557	0.3404304644391557
AZD0530	ENSG00000165480	0.340397745798002	0.340397745798002	0.340397745798002
AZD0530	ENSG00000135124	0.3403628487145777	0.3403628487145777	0.3403628487145777
AZD0530	ENSG00000251474	0.34024479192757895	0.34024479192757895	0.34024479192757895
AZD0530	WDR45L	0.34022270423403056	0.34022270423403056	0.34022270423403056
AZD0530	ENSG00000056291	0.3400917777398058	0.3400917777398058	0.3400917777398058
AZD0530	ENSG00000156411	0.3400793871058433	0.3400793871058433	0.3400793871058433
AZD0530	ENSG00000102034	0.33986167162971204	0.33986167162971204	0.33986167162971204
AZD0530	ENSG00000198844	0.33983627926916554	0.33983627926916554	0.33983627926916554
AZD0530	LOC100133190	0.33982960222501923	0.33982960222501923	0.33982960222501923
AZD0530	ENSG00000172476	0.33965650107240014	0.33965650107240014	0.33965650107240014
AZD0530	ENSG00000250423	0.3396145325354905	0.3396145325354905	0.3396145325354905
AZD0530	ENSG00000215305	0.3395771096369113	0.3395771096369113	0.3395771096369113
AZD0530	LOC100506124	0.339518608241642	0.339518608241642	0.339518608241642
AZD0530	ENSG00000177599	0.33939064108870465	0.33939064108870465	0.33939064108870465
AZD0530	ENSG00000100632	0.33938948325513313	0.33938948325513313	0.33938948325513313
AZD0530	ENSG00000154814	0.3393673009991716	0.3393673009991716	0.3393673009991716
AZD0530	ENSG00000154274	0.33924904713534004	0.33924904713534004	0.33924904713534004
AZD0530	ENSG00000150782	0.3392471938754575	0.3392471938754575	0.3392471938754575
AZD0530	FLJ45513	0.33920515216541436	0.33920515216541436	0.33920515216541436
AZD0530	ENSG00000108578	0.3391470423734965	0.3391470423734965	0.3391470423734965
AZD0530	ENSG00000277594	0.3391114724493652	0.3391114724493652	0.3391114724493652
AZD0530	ENSG00000174358	0.3391095896366737	0.3391095896366737	0.3391095896366737
AZD0530	ENSG00000187240	0.33904490948165805	0.33904490948165805	0.33904490948165805
AZD0530	ENSG00000183671	0.3388539351829831	0.3388539351829831	0.3388539351829831
AZD0530	ENSG00000159202	0.33875798261887224	0.33875798261887224	0.33875798261887224
AZD0530	LOC441666	0.33867796630147323	0.33867796630147323	0.33867796630147323
AZD0530	ENSG00000157800	0.3386669101268711	0.3386669101268711	0.3386669101268711
AZD0530	ENSG00000119973	0.33860714098964595	0.33860714098964595	0.33860714098964595
AZD0530	ENSG00000124783	0.3385574471255333	0.3385574471255333	0.3385574471255333
AZD0530	ENSG00000121578	0.3384607682995062	0.3384607682995062	0.3384607682995062
AZD0530	ENSG00000127249	0.33844207505707624	0.33844207505707624	0.33844207505707624
AZD0530	ENSG00000136856	0.33842328516309267	0.33842328516309267	0.33842328516309267
AZD0530	KIAA0415	0.3383830712320501	0.3383830712320501	0.3383830712320501
AZD0530	MTERFD2	0.3383803533838269	0.3383803533838269	0.3383803533838269
AZD0530	ENSG00000141424	0.3383315665668855	0.3383315665668855	0.3383315665668855
AZD0530	ENSG00000173991	0.338293808377666	0.338293808377666	0.338293808377666
AZD0530	LOC100329135	0.338126222286569	0.338126222286569	0.338126222286569
AZD0530	ENSG00000101079	0.33797622534069965	0.33797622534069965	0.33797622534069965
AZD0530	ENSG00000153551	0.33796800428823437	0.33796800428823437	0.33796800428823437
AZD0530	ENSG00000139610	0.3379223092211424	0.3379223092211424	0.3379223092211424
AZD0530	ENSG00000147852	0.3375606641972299	0.3375606641972299	0.3375606641972299
AZD0530	ENSG00000141096	0.337404907237908	0.337404907237908	0.337404907237908
AZD0530	ENSG00000198822	0.33719930119348845	0.33719930119348845	0.33719930119348845
AZD0530	ENSG00000157219	0.3371293392685547	0.3371293392685547	0.3371293392685547
AZD0530	ENSG00000140836	0.33694089986970266	0.33694089986970266	0.33694089986970266
AZD0530	ENSG00000185883	0.3367561076143389	0.3367561076143389	0.3367561076143389
AZD0530	ENSG00000035141	0.3366251107957022	0.3366251107957022	0.3366251107957022
AZD0530	ENSG00000183780	0.3366060147923444	0.3366060147923444	0.3366060147923444
AZD0530	ENSG00000092853	0.3365264550254566	0.3365264550254566	0.3365264550254566
AZD0530	ENSG00000104044	0.33630675365741786	0.33630675365741786	0.33630675365741786
AZD0530	LOC91450	0.3360888782319608	0.3360888782319608	0.3360888782319608
AZD0530	ENSG00000155393	0.3360290978706978	0.3360290978706978	0.3360290978706978
AZD0530	C3orf37	0.3359882340255592	0.3359882340255592	0.3359882340255592
AZD0530	ENSG00000162408	0.3359690516171023	0.3359690516171023	0.3359690516171023
AZD0530	ENSG00000120709	0.3359292269399097	0.3359292269399097	0.3359292269399097
AZD0530	ENSG00000102572	0.3358716087171987	0.3358716087171987	0.3358716087171987
AZD0530	ENSG00000103168	0.33584241017941846	0.33584241017941846	0.33584241017941846
AZD0530	ENSG00000137807	0.33583483699194755	0.33583483699194755	0.33583483699194755
AZD0530	ENSG00000134917	0.3357772145903506	0.3357772145903506	0.3357772145903506
AZD0530	ENSG00000164187	0.33577387757877136	0.33577387757877136	0.33577387757877136
AZD0530	LRG_406	0.33574785760226394	0.33574785760226394	0.33574785760226394
AZD0530	LOC554206	0.3356702880214	0.3356702880214	0.3356702880214
AZD0530	ENSG00000196116	0.33556510330264333	0.33556510330264333	0.33556510330264333
AZD0530	EIF2C3	0.335551445136645	0.335551445136645	0.335551445136645
AZD0530	ENSG00000204099	0.3353950938178177	0.3353950938178177	0.3353950938178177
AZD0530	ENSG00000166401	0.335314873380401	0.335314873380401	0.335314873380401
AZD0530	ENSG00000151790	0.33512546982616714	0.33512546982616714	0.33512546982616714
AZD0530	ENSG00000131188	0.33510479881631566	0.33510479881631566	0.33510479881631566
AZD0530	ENSG00000149532	0.33502527538103566	0.33502527538103566	0.33502527538103566
AZD0530	LOC100506108	0.3349612451181866	0.3349612451181866	0.3349612451181866
AZD0530	ENSG00000189159	0.3348987362895791	0.3348987362895791	0.3348987362895791
AZD0530	ENSG00000117614	0.33475169551679895	0.33475169551679895	0.33475169551679895
AZD0530	ENSG00000180776	0.3347327930064236	0.3347327930064236	0.3347327930064236
AZD0530	ENSG00000126010	0.3346047676042162	0.3346047676042162	0.3346047676042162
AZD0530	ENSG00000274084	0.33451789051460457	0.33451789051460457	0.33451789051460457
AZD0530	ENSG00000137501	0.3344954287475363	0.3344954287475363	0.3344954287475363
AZD0530	ENSG00000224924	0.3344401045326515	0.3344401045326515	0.3344401045326515
AZD0530	ENSG00000171004	0.33443144292498506	0.33443144292498506	0.33443144292498506
AZD0530	ENSG00000171450	0.3344153516867251	0.3344153516867251	0.3344153516867251
AZD0530	ENSG00000160959	0.3343573885255427	0.3343573885255427	0.3343573885255427
AZD0530	ENSG00000107438	0.3343219494707859	0.3343219494707859	0.3343219494707859
AZD0530	ENSG00000179873	0.3342956973534864	0.3342956973534864	0.3342956973534864
AZD0530	ENSG00000103769	0.3340498056527113	0.3340498056527113	0.3340498056527113
AZD0530	ENSG00000151694	0.33393664597269307	0.33393664597269307	0.33393664597269307
AZD0530	ENSG00000160783	0.3338405947943167	0.3338405947943167	0.3338405947943167
AZD0530	ENSG00000178921	0.33381972951124306	0.33381972951124306	0.33381972951124306
AZD0530	ENSG00000186827	0.3334378151145932	0.3334378151145932	0.3334378151145932
AZD0530	ENSG00000005020	0.3334347034455153	0.3334347034455153	0.3334347034455153
AZD0530	ENSG00000157554	0.333384854774255	0.333384854774255	0.333384854774255
AZD0530	ENSG00000159363	0.3332879978499218	0.3332879978499218	0.3332879978499218
AZD0530	LOC100507164	0.3332683315055151	0.3332683315055151	0.3332683315055151
AZD0530	PWRN2	0.33324951786904905	0.33324951786904905	0.33324951786904905
AZD0530	ENSG00000163209	0.3331121373886732	0.3331121373886732	0.3331121373886732
AZD0530	ENSG00000136527	0.3330590487312384	0.3330590487312384	0.3330590487312384
AZD0530	ENSG00000150526	0.3330362293419393	0.3330362293419393	0.3330362293419393
AZD0530	ENSG00000034533	0.3330259233023614	0.3330259233023614	0.3330259233023614
AZD0530	ENSG00000187187	0.33300740802540524	0.33300740802540524	0.33300740802540524
AZD0530	ENSG00000165633	0.3329044841378526	0.3329044841378526	0.3329044841378526
AZD0530	ENSG00000163902	0.3328715165833814	0.3328715165833814	0.3328715165833814
AZD0530	ENSG00000140829	0.33281544541424674	0.33281544541424674	0.33281544541424674
AZD0530	ENSG00000086967	0.33278056410103934	0.33278056410103934	0.33278056410103934
AZD0530	ENSG00000226127	0.3326963722882265	0.3326963722882265	0.3326963722882265
AZD0530	LOC100506025	0.3326724425410216	0.3326724425410216	0.3326724425410216
AZD0530	ENSG00000172348	0.3326314008173992	0.3326314008173992	0.3326314008173992
AZD0530	ENSG00000102316	0.3326029474477042	0.3326029474477042	0.3326029474477042
AZD0530	ENSG00000133665	0.3325787129108279	0.3325787129108279	0.3325787129108279
AZD0530	ENSG00000143436	0.33257091669754346	0.33257091669754346	0.33257091669754346
AZD0530	ENSG00000152705	0.3325703865393993	0.3325703865393993	0.3325703865393993
AZD0530	ENSG00000156931	0.3323369444277408	0.3323369444277408	0.3323369444277408
AZD0530	ENSG00000165526	0.33230625350776566	0.33230625350776566	0.33230625350776566
AZD0530	C1orf170	0.3322633549850433	0.3322633549850433	0.3322633549850433
AZD0530	ENSG00000115806	0.3321075396111355	0.3321075396111355	0.3321075396111355
AZD0530	ENSG00000099942	0.33210570428750963	0.33210570428750963	0.33210570428750963
AZD0530	LRG_200	0.33207744703462067	0.33207744703462067	0.33207744703462067
AZD0530	ENSG00000158104	0.33206345976667834	0.33206345976667834	0.33206345976667834
AZD0530	ENSG00000172824	0.3320196929591284	0.3320196929591284	0.3320196929591284
AZD0530	ENSG00000249115	0.3318307896400057	0.3318307896400057	0.3318307896400057
AZD0530	MLF1IP	0.3318199930901546	0.3318199930901546	0.3318199930901546
AZD0530	LOC100506373	0.33181225161363803	0.33181225161363803	0.33181225161363803
AZD0530	C17orf56	0.3317728921295191	0.3317728921295191	0.3317728921295191
AZD0530	ENSG00000173517	0.33176012672534694	0.33176012672534694	0.33176012672534694
AZD0530	EIF2C1	0.33172573770118136	0.33172573770118136	0.33172573770118136
AZD0530	ENSG00000135249	0.33163763775432814	0.33163763775432814	0.33163763775432814
AZD0530	LOC100505750	0.3316086771600988	0.3316086771600988	0.3316086771600988
AZD0530	ENSG00000144214	0.3315898893963576	0.3315898893963576	0.3315898893963576
AZD0530	ENSG00000152767	0.331439816736931	0.331439816736931	0.331439816736931
AZD0530	ENSG00000119688	0.33138462744369196	0.33138462744369196	0.33138462744369196
AZD0530	ENSG00000100325	0.33130442935957516	0.33130442935957516	0.33130442935957516
AZD0530	ENSG00000214736	0.3310577564113302	0.3310577564113302	0.3310577564113302
AZD0530	ENSG00000122592	0.3310394455596004	0.3310394455596004	0.3310394455596004
AZD0530	ENSG00000103021	0.3307430265323081	0.3307430265323081	0.3307430265323081
AZD0530	ENSG00000131471	0.33058441447378284	0.33058441447378284	0.33058441447378284
AZD0530	ENSG00000164659	0.33052632877557186	0.33052632877557186	0.33052632877557186
AZD0530	ENSG00000002745	0.3304806369114338	0.3304806369114338	0.3304806369114338
AZD0530	ENSG00000182667	0.3304803377339213	0.3304803377339213	0.3304803377339213
AZD0530	ENSG00000170891	0.33046903919275833	0.33046903919275833	0.33046903919275833
AZD0530	ENSG00000180999	0.33041917472866306	0.33041917472866306	0.33041917472866306
AZD0530	ENSG00000154734	0.33020686419232353	0.33020686419232353	0.33020686419232353
AZD0530	ENSG00000156269	0.3301868572869149	0.3301868572869149	0.3301868572869149
AZD0530	ENSG00000176136	0.330067638781756	0.330067638781756	0.330067638781756
AZD0530	ENSG00000122884	0.329957136775659	0.329957136775659	0.329957136775659
AZD0530	LOC400043	0.32955895262986235	0.32955895262986235	0.32955895262986235
AZD0530	ENSG00000012822	0.3293965962869077	0.3293965962869077	0.3293965962869077
AZD0530	ENSG00000170899	0.32934534323230047	0.32934534323230047	0.32934534323230047
AZD0530	ENSG00000198099	0.3292992870664608	0.3292992870664608	0.3292992870664608
AZD0530	ENSG00000264364	0.32929112587805714	0.32929112587805714	0.32929112587805714
AZD0530	ENSG00000153093	0.3292097216343689	0.3292097216343689	0.3292097216343689
AZD0530	ENSG00000176531	0.3290459380578496	0.3290459380578496	0.3290459380578496
AZD0530	ENSG00000280165	0.32903540698905376	0.32903540698905376	0.32903540698905376
AZD0530	ENSG00000218891	0.32885347970443046	0.32885347970443046	0.32885347970443046
AZD0530	ENSG00000099899	0.3287938380622857	0.3287938380622857	0.3287938380622857
AZD0530	ENSG00000122971	0.3285550691252464	0.3285550691252464	0.3285550691252464
AZD0530	ENSG00000035862	0.3285103457303682	0.3285103457303682	0.3285103457303682
AZD0530	ENSG00000221823	0.32849860298916966	0.32849860298916966	0.32849860298916966
AZD0530	ENSG00000197265	0.3283715118683219	0.3283715118683219	0.3283715118683219
AZD0530	ENSG00000125844	0.32819045764179866	0.32819045764179866	0.32819045764179866
AZD0530	ENSG00000188783	0.3281254680587315	0.3281254680587315	0.3281254680587315
AZD0530	LRG_375	0.32802258584174265	0.32802258584174265	0.32802258584174265
AZD0530	ENSG00000187758	0.3279896502909275	0.3279896502909275	0.3279896502909275
AZD0530	ENSG00000105011	0.32788464878527	0.32788464878527	0.32788464878527
AZD0530	ENSG00000068097	0.3278445543365202	0.3278445543365202	0.3278445543365202
AZD0530	ENSG00000013392	0.3277893612461634	0.3277893612461634	0.3277893612461634
AZD0530	ENSG00000022355	0.3277639771227867	0.3277639771227867	0.3277639771227867
AZD0530	ENSG00000145879	0.3276821062753399	0.3276821062753399	0.3276821062753399
AZD0530	ENSG00000139323	0.3275665248171639	0.3275665248171639	0.3275665248171639
AZD0530	ENSG00000197880	0.3275610193213354	0.3275610193213354	0.3275610193213354
AZD0530	ENSG00000106245	0.3274456234147227	0.3274456234147227	0.3274456234147227
AZD0530	ENSG00000128567	0.3273712327388394	0.3273712327388394	0.3273712327388394
AZD0530	LOC283731	0.32723849731248644	0.32723849731248644	0.32723849731248644
AZD0530	ENSG00000228630	0.32721645862696014	0.32721645862696014	0.32721645862696014
AZD0530	ENSG00000099219	0.32721228219353904	0.32721228219353904	0.32721228219353904
AZD0530	ENSG00000163736	0.32712532877523914	0.32712532877523914	0.32712532877523914
AZD0530	ENSG00000044459	0.3270411759271229	0.3270411759271229	0.3270411759271229
AZD0530	LOC100134361	0.32694472029428073	0.32694472029428073	0.32694472029428073
AZD0530	ENSG00000143375	0.32691615767398213	0.32691615767398213	0.32691615767398213
AZD0530	ENSG00000137040	0.3268259580031682	0.3268259580031682	0.3268259580031682
AZD0530	ENSG00000103310	0.3267851233518011	0.3267851233518011	0.3267851233518011
AZD0530	LRG_657	0.32670857514328827	0.32670857514328827	0.32670857514328827
AZD0530	ENSG00000254369	0.3266223056676563	0.3266223056676563	0.3266223056676563
AZD0530	ENSG00000136999	0.3266144734753174	0.3266144734753174	0.3266144734753174
AZD0530	ENSG00000101346	0.326517012362193	0.326517012362193	0.326517012362193
AZD0530	ENSG00000146285	0.32646434725539936	0.32646434725539936	0.32646434725539936
AZD0530	ENSG00000146151	0.32636275993712877	0.32636275993712877	0.32636275993712877
AZD0530	ENSG00000177465	0.32618618051068615	0.32618618051068615	0.32618618051068615
AZD0530	ENSG00000105141	0.3261261462591828	0.3261261462591828	0.3261261462591828
AZD0530	ENSG00000146122	0.32607777991005416	0.32607777991005416	0.32607777991005416
AZD0530	ENSG00000136997	0.3260708362283724	0.3260708362283724	0.3260708362283724
AZD0530	ENSG00000136689	0.3260412527176787	0.3260412527176787	0.3260412527176787
AZD0530	ENSG00000187954	0.32584935295449313	0.32584935295449313	0.32584935295449313
AZD0530	ENSG00000126453	0.325838699924274	0.325838699924274	0.325838699924274
AZD0530	ENSG00000076258	0.32562775006084094	0.32562775006084094	0.32562775006084094
AZD0530	ENSG00000181610	0.3255186217135359	0.3255186217135359	0.3255186217135359
AZD0530	ENSG00000116771	0.3254617040115257	0.3254617040115257	0.3254617040115257
AZD0530	ENSG00000153291	0.32538835773806923	0.32538835773806923	0.32538835773806923
AZD0530	ENSG00000069431	0.325271334450054	0.325271334450054	0.325271334450054
AZD0530	ENSG00000118785	0.32496006548676787	0.32496006548676787	0.32496006548676787
AZD0530	ENSG00000182446	0.324902811511488	0.324902811511488	0.324902811511488
AZD0530	ENSG00000103249	0.3248959693664859	0.3248959693664859	0.3248959693664859
AZD0530	ENSG00000131068	0.32473096798276174	0.32473096798276174	0.32473096798276174
AZD0530	ENSG00000170855	0.32469611188146624	0.32469611188146624	0.32469611188146624
AZD0530	ENSG00000132464	0.32461407649448676	0.32461407649448676	0.32461407649448676
AZD0530	ENSG00000271361	0.32458899134630115	0.32458899134630115	0.32458899134630115
AZD0530	ENSG00000130487	0.3245213905951192	0.3245213905951192	0.3245213905951192
AZD0530	LOC340017	0.3244848897976253	0.3244848897976253	0.3244848897976253
AZD0530	ENSG00000113048	0.3244400580087871	0.3244400580087871	0.3244400580087871
AZD0530	ENSG00000093167	0.3243913020896763	0.3243913020896763	0.3243913020896763
AZD0530	ENSG00000041802	0.3243240051966187	0.3243240051966187	0.3243240051966187
AZD0530	ENSG00000105483	0.32432310913129764	0.32432310913129764	0.32432310913129764
AZD0530	C20orf61	0.3243211111600058	0.3243211111600058	0.3243211111600058
AZD0530	ENSG00000148602	0.32428380729988737	0.32428380729988737	0.32428380729988737
AZD0530	ENSG00000130734	0.3241824439963414	0.3241824439963414	0.3241824439963414
AZD0530	LRG_395	0.32414799802735444	0.32414799802735444	0.32414799802735444
AZD0530	ENSG00000117475	0.324122277579736	0.324122277579736	0.324122277579736
AZD0530	ENSG00000145888	0.3238013793238448	0.3238013793238448	0.3238013793238448
AZD0530	ENSG00000117115	0.3236394223462602	0.3236394223462602	0.3236394223462602
AZD0530	ENSG00000250254	0.323443041249716	0.323443041249716	0.323443041249716
AZD0530	ENSG00000206552	0.32334684778739964	0.32334684778739964	0.32334684778739964
AZD0530	ENSG00000122359	0.32330101774156733	0.32330101774156733	0.32330101774156733
AZD0530	ENSG00000156113	0.32295724591858577	0.32295724591858577	0.32295724591858577
AZD0530	ENSG00000233220	0.32289107232610803	0.32289107232610803	0.32289107232610803
AZD0530	ENSG00000122735	0.32286762831972204	0.32286762831972204	0.32286762831972204
AZD0530	ENSG00000166797	0.3226967540976781	0.3226967540976781	0.3226967540976781
AZD0530	ENSG00000183576	0.32245352328165383	0.32245352328165383	0.32245352328165383
AZD0530	ENSG00000130766	0.3223907596805626	0.3223907596805626	0.3223907596805626
AZD0530	ENSG00000090932	0.32212011168453814	0.32212011168453814	0.32212011168453814
AZD0530	FAM18A	0.3219969932860575	0.3219969932860575	0.3219969932860575
AZD0530	ENSG00000278738	0.32199155655171774	0.32199155655171774	0.32199155655171774
AZD0530	ENSG00000139572	0.3219459774554485	0.3219459774554485	0.3219459774554485
AZD0530	ENSG00000014216	0.32192883174746684	0.32192883174746684	0.32192883174746684
AZD0530	ENSG00000145833	0.32190595812517087	0.32190595812517087	0.32190595812517087
AZD0530	ENSG00000149091	0.3218752943615467	0.3218752943615467	0.3218752943615467
AZD0530	ENSG00000139679	0.3217858246759706	0.3217858246759706	0.3217858246759706
AZD0530	ENSG00000162585	0.32177193936106235	0.32177193936106235	0.32177193936106235
AZD0530	ENSG00000168303	0.32174408516092456	0.32174408516092456	0.32174408516092456
AZD0530	ENSG00000171388	0.3215927811320353	0.3215927811320353	0.3215927811320353
AZD0530	ENSG00000155760	0.3215853417524909	0.3215853417524909	0.3215853417524909
AZD0530	ENSG00000254470	0.32151331560729757	0.32151331560729757	0.32151331560729757
AZD0530	ENSG00000169762	0.3214570714775182	0.3214570714775182	0.3214570714775182
AZD0530	ENSG00000112290	0.3212861949297623	0.3212861949297623	0.3212861949297623
AZD0530	ENSG00000273899	0.3212709962641562	0.3212709962641562	0.3212709962641562
AZD0530	ENSG00000100055	0.3211305450281836	0.3211305450281836	0.3211305450281836
AZD0530	ENSG00000141200	0.32108791003062365	0.32108791003062365	0.32108791003062365
AZD0530	ENSG00000133980	0.3210542319853448	0.3210542319853448	0.3210542319853448
AZD0530	ENSG00000171631	0.3207437319227715	0.3207437319227715	0.3207437319227715
AZD0530	LOC100506926	0.32058181438750627	0.32058181438750627	0.32058181438750627
AZD0530	ENSG00000130313	0.32029794367720443	0.32029794367720443	0.32029794367720443
AZD0530	ENSG00000105220	0.32026787299028814	0.32026787299028814	0.32026787299028814
AZD0530	ENSG00000198677	0.320244976210366	0.320244976210366	0.320244976210366
AZD0530	ENSG00000137942	0.3201787568665396	0.3201787568665396	0.3201787568665396
AZD0530	ENSG00000114446	0.3200062811752691	0.3200062811752691	0.3200062811752691
AZD0530	ENSG00000168743	0.3199696742429007	0.3199696742429007	0.3199696742429007
AZD0530	LOC100507424	0.3196331293232842	0.3196331293232842	0.3196331293232842
AZD0530	LOC285593	0.3194827004167839	0.3194827004167839	0.3194827004167839
AZD0530	ENSG00000164574	0.3193712094187002	0.3193712094187002	0.3193712094187002
AZD0530	ENSG00000204897	0.319252493429965	0.319252493429965	0.319252493429965
AZD0530	LOC441601	0.3191901385013752	0.3191901385013752	0.3191901385013752
AZD0530	ENSG00000134716	0.3191034144928598	0.3191034144928598	0.3191034144928598
AZD0530	LOC158376	0.31903170461123515	0.31903170461123515	0.31903170461123515
AZD0530	ENSG00000204392	0.31901285048311334	0.31901285048311334	0.31901285048311334
AZD0530	ENSG00000165244	0.3188777821848157	0.3188777821848157	0.3188777821848157
AZD0530	ENSG00000257335	0.31886856346113285	0.31886856346113285	0.31886856346113285
AZD0530	ENSG00000139746	0.31869995830306613	0.31869995830306613	0.31869995830306613
AZD0530	ENSG00000112787	0.31854583156380717	0.31854583156380717	0.31854583156380717
AZD0530	ENSG00000141741	0.3184701063761157	0.3184701063761157	0.3184701063761157
AZD0530	ENSG00000211805	0.3181811639379092	0.3181811639379092	0.3181811639379092
AZD0530	ENSG00000110723	0.31817762321907045	0.31817762321907045	0.31817762321907045
AZD0530	ENSG00000077463	0.31810220892352803	0.31810220892352803	0.31810220892352803
AZD0530	ENSG00000166926	0.31800511267450515	0.31800511267450515	0.31800511267450515
AZD0530	ENSG00000182093	0.3177963472904891	0.3177963472904891	0.3177963472904891
AZD0530	ENSG00000211640	0.31757857312118154	0.31757857312118154	0.31757857312118154
AZD0530	ENSG00000114030	0.3174545289977472	0.3174545289977472	0.3174545289977472
AZD0530	ENSG00000136710	0.3172914715906434	0.3172914715906434	0.3172914715906434
AZD0530	ENSG00000176658	0.3171249725637981	0.3171249725637981	0.3171249725637981
AZD0530	ENSG00000215612	0.3170959673834348	0.3170959673834348	0.3170959673834348
AZD0530	ENSG00000129437	0.3170302988139937	0.3170302988139937	0.3170302988139937
AZD0530	ENSG00000108556	0.316880177754415	0.316880177754415	0.316880177754415
AZD0530	ENSG00000015171	0.31687525089235086	0.31687525089235086	0.31687525089235086
AZD0530	ENSG00000154655	0.31685415030549263	0.31685415030549263	0.31685415030549263
AZD0530	ENSG00000214941	0.3168475553514611	0.3168475553514611	0.3168475553514611
AZD0530	ENSG00000250361	0.31677683475101176	0.31677683475101176	0.31677683475101176
AZD0530	ENSG00000198003	0.31675344384012905	0.31675344384012905	0.31675344384012905
AZD0530	ENSG00000108176	0.31672452932372647	0.31672452932372647	0.31672452932372647
AZD0530	ENSG00000078795	0.3165552631958743	0.3165552631958743	0.3165552631958743
AZD0530	ENSG00000198929	0.31635237079580136	0.31635237079580136	0.31635237079580136
AZD0530	ENSG00000155980	0.31628973116677883	0.31628973116677883	0.31628973116677883
AZD0530	ENSG00000080618	0.3162787235873444	0.3162787235873444	0.3162787235873444
AZD0530	ENSG00000019144	0.3161856471863495	0.3161856471863495	0.3161856471863495
AZD0530	ENSG00000160551	0.3161034214996726	0.3161034214996726	0.3161034214996726
AZD0530	ENSG00000113845	0.31596287947839846	0.31596287947839846	0.31596287947839846
AZD0530	ENSG00000110536	0.31585476257577644	0.31585476257577644	0.31585476257577644
AZD0530	RFPL3-AS1	0.3157381764706689	0.3157381764706689	0.3157381764706689
AZD0530	ENSG00000188997	0.31572837405536597	0.31572837405536597	0.31572837405536597
AZD0530	RABL5	0.3156188152864598	0.3156188152864598	0.3156188152864598
AZD0530	ENSG00000134030	0.31544911894968003	0.31544911894968003	0.31544911894968003
AZD0530	ENSG00000172171	0.3153233128102675	0.3153233128102675	0.3153233128102675
AZD0530	ENSG00000048140	0.31507374464112464	0.31507374464112464	0.31507374464112464
AZD0530	ENSG00000144749	0.31507357236860195	0.31507357236860195	0.31507357236860195
AZD0530	ENSG00000074527	0.3150663714801462	0.3150663714801462	0.3150663714801462
AZD0530	ENSG00000182827	0.31501065782011994	0.31501065782011994	0.31501065782011994
AZD0530	ENSG00000116675	0.3150069346046224	0.3150069346046224	0.3150069346046224
AZD0530	ACBD6	0.31494992519273785	0.31494992519273785	0.31494992519273785
AZD0530	ENSG00000133302	0.3149338278636053	0.3149338278636053	0.3149338278636053
AZD0530	LOC100506848	0.31491298846127186	0.31491298846127186	0.31491298846127186
AZD0530	ENSG00000242173	0.31490438977874197	0.31490438977874197	0.31490438977874197
AZD0530	ENSG00000103528	0.3147497122809209	0.3147497122809209	0.3147497122809209
AZD0530	C3orf51	0.31466918349248524	0.31466918349248524	0.31466918349248524
AZD0530	ENSG00000105664	0.31466717144774353	0.31466717144774353	0.31466717144774353
AZD0530	LOC151171	0.31464021587653623	0.31464021587653623	0.31464021587653623
AZD0530	ENSG00000171533	0.3146075310742748	0.3146075310742748	0.3146075310742748
AZD0530	ENSG00000142541	0.31449257487035354	0.31449257487035354	0.31449257487035354
AZD0530	ENSG00000130540	0.31444004720759466	0.31444004720759466	0.31444004720759466
AZD0530	ENSG00000171873	0.3143222327540044	0.3143222327540044	0.3143222327540044
AZD0530	ENSG00000118246	0.3142445620117171	0.3142445620117171	0.3142445620117171
AZD0530	ENSG00000214193	0.3141781471859437	0.3141781471859437	0.3141781471859437
AZD0530	OSTBETA	0.31415665507852153	0.31415665507852153	0.31415665507852153
AZD0530	ENSG00000154856	0.31392227512427606	0.31392227512427606	0.31392227512427606
AZD0530	ENSG00000149948	0.31391709925451317	0.31391709925451317	0.31391709925451317
AZD0530	ENSG00000115758	0.3139085962505879	0.3139085962505879	0.3139085962505879
AZD0530	ENSG00000239857	0.31381939328565833	0.31381939328565833	0.31381939328565833
AZD0530	ENSG00000143971	0.31376978911286785	0.31376978911286785	0.31376978911286785
AZD0530	ENSG00000005100	0.3135542795317902	0.3135542795317902	0.3135542795317902
AZD0530	ENSG00000165916	0.3134288664950826	0.3134288664950826	0.3134288664950826
AZD0530	ENSG00000262156	0.31330099479270856	0.31330099479270856	0.31330099479270856
AZD0530	ENSG00000057757	0.3131800116319193	0.3131800116319193	0.3131800116319193
AZD0530	ENSG00000218416	0.31310632305150093	0.31310632305150093	0.31310632305150093
AZD0530	ENSG00000277494	0.31307623545634544	0.31307623545634544	0.31307623545634544
AZD0530	ENSG00000019102	0.31304367920966114	0.31304367920966114	0.31304367920966114
AZD0530	ENSG00000250305	0.31300186398063073	0.31300186398063073	0.31300186398063073
AZD0530	ENSG00000122687	0.3129799026001663	0.3129799026001663	0.3129799026001663
AZD0530	ENSG00000111341	0.3129459867542959	0.3129459867542959	0.3129459867542959
AZD0530	LOC149086	0.31286420998084097	0.31286420998084097	0.31286420998084097
AZD0530	ENSG00000197555	0.3128027286028147	0.3128027286028147	0.3128027286028147
AZD0530	ENSG00000139209	0.3127892912302817	0.3127892912302817	0.3127892912302817
AZD0530	ENSG00000168124	0.3125394317612546	0.3125394317612546	0.3125394317612546
AZD0530	ENSG00000102048	0.31253202979203226	0.31253202979203226	0.31253202979203226
AZD0530	ENSG00000102781	0.3125261866555222	0.3125261866555222	0.3125261866555222
AZD0530	ENSG00000247077	0.3123960224284923	0.3123960224284923	0.3123960224284923
AZD0530	ENSG00000111897	0.31237555335919204	0.31237555335919204	0.31237555335919204
AZD0530	LRG_330	0.3123363119240492	0.3123363119240492	0.3123363119240492
AZD0530	ENSG00000211791	0.31213342676002365	0.31213342676002365	0.31213342676002365
AZD0530	ENSG00000177640	0.31204489009185377	0.31204489009185377	0.31204489009185377
AZD0530	ENSG00000173230	0.3119633222346333	0.3119633222346333	0.3119633222346333
AZD0530	ENSG00000184271	0.3118697326272239	0.3118697326272239	0.3118697326272239
AZD0530	LOC645431	0.3118238582011656	0.3118238582011656	0.3118238582011656
AZD0530	ENSG00000172270	0.3118036642684655	0.3118036642684655	0.3118036642684655
AZD0530	ENSG00000198915	0.31175643979603523	0.31175643979603523	0.31175643979603523
AZD0530	ENSG00000101489	0.31148469233257214	0.31148469233257214	0.31148469233257214
AZD0530	ENSG00000189139	0.31148381963143834	0.31148381963143834	0.31148381963143834
AZD0530	ENSG00000007202	0.3114033281217406	0.3114033281217406	0.3114033281217406
AZD0530	ENSG00000153303	0.31136635873791624	0.31136635873791624	0.31136635873791624
AZD0530	ENSG00000258366	0.31128387399029356	0.31128387399029356	0.31128387399029356
AZD0530	SPRYD5	0.3112202989973148	0.3112202989973148	0.3112202989973148
AZD0530	ENSG00000131187	0.31108621016667115	0.31108621016667115	0.31108621016667115
AZD0530	ENSG00000159247	0.3110270227309849	0.3110270227309849	0.3110270227309849
AZD0530	ENSG00000125730	0.31100969108415033	0.31100969108415033	0.31100969108415033
AZD0530	ENSG00000213906	0.31091359707094834	0.31091359707094834	0.31091359707094834
AZD0530	ENSG00000178691	0.31084482804794317	0.31084482804794317	0.31084482804794317
AZD0530	ENSG00000072195	0.3106459806262701	0.3106459806262701	0.3106459806262701
AZD0530	ENSG00000125733	0.31058940459154327	0.31058940459154327	0.31058940459154327
AZD0530	LOC100506291	0.3103572758277629	0.3103572758277629	0.3103572758277629
AZD0530	ENSG00000198492	0.3103440964475371	0.3103440964475371	0.3103440964475371
AZD0530	ENSG00000183117	0.31026112390607424	0.31026112390607424	0.31026112390607424
AZD0530	ENSG00000163617	0.31025463210287785	0.31025463210287785	0.31025463210287785
AZD0530	ENSG00000124181	0.31020606334769824	0.31020606334769824	0.31020606334769824
AZD0530	ENSG00000122952	0.3099663012378514	0.3099663012378514	0.3099663012378514
AZD0530	ENSG00000075461	0.30993304857113496	0.30993304857113496	0.30993304857113496
AZD0530	ENSG00000117971	0.309863786132863	0.309863786132863	0.309863786132863
AZD0530	ENSG00000056972	0.30976773745006925	0.30976773745006925	0.30976773745006925
AZD0530	ENSG00000051382	0.30974553932245474	0.30974553932245474	0.30974553932245474
AZD0530	ENSG00000178752	0.30971270117419925	0.30971270117419925	0.30971270117419925
AZD0530	ENSG00000141367	0.3096358628368171	0.3096358628368171	0.3096358628368171
AZD0530	ENSG00000011201	0.30963388295104294	0.30963388295104294	0.30963388295104294
AZD0530	ENSG00000204842	0.3096098008906433	0.3096098008906433	0.3096098008906433
AZD0530	ENSG00000162897	0.3095884543603495	0.3095884543603495	0.3095884543603495
AZD0530	ENSG00000139173	0.30955651226016073	0.30955651226016073	0.30955651226016073
AZD0530	ENSG00000104450	0.309531732272171	0.309531732272171	0.309531732272171
AZD0530	ENSG00000172995	0.30948458510839216	0.30948458510839216	0.30948458510839216
AZD0530	ENSG00000168490	0.30944124738931866	0.30944124738931866	0.30944124738931866
AZD0530	ENSG00000165669	0.3093791350115928	0.3093791350115928	0.3093791350115928
AZD0530	OR8G2	0.3093377137138669	0.3093377137138669	0.3093377137138669
AZD0530	ENSG00000040487	0.3092647181252909	0.3092647181252909	0.3092647181252909
AZD0530	ENSG00000257017	0.3091987644594879	0.3091987644594879	0.3091987644594879
AZD0530	ENSG00000278062	0.3091321990238063	0.3091321990238063	0.3091321990238063
AZD0530	ENSG00000065485	0.30908752887961005	0.30908752887961005	0.30908752887961005
AZD0530	ENSG00000024862	0.30905986687282544	0.30905986687282544	0.30905986687282544
AZD0530	ENSG00000104946	0.30892882806433575	0.30892882806433575	0.30892882806433575
AZD0530	ENSG00000145220	0.30889738838582853	0.30889738838582853	0.30889738838582853
AZD0530	ZHX1-C8ORF76	0.30867933986331425	0.30867933986331425	0.30867933986331425
AZD0530	ENSG00000170454	0.30866781229517015	0.30866781229517015	0.30866781229517015
AZD0530	ENSG00000162409	0.3086323168765552	0.3086323168765552	0.3086323168765552
AZD0530	ENSG00000055130	0.30860709890911364	0.30860709890911364	0.30860709890911364
AZD0530	SMCR7	0.3085169665537575	0.3085169665537575	0.3085169665537575
AZD0530	ENSG00000162961	0.3084062311985622	0.3084062311985622	0.3084062311985622
AZD0530	LRG_755	0.30835486787331273	0.30835486787331273	0.30835486787331273
AZD0530	ENSG00000187193	0.3082711312934257	0.3082711312934257	0.3082711312934257
AZD0530	ENSG00000120211	0.3082238200382914	0.3082238200382914	0.3082238200382914
AZD0530	ENSG00000163703	0.3081887195816427	0.3081887195816427	0.3081887195816427
AZD0530	ENSG00000132768	0.3081648691304758	0.3081648691304758	0.3081648691304758
AZD0530	ENSG00000226402	0.3080738248403308	0.3080738248403308	0.3080738248403308
AZD0530	ENSG00000172986	0.30785370293058323	0.30785370293058323	0.30785370293058323
AZD0530	ENSG00000156976	0.3073972539018226	0.3073972539018226	0.3073972539018226
AZD0530	ENSG00000206549	0.3068532091280683	0.3068532091280683	0.3068532091280683
AZD0530	ENSG00000164715	0.30657133435943834	0.30657133435943834	0.30657133435943834
AZD0530	ENSG00000114544	0.30656657794474973	0.30656657794474973	0.30656657794474973
AZD0530	ENSG00000228592	0.3064884804788647	0.3064884804788647	0.3064884804788647
AZD0530	FAM100A	0.3064465314264283	0.3064465314264283	0.3064465314264283
AZD0530	ENSG00000214765	0.306402806449405	0.306402806449405	0.306402806449405
AZD0530	CCDC104	0.3063611240189277	0.3063611240189277	0.3063611240189277
AZD0530	ENSG00000187955	0.30622054536673105	0.30622054536673105	0.30622054536673105
AZD0530	ENSG00000277157	0.3060304089715688	0.3060304089715688	0.3060304089715688
AZD0530	ENSG00000164303	0.3059751170931347	0.3059751170931347	0.3059751170931347
AZD0530	ENSG00000167705	0.3057712997140935	0.3057712997140935	0.3057712997140935
AZD0530	ENSG00000100138	0.30565345156305435	0.30565345156305435	0.30565345156305435
AZD0530	ENSG00000196865	0.3055863881440232	0.3055863881440232	0.3055863881440232
AZD0530	ENSG00000144895	0.30548035495377085	0.30548035495377085	0.30548035495377085
AZD0530	ENSG00000135940	0.30542752317773114	0.30542752317773114	0.30542752317773114
AZD0530	LRG_122	0.30541762662944105	0.30541762662944105	0.30541762662944105
AZD0530	LRG_279	0.3053641149547593	0.3053641149547593	0.3053641149547593
AZD0530	ENSG00000164916	0.3053541411843875	0.3053541411843875	0.3053541411843875
AZD0530	ENSG00000109919	0.3053529027024621	0.3053529027024621	0.3053529027024621
AZD0530	ENSG00000104964	0.3052166065561396	0.3052166065561396	0.3052166065561396
AZD0530	ENSG00000139083	0.30514185855280224	0.30514185855280224	0.30514185855280224
AZD0530	ENSG00000123358	0.3050586781299596	0.3050586781299596	0.3050586781299596
AZD0530	LOC100505776	0.30501553886572236	0.30501553886572236	0.30501553886572236
AZD0530	ENSG00000258227	0.3049532712354273	0.3049532712354273	0.3049532712354273
AZD0530	ENSG00000176927	0.30494437431583327	0.30494437431583327	0.30494437431583327
AZD0530	LOC100506651	0.3049040572500103	0.3049040572500103	0.3049040572500103
AZD0530	ENSG00000198513	0.30485130869511623	0.30485130869511623	0.30485130869511623
AZD0530	LOC645321	0.3048334373751099	0.3048334373751099	0.3048334373751099
AZD0530	ZNF542	0.30477714369615544	0.30477714369615544	0.30477714369615544
AZD0530	ENSG00000163872	0.304709566170062	0.304709566170062	0.304709566170062
AZD0530	LOC100505606	0.304700108556117	0.304700108556117	0.304700108556117
AZD0530	ENSG00000079277	0.30462573810678184	0.30462573810678184	0.30462573810678184
AZD0530	ENSG00000168260	0.3046015261971821	0.3046015261971821	0.3046015261971821
AZD0530	LOC100506963	0.3045960632994326	0.3045960632994326	0.3045960632994326
AZD0530	ENSG00000166845	0.3044900497239994	0.3044900497239994	0.3044900497239994
AZD0530	ENSG00000167768	0.3044767065419034	0.3044767065419034	0.3044767065419034
AZD0530	ENSG00000177103	0.30440378268279816	0.30440378268279816	0.30440378268279816
AZD0530	ENSG00000263001	0.3043739105193276	0.3043739105193276	0.3043739105193276
AZD0530	ENSG00000184588	0.3043552183943705	0.3043552183943705	0.3043552183943705
AZD0530	ENSG00000104953	0.30425511108637515	0.30425511108637515	0.30425511108637515
AZD0530	ENSG00000089123	0.3041377728836312	0.3041377728836312	0.3041377728836312
AZD0530	ENSG00000171551	0.3040743739480071	0.3040743739480071	0.3040743739480071
AZD0530	LOC100507448	0.3040024582332196	0.3040024582332196	0.3040024582332196
AZD0530	ENSG00000092758	0.3039850768225177	0.3039850768225177	0.3039850768225177
AZD0530	ENSG00000151623	0.3039642502885725	0.3039642502885725	0.3039642502885725
AZD0530	ENSG00000281106	0.30396355210106835	0.30396355210106835	0.30396355210106835
AZD0530	ENSG00000130638	0.3038867503989862	0.3038867503989862	0.3038867503989862
AZD0530	ENSG00000116750	0.3037687958630476	0.3037687958630476	0.3037687958630476
AZD0530	ENSG00000166118	0.30366077496789734	0.30366077496789734	0.30366077496789734
AZD0530	CXXC11	0.30363804016127305	0.30363804016127305	0.30363804016127305
AZD0530	ENSG00000274352	0.3036099218387702	0.3036099218387702	0.3036099218387702
AZD0530	ENSG00000092148	0.30353654902762184	0.30353654902762184	0.30353654902762184
AZD0530	ENSG00000104979	0.3034779825223649	0.3034779825223649	0.3034779825223649
AZD0530	LOC440131	0.3034137904159913	0.3034137904159913	0.3034137904159913
AZD0530	ENSG00000105928	0.3033477708294711	0.3033477708294711	0.3033477708294711
AZD0530	ENSG00000185527	0.3031825464583396	0.3031825464583396	0.3031825464583396
AZD0530	ENSG00000082641	0.302937251524069	0.302937251524069	0.302937251524069
AZD0530	ENSG00000060566	0.3029144910356148	0.3029144910356148	0.3029144910356148
AZD0530	ENSG00000122378	0.3028511304025902	0.3028511304025902	0.3028511304025902
AZD0530	ENSG00000092140	0.3025645235248133	0.3025645235248133	0.3025645235248133
AZD0530	ENSG00000125755	0.30246175504614126	0.30246175504614126	0.30246175504614126
AZD0530	ENSG00000233151	0.3024441008009174	0.3024441008009174	0.3024441008009174
AZD0530	LOC100505525	0.30242184922890153	0.30242184922890153	0.30242184922890153
AZD0530	ENSG00000135127	0.30210214585641765	0.30210214585641765	0.30210214585641765
AZD0530	LOC646168	0.30208930331755096	0.30208930331755096	0.30208930331755096
AZD0530	ENSG00000277272	0.3019013005889481	0.3019013005889481	0.3019013005889481
AZD0530	ENSG00000165312	0.30177747140144895	0.30177747140144895	0.30177747140144895
AZD0530	ENSG00000115084	0.3016976169049923	0.3016976169049923	0.3016976169049923
AZD0530	ENSG00000181458	0.3016469400700411	0.3016469400700411	0.3016469400700411
AZD0530	LRG_184	0.30138996713684363	0.30138996713684363	0.30138996713684363
AZD0530	ENSG00000137507	0.3013119866042958	0.3013119866042958	0.3013119866042958
AZD0530	C5orf48	0.3010696811409112	0.3010696811409112	0.3010696811409112
AZD0530	LOC100507309	0.30104603188956275	0.30104603188956275	0.30104603188956275
AZD0530	ENSG00000125820	0.30104417210345397	0.30104417210345397	0.30104417210345397
AZD0530	ENSG00000128016	0.30102933173872726	0.30102933173872726	0.30102933173872726
AZD0530	ENSG00000167157	0.3008635597944241	0.3008635597944241	0.3008635597944241
AZD0530	LOC100505912	0.3006701691330042	0.3006701691330042	0.3006701691330042
AZD0530	LOC285501	0.3006304127647925	0.3006304127647925	0.3006304127647925
AZD0530	ENSG00000005073	0.30052854347052926	0.30052854347052926	0.30052854347052926
AZD0530	ENSG00000243317	0.30041171479124923	0.30041171479124923	0.30041171479124923
AZD0530	ENSG00000135898	0.30040509693690104	0.30040509693690104	0.30040509693690104
AZD0530	ENSG00000158773	0.3003794885675489	0.3003794885675489	0.3003794885675489
AZD0530	ENSG00000175264	0.3003662240372651	0.3003662240372651	0.3003662240372651
AZD0530	ENSG00000130304	0.30031435725374667	0.30031435725374667	0.30031435725374667
AZD0530	ENSG00000154007	0.3002653296556176	0.3002653296556176	0.3002653296556176
AZD0530	ENSG00000183513	0.30020386923559567	0.30020386923559567	0.30020386923559567
AZD0530	LOC100507186	0.2999397260258743	0.2999397260258743	0.2999397260258743
AZD0530	ENSG00000179921	0.2997147319428408	0.2997147319428408	0.2997147319428408
AZD0530	ENSG00000185130	0.29967810207314416	0.29967810207314416	0.29967810207314416
AZD0530	ENSG00000102243	0.29963643170639803	0.29963643170639803	0.29963643170639803
AZD0530	ENSG00000184445	0.29961209211811857	0.29961209211811857	0.29961209211811857
AZD0530	ENSG00000140848	0.299605205747048	0.299605205747048	0.299605205747048
AZD0530	ENSG00000130821	0.29950410448508485	0.29950410448508485	0.29950410448508485
AZD0530	ENSG00000104325	0.29926047624207885	0.29926047624207885	0.29926047624207885
AZD0530	ENSG00000169495	0.2992017507411245	0.2992017507411245	0.2992017507411245
AZD0530	ENSG00000230467	0.2991884706251647	0.2991884706251647	0.2991884706251647
AZD0530	ENSG00000116205	0.2991090645958042	0.2991090645958042	0.2991090645958042
AZD0530	ENSG00000275874	0.299043657519401	0.299043657519401	0.299043657519401
AZD0530	ENSG00000228109	0.2989593153917379	0.2989593153917379	0.2989593153917379
AZD0530	ENSG00000164008	0.2985841477350004	0.2985841477350004	0.2985841477350004
AZD0530	ENSG00000197562	0.2985322995953666	0.2985322995953666	0.2985322995953666
AZD0530	ENSG00000115325	0.29851529918762154	0.29851529918762154	0.29851529918762154
AZD0530	ENSG00000181885	0.2984866032503008	0.2984866032503008	0.2984866032503008
AZD0530	ENSG00000224023	0.29846778409587393	0.29846778409587393	0.29846778409587393
AZD0530	ENSG00000276495	0.29841763152714673	0.29841763152714673	0.29841763152714673
AZD0530	ENSG00000155890	0.29839004597052776	0.29839004597052776	0.29839004597052776
AZD0530	ENSG00000173349	0.2982484641516382	0.2982484641516382	0.2982484641516382
AZD0530	ENSG00000188677	0.2982435642223638	0.2982435642223638	0.2982435642223638
AZD0530	ENSG00000128203	0.29823869114501	0.29823869114501	0.29823869114501
AZD0530	ENSG00000004866	0.29818240166736265	0.29818240166736265	0.29818240166736265
AZD0530	ENSG00000250799	0.29801249929551915	0.29801249929551915	0.29801249929551915
AZD0530	ENSG00000248197	0.29787919171952293	0.29787919171952293	0.29787919171952293
AZD0530	ENSG00000197457	0.2978747540870636	0.2978747540870636	0.2978747540870636
AZD0530	ENSG00000172732	0.29769848710378133	0.29769848710378133	0.29769848710378133
AZD0530	ENSG00000101446	0.2976416820224171	0.2976416820224171	0.2976416820224171
AZD0530	DEM1	0.2975812879207804	0.2975812879207804	0.2975812879207804
AZD0530	ENSG00000101197	0.2975554826868598	0.2975554826868598	0.2975554826868598
AZD0530	ENSG00000114904	0.29738760422704863	0.29738760422704863	0.29738760422704863
AZD0530	ENSG00000173120	0.2973759419000187	0.2973759419000187	0.2973759419000187
AZD0530	ENSG00000090905	0.2973705092615052	0.2973705092615052	0.2973705092615052
AZD0530	ENSG00000141582	0.29722624063325787	0.29722624063325787	0.29722624063325787
AZD0530	ENSG00000142655	0.2971919794955601	0.2971919794955601	0.2971919794955601
AZD0530	ENSG00000186635	0.2971138760520091	0.2971138760520091	0.2971138760520091
AZD0530	ENSG00000161914	0.2970659724748309	0.2970659724748309	0.2970659724748309
AZD0530	ENSG00000162341	0.297021434931279	0.297021434931279	0.297021434931279
AZD0530	ENSG00000013588	0.29694350496241034	0.29694350496241034	0.29694350496241034
AZD0530	ENSG00000242221	0.2969059833510765	0.2969059833510765	0.2969059833510765
AZD0530	LOC100128590	0.29673967767419984	0.29673967767419984	0.29673967767419984
AZD0530	ENSG00000167900	0.29654610033872014	0.29654610033872014	0.29654610033872014
AZD0530	ENSG00000112237	0.2963992591648648	0.2963992591648648	0.2963992591648648
AZD0530	ENSG00000073350	0.2963656372444224	0.2963656372444224	0.2963656372444224
AZD0530	ENSG00000128791	0.296321138579576	0.296321138579576	0.296321138579576
AZD0530	ENSG00000130429	0.29624487621634343	0.29624487621634343	0.29624487621634343
AZD0530	ENSG00000179674	0.2960906388925582	0.2960906388925582	0.2960906388925582
AZD0530	ENSG00000221968	0.2960521128049042	0.2960521128049042	0.2960521128049042
AZD0530	ENSG00000106028	0.29587793636313353	0.29587793636313353	0.29587793636313353
AZD0530	ENSG00000141295	0.29586715651284456	0.29586715651284456	0.29586715651284456
AZD0530	ENSG00000054611	0.2957811613288358	0.2957811613288358	0.2957811613288358
AZD0530	LOC645188	0.2956219632314104	0.2956219632314104	0.2956219632314104
AZD0530	ENSG00000087053	0.2956164082625807	0.2956164082625807	0.2956164082625807
AZD0530	ENSG00000179796	0.29553286024077036	0.29553286024077036	0.29553286024077036
AZD0530	ENSG00000281139	0.29551567700165804	0.29551567700165804	0.29551567700165804
AZD0530	ENSG00000198945	0.2954927672626526	0.2954927672626526	0.2954927672626526
AZD0530	ENSG00000173681	0.29548495223160437	0.29548495223160437	0.29548495223160437
AZD0530	ENSG00000121905	0.2954825260056861	0.2954825260056861	0.2954825260056861
AZD0530	ENSG00000100156	0.29535824748484507	0.29535824748484507	0.29535824748484507
AZD0530	ENSG00000115009	0.2953519416500494	0.2953519416500494	0.2953519416500494
AZD0530	ENSG00000187601	0.2952183830057113	0.2952183830057113	0.2952183830057113
AZD0530	ENSG00000135390	0.2952178492768838	0.2952178492768838	0.2952178492768838
AZD0530	ENSG00000109472	0.29516801179529534	0.29516801179529534	0.29516801179529534
AZD0530	ENSG00000142233	0.29514836943322703	0.29514836943322703	0.29514836943322703
AZD0530	ENSG00000179772	0.2948815898920941	0.2948815898920941	0.2948815898920941
AZD0530	ENSG00000100276	0.2948514042583349	0.2948514042583349	0.2948514042583349
AZD0530	ENSG00000265203	0.294831798823927	0.294831798823927	0.294831798823927
AZD0530	ENSG00000070985	0.2948106054960563	0.2948106054960563	0.2948106054960563
AZD0530	ENSG00000122180	0.29475455272469164	0.29475455272469164	0.29475455272469164
AZD0530	ENSG00000104643	0.2947328864703793	0.2947328864703793	0.2947328864703793
AZD0530	ENSG00000153879	0.2947134490540367	0.2947134490540367	0.2947134490540367
AZD0530	ENSG00000151892	0.29446640986948835	0.29446640986948835	0.29446640986948835
AZD0530	ENSG00000152969	0.2944354931570139	0.2944354931570139	0.2944354931570139
AZD0530	ENSG00000082805	0.29441814972247443	0.29441814972247443	0.29441814972247443
AZD0530	ENSG00000188493	0.29431872071772575	0.29431872071772575	0.29431872071772575
AZD0530	ENSG00000140092	0.2942479874124348	0.2942479874124348	0.2942479874124348
AZD0530	ENSG00000126752	0.2937869396244617	0.2937869396244617	0.2937869396244617
AZD0530	ENSG00000118972	0.293743582334408	0.293743582334408	0.293743582334408
AZD0530	ENSG00000239306	0.29364225853982684	0.29364225853982684	0.29364225853982684
AZD0530	ENSG00000043514	0.29362033336224996	0.29362033336224996	0.29362033336224996
AZD0530	ENSG00000164816	0.2934831800554952	0.2934831800554952	0.2934831800554952
AZD0530	LOC100131316	0.29334188086611684	0.29334188086611684	0.29334188086611684
AZD0530	ENSG00000242550	0.2931778438677929	0.2931778438677929	0.2931778438677929
AZD0530	ENSG00000111554	0.29310984141991503	0.29310984141991503	0.29310984141991503
AZD0530	ENSG00000169554	0.293092033511978	0.293092033511978	0.293092033511978
AZD0530	ENSG00000235034	0.2930011266120918	0.2930011266120918	0.2930011266120918
AZD0530	ENSG00000144674	0.29272181312777457	0.29272181312777457	0.29272181312777457
AZD0530	ENSG00000132773	0.2927133910652608	0.2927133910652608	0.2927133910652608
AZD0530	ENSG00000157992	0.29246731402412807	0.29246731402412807	0.29246731402412807
AZD0530	ENSG00000152464	0.29231066914945397	0.29231066914945397	0.29231066914945397
AZD0530	ENSG00000148200	0.29217026806331964	0.29217026806331964	0.29217026806331964
AZD0530	ENSG00000124786	0.2921632873294239	0.2921632873294239	0.2921632873294239
AZD0530	ENSG00000196712	0.29208824999518734	0.29208824999518734	0.29208824999518734
AZD0530	ENSG00000141452	0.29205486775872486	0.29205486775872486	0.29205486775872486
AZD0530	ENSG00000273884	0.2919045948939581	0.2919045948939581	0.2919045948939581
AZD0530	ENSG00000064545	0.2918380028897891	0.2918380028897891	0.2918380028897891
AZD0530	ENSG00000164754	0.29182665590722023	0.29182665590722023	0.29182665590722023
AZD0530	ENSG00000138050	0.29178474811974453	0.29178474811974453	0.29178474811974453
AZD0530	ENSG00000113361	0.2917750949078499	0.2917750949078499	0.2917750949078499
AZD0530	ENSG00000166851	0.2917045660246363	0.2917045660246363	0.2917045660246363
AZD0530	LOC100507632	0.2916842527256166	0.2916842527256166	0.2916842527256166
AZD0530	ENSG00000176014	0.2916467732677861	0.2916467732677861	0.2916467732677861
AZD0530	ENSG00000123992	0.29164577153870713	0.29164577153870713	0.29164577153870713
AZD0530	ENSG00000070423	0.2915128682371055	0.2915128682371055	0.2915128682371055
AZD0530	ENSG00000106701	0.29147668864044	0.29147668864044	0.29147668864044
AZD0530	ENSG00000091513	0.2913789315435298	0.2913789315435298	0.2913789315435298
AZD0530	ENSG00000076053	0.2913763876999848	0.2913763876999848	0.2913763876999848
AZD0530	ENSG00000140553	0.2913380834774987	0.2913380834774987	0.2913380834774987
AZD0530	ENSG00000141434	0.291316210403056	0.291316210403056	0.291316210403056
AZD0530	ENSG00000073282	0.2913108931504284	0.2913108931504284	0.2913108931504284
AZD0530	ENSG00000144452	0.2911922778312226	0.2911922778312226	0.2911922778312226
AZD0530	ENSG00000160113	0.2906995018048638	0.2906995018048638	0.2906995018048638
AZD0530	ENSG00000123444	0.2905782545988233	0.2905782545988233	0.2905782545988233
AZD0530	LOC100132735	0.2905671557981352	0.2905671557981352	0.2905671557981352
AZD0530	ENSG00000168216	0.2905488658242557	0.2905488658242557	0.2905488658242557
AZD0530	ENSG00000184261	0.2905453083837839	0.2905453083837839	0.2905453083837839
AZD0530	ENSG00000126775	0.29015431056166163	0.29015431056166163	0.29015431056166163
AZD0530	ENSG00000105538	0.29005322433614344	0.29005322433614344	0.29005322433614344
AZD0530	ENSG00000237693	0.28981760394590284	0.28981760394590284	0.28981760394590284
AZD0530	ENSG00000115204	0.2894033939060828	0.2894033939060828	0.2894033939060828
AZD0530	ENSG00000151304	0.28936525639209193	0.28936525639209193	0.28936525639209193
AZD0530	ENSG00000077080	0.2893400062427863	0.2893400062427863	0.2893400062427863
AZD0530	ENSG00000166965	0.28929857871344333	0.28929857871344333	0.28929857871344333
AZD0530	LRG_287	0.28929046209595194	0.28929046209595194	0.28929046209595194
AZD0530	ODZ4	0.2892811226599304	0.2892811226599304	0.2892811226599304
AZD0530	LOC100506331	0.28924180954072387	0.28924180954072387	0.28924180954072387
AZD0530	ENSG00000271880	0.2892261777466436	0.2892261777466436	0.2892261777466436
AZD0530	ENSG00000144554	0.28909151583756815	0.28909151583756815	0.28909151583756815
AZD0530	PKM2	0.2890360529914446	0.2890360529914446	0.2890360529914446
AZD0530	ENSG00000125166	0.28902754578300965	0.28902754578300965	0.28902754578300965
AZD0530	FAM125B	0.2890023694483294	0.2890023694483294	0.2890023694483294
AZD0530	ENSG00000171135	0.28895213493498034	0.28895213493498034	0.28895213493498034
AZD0530	ENSG00000120055	0.2888330357724614	0.2888330357724614	0.2888330357724614
AZD0530	ENSG00000187231	0.2887151147145339	0.2887151147145339	0.2887151147145339
AZD0530	ENSG00000146166	0.28864857040262526	0.28864857040262526	0.28864857040262526
AZD0530	ENSG00000277656	0.28860510353625124	0.28860510353625124	0.28860510353625124
AZD0530	ENSG00000169291	0.2886050483615756	0.2886050483615756	0.2886050483615756
AZD0530	ENSG00000131650	0.2884708781480112	0.2884708781480112	0.2884708781480112
AZD0530	ENSG00000179409	0.2884402815862437	0.2884402815862437	0.2884402815862437
AZD0530	BRWD1-IT2	0.28821062784931434	0.28821062784931434	0.28821062784931434
AZD0530	LOC440117	0.2880170668397097	0.2880170668397097	0.2880170668397097
AZD0530	ENSG00000120093	0.2880036811623601	0.2880036811623601	0.2880036811623601
AZD0530	ENSG00000183668	0.2877559511861615	0.2877559511861615	0.2877559511861615
AZD0530	ENSG00000156222	0.2877423330489973	0.2877423330489973	0.2877423330489973
AZD0530	ENSG00000102145	0.28770550369109216	0.28770550369109216	0.28770550369109216
AZD0530	ENSG00000185347	0.28754177889801724	0.28754177889801724	0.28754177889801724
AZD0530	ENSG00000131910	0.28752365853389866	0.28752365853389866	0.28752365853389866
AZD0530	ENSG00000145982	0.28748480969365425	0.28748480969365425	0.28748480969365425
AZD0530	ENSG00000179933	0.28741705329088596	0.28741705329088596	0.28741705329088596
AZD0530	ENSG00000132122	0.28741305617469515	0.28741305617469515	0.28741305617469515
AZD0530	ENSG00000162591	0.28710053067978836	0.28710053067978836	0.28710053067978836
AZD0530	IL29	0.2870021172272896	0.2870021172272896	0.2870021172272896
AZD0530	ENSG00000149084	0.2869501945039336	0.2869501945039336	0.2869501945039336
AZD0530	ENSG00000120075	0.28693943023854174	0.28693943023854174	0.28693943023854174
AZD0530	ENSG00000188112	0.2869141154176979	0.2869141154176979	0.2869141154176979
AZD0530	ENSG00000103494	0.2868136086324896	0.2868136086324896	0.2868136086324896
AZD0530	LOC285878	0.28681179037795584	0.28681179037795584	0.28681179037795584
AZD0530	ENSG00000215187	0.2867387664166589	0.2867387664166589	0.2867387664166589
AZD0530	ENSG00000172000	0.2866723311769692	0.2866723311769692	0.2866723311769692
AZD0530	LOC100506470	0.2864870930898164	0.2864870930898164	0.2864870930898164
AZD0530	ENSG00000107789	0.2863855427449359	0.2863855427449359	0.2863855427449359
AZD0530	ENSG00000127993	0.2861956354945676	0.2861956354945676	0.2861956354945676
AZD0530	C1orf114	0.28615377187329283	0.28615377187329283	0.28615377187329283
AZD0530	ENSG00000107140	0.2860325869735184	0.2860325869735184	0.2860325869735184
AZD0530	ENSG00000145375	0.2859805916035158	0.2859805916035158	0.2859805916035158
AZD0530	LRG_524	0.28596924851988353	0.28596924851988353	0.28596924851988353
AZD0530	LOC100506457	0.28587641327695834	0.28587641327695834	0.28587641327695834
AZD0530	ENSG00000237637	0.285869128738082	0.285869128738082	0.285869128738082
AZD0530	ENSG00000111364	0.2857513032295133	0.2857513032295133	0.2857513032295133
AZD0530	ENSG00000103599	0.2857490151197919	0.2857490151197919	0.2857490151197919
AZD0530	ENSG00000176396	0.28549640289866834	0.28549640289866834	0.28549640289866834
AZD0530	ENSG00000170854	0.285377122695653	0.285377122695653	0.285377122695653
AZD0530	ENSG00000143297	0.28536717858817134	0.28536717858817134	0.28536717858817134
AZD0530	ENSG00000133318	0.28528940363746985	0.28528940363746985	0.28528940363746985
AZD0530	C12orf32	0.2852459926832979	0.2852459926832979	0.2852459926832979
AZD0530	ENSG00000166313	0.28503699688699574	0.28503699688699574	0.28503699688699574
AZD0530	ENSG00000181704	0.28500238171429676	0.28500238171429676	0.28500238171429676
AZD0530	ENSG00000172336	0.28499026803868904	0.28499026803868904	0.28499026803868904
AZD0530	ENSG00000103196	0.28495233228081945	0.28495233228081945	0.28495233228081945
AZD0530	ENSG00000110697	0.2849165691095316	0.2849165691095316	0.2849165691095316
AZD0530	ENSG00000164597	0.2848219127724702	0.2848219127724702	0.2848219127724702
AZD0530	LOC154092	0.28481313095924143	0.28481313095924143	0.28481313095924143
AZD0530	ENSG00000166961	0.28481168232846865	0.28481168232846865	0.28481168232846865
AZD0530	ENSG00000164684	0.2847493391007352	0.2847493391007352	0.2847493391007352
AZD0530	ENSG00000100053	0.28470160755087176	0.28470160755087176	0.28470160755087176
AZD0530	ENSG00000105699	0.28458577104426397	0.28458577104426397	0.28458577104426397
AZD0530	LOC339352	0.2845496295020507	0.2845496295020507	0.2845496295020507
AZD0530	LRG_208	0.28450534009223477	0.28450534009223477	0.28450534009223477
AZD0530	CSTT	0.2845027188088947	0.2845027188088947	0.2845027188088947
AZD0530	FAM190B	0.2844731024849533	0.2844731024849533	0.2844731024849533
AZD0530	C19orf51	0.28445993798025965	0.28445993798025965	0.28445993798025965
AZD0530	LRG_675	0.28444065130026586	0.28444065130026586	0.28444065130026586
AZD0530	ENSG00000133704	0.28438620087906064	0.28438620087906064	0.28438620087906064
AZD0530	ENSG00000103549	0.28438016272560673	0.28438016272560673	0.28438016272560673
AZD0530	ENSG00000270419	0.2843663868699105	0.2843663868699105	0.2843663868699105
AZD0530	ENSG00000183778	0.2843173571439677	0.2843173571439677	0.2843173571439677
AZD0530	ENSG00000181026	0.28426590231971843	0.28426590231971843	0.28426590231971843
AZD0530	ENSG00000125691	0.28425035839380175	0.28425035839380175	0.28425035839380175
AZD0530	ENSG00000154027	0.28417164884749474	0.28417164884749474	0.28417164884749474
AZD0530	ENSG00000148498	0.28414429263911317	0.28414429263911317	0.28414429263911317
AZD0530	ENSG00000146755	0.2840610797323892	0.2840610797323892	0.2840610797323892
AZD0530	ENSG00000109118	0.28405690703410275	0.28405690703410275	0.28405690703410275
AZD0530	ENSG00000171772	0.2840083056256193	0.2840083056256193	0.2840083056256193
AZD0530	ENSG00000034677	0.28397824907212477	0.28397824907212477	0.28397824907212477
AZD0530	ENSG00000204148	0.2839205800775087	0.2839205800775087	0.2839205800775087
AZD0530	ENSG00000171475	0.28385017731020035	0.28385017731020035	0.28385017731020035
AZD0530	ENSG00000072401	0.28382530187850635	0.28382530187850635	0.28382530187850635
AZD0530	ENSG00000221818	0.2838217814649228	0.2838217814649228	0.2838217814649228
AZD0530	ENSG00000130702	0.28378122859853216	0.28378122859853216	0.28378122859853216
AZD0530	ENSG00000277254	0.2837138819538564	0.2837138819538564	0.2837138819538564
AZD0530	ENSG00000237508	0.2835755244790464	0.2835755244790464	0.2835755244790464
AZD0530	ENSG00000162944	0.28347843521808275	0.28347843521808275	0.28347843521808275
AZD0530	CCBP2	0.28337833842877225	0.28337833842877225	0.28337833842877225
AZD0530	LOC100507330	0.28337038419010063	0.28337038419010063	0.28337038419010063
AZD0530	ENSG00000227456	0.2833358415168811	0.2833358415168811	0.2833358415168811
AZD0530	ENSG00000178038	0.28297471895592635	0.28297471895592635	0.28297471895592635
AZD0530	ENSG00000149923	0.28279325594594334	0.28279325594594334	0.28279325594594334
AZD0530	ENSG00000206073	0.2827860069298173	0.2827860069298173	0.2827860069298173
AZD0530	ENSG00000100731	0.28273715893481455	0.28273715893481455	0.28273715893481455
AZD0530	ENSG00000168952	0.28270050085148607	0.28270050085148607	0.28270050085148607
AZD0530	ENSG00000106066	0.28245286512218143	0.28245286512218143	0.28245286512218143
AZD0530	LOC84856	0.2824194517090854	0.2824194517090854	0.2824194517090854
AZD0530	ENSG00000252158	0.28241706907716313	0.28241706907716313	0.28241706907716313
AZD0530	ENSG00000111669	0.2822999234589062	0.2822999234589062	0.2822999234589062
AZD0530	ENSG00000000457	0.28210370325327444	0.28210370325327444	0.28210370325327444
AZD0530	ENSG00000124313	0.28210102424291134	0.28210102424291134	0.28210102424291134
AZD0530	ENSG00000136158	0.2819687912719096	0.2819687912719096	0.2819687912719096
AZD0530	ENSG00000074317	0.2819611793002909	0.2819611793002909	0.2819611793002909
AZD0530	ENSG00000158560	0.28131611145486535	0.28131611145486535	0.28131611145486535
AZD0530	ENSG00000164535	0.2812104044844618	0.2812104044844618	0.2812104044844618
AZD0530	ENSG00000101290	0.2811233167949817	0.2811233167949817	0.2811233167949817
AZD0530	ENSG00000131591	0.28095553558554126	0.28095553558554126	0.28095553558554126
AZD0530	ENSG00000198464	0.28093772354838903	0.28093772354838903	0.28093772354838903
AZD0530	ENSG00000113300	0.2808989886898134	0.2808989886898134	0.2808989886898134
AZD0530	ENSG00000107104	0.28088790819953335	0.28088790819953335	0.28088790819953335
AZD0530	ENSG00000139133	0.2808296872766516	0.2808296872766516	0.2808296872766516
AZD0530	ENSG00000189410	0.28054356243061984	0.28054356243061984	0.28054356243061984
AZD0530	ENSG00000149269	0.28051022071209947	0.28051022071209947	0.28051022071209947
AZD0530	ENSG00000130045	0.28028044128282303	0.28028044128282303	0.28028044128282303
AZD0530	LOC155060	0.28020700696951084	0.28020700696951084	0.28020700696951084
AZD0530	ENSG00000121940	0.2801813496258962	0.2801813496258962	0.2801813496258962
AZD0530	ENSG00000182508	0.2800798748099621	0.2800798748099621	0.2800798748099621
AZD0530	ENSG00000129657	0.2800767652564432	0.2800767652564432	0.2800767652564432
AZD0530	ENSG00000101365	0.28006024385858674	0.28006024385858674	0.28006024385858674
AZD0530	LOC100505974	0.2797720919951854	0.2797720919951854	0.2797720919951854
AZD0530	ENSG00000146477	0.2797087747082553	0.2797087747082553	0.2797087747082553
AZD0530	ENSG00000143774	0.27954787676273435	0.27954787676273435	0.27954787676273435
AZD0530	ENSG00000215533	0.27949447932628374	0.27949447932628374	0.27949447932628374
AZD0530	ENSG00000160973	0.2794539803782106	0.2794539803782106	0.2794539803782106
AZD0530	ENSG00000137825	0.2793124175009336	0.2793124175009336	0.2793124175009336
AZD0530	ENSG00000124299	0.27930741801721637	0.27930741801721637	0.27930741801721637
AZD0530	ENSG00000037757	0.279214189163037	0.279214189163037	0.279214189163037
AZD0530	MGC12916	0.2791952976283772	0.2791952976283772	0.2791952976283772
AZD0530	ENSG00000137868	0.27903188218300695	0.27903188218300695	0.27903188218300695
AZD0530	ENSG00000112984	0.27895749346568066	0.27895749346568066	0.27895749346568066
AZD0530	LOC254128	0.27880532677870584	0.27880532677870584	0.27880532677870584
AZD0530	ENSG00000054983	0.27874967079311463	0.27874967079311463	0.27874967079311463
AZD0530	ENSG00000165521	0.2786674530078387	0.2786674530078387	0.2786674530078387
AZD0530	ENSG00000167716	0.27865997591782726	0.27865997591782726	0.27865997591782726
AZD0530	RFPL1-AS1	0.27837623741981654	0.27837623741981654	0.27837623741981654
AZD0530	ENSG00000038002	0.2783085215567192	0.2783085215567192	0.2783085215567192
AZD0530	ENSG00000148290	0.2782945873699737	0.2782945873699737	0.2782945873699737
AZD0530	ENSG00000109445	0.278184125419644	0.278184125419644	0.278184125419644
AZD0530	ENSG00000262075	0.2780081175693051	0.2780081175693051	0.2780081175693051
AZD0530	ENSG00000084710	0.27800747302225726	0.27800747302225726	0.27800747302225726
AZD0530	ENSG00000142864	0.27793406716251917	0.27793406716251917	0.27793406716251917
AZD0530	ENSG00000163126	0.27790699257733825	0.27790699257733825	0.27790699257733825
AZD0530	ENSG00000128656	0.277797412337935	0.277797412337935	0.277797412337935
AZD0530	ENSG00000276335	0.2777828390661895	0.2777828390661895	0.2777828390661895
AZD0530	LOC100128288	0.277746920557637	0.277746920557637	0.277746920557637
AZD0530	LOC400794	0.2775920129083784	0.2775920129083784	0.2775920129083784
AZD0530	ENSG00000250486	0.277503144075733	0.277503144075733	0.277503144075733
AZD0530	ENSG00000152292	0.27738964564251906	0.27738964564251906	0.27738964564251906
AZD0530	ENSG00000198734	0.27735860882849245	0.27735860882849245	0.27735860882849245
AZD0530	ENSG00000164729	0.2773108886222264	0.2773108886222264	0.2773108886222264
AZD0530	ENSG00000082014	0.27716155087984096	0.27716155087984096	0.27716155087984096
AZD0530	ENSG00000172932	0.2770582376102485	0.2770582376102485	0.2770582376102485
AZD0530	ENSG00000136243	0.2770244350042698	0.2770244350042698	0.2770244350042698
AZD0530	ENSG00000147100	0.27698353255963903	0.27698353255963903	0.27698353255963903
AZD0530	ENSG00000174403	0.27696793781363027	0.27696793781363027	0.27696793781363027
AZD0530	LOC100128239	0.276967431793338	0.276967431793338	0.276967431793338
AZD0530	ENSG00000108557	0.2769014179333513	0.2769014179333513	0.2769014179333513
AZD0530	ENSG00000280197	0.2768398233485414	0.2768398233485414	0.2768398233485414
AZD0530	ENSG00000133874	0.2767754874824663	0.2767754874824663	0.2767754874824663
AZD0530	ENSG00000151876	0.27665824792792837	0.27665824792792837	0.27665824792792837
AZD0530	ENSG00000159173	0.2765329968543897	0.2765329968543897	0.2765329968543897
AZD0530	ENSG00000232977	0.2764537474994126	0.2764537474994126	0.2764537474994126
AZD0530	ENSG00000113558	0.2764405049725547	0.2764405049725547	0.2764405049725547
AZD0530	ENSG00000031081	0.2762372461974306	0.2762372461974306	0.2762372461974306
AZD0530	ENSG00000141665	0.27614254664886667	0.27614254664886667	0.27614254664886667
AZD0530	ENSG00000119125	0.27608145362754927	0.27608145362754927	0.27608145362754927
AZD0530	ENSG00000175161	0.2760235095359944	0.2760235095359944	0.2760235095359944
AZD0530	ENSG00000204954	0.27599214149175244	0.27599214149175244	0.27599214149175244
AZD0530	ENSG00000148218	0.27584774180973215	0.27584774180973215	0.27584774180973215
AZD0530	LINC00341	0.2758295677620536	0.2758295677620536	0.2758295677620536
AZD0530	LOC100505686	0.27574755284091157	0.27574755284091157	0.27574755284091157
AZD0530	LOC148709	0.27573139541314007	0.27573139541314007	0.27573139541314007
AZD0530	ENSG00000265241	0.27569616932858226	0.27569616932858226	0.27569616932858226
AZD0530	ENSG00000134186	0.27566507094374215	0.27566507094374215	0.27566507094374215
AZD0530	ENSG00000162763	0.275571998665202	0.275571998665202	0.275571998665202
AZD0530	ENSG00000033011	0.2754893975383493	0.2754893975383493	0.2754893975383493
AZD0530	ENSG00000129472	0.27541472099611336	0.27541472099611336	0.27541472099611336
AZD0530	ENSG00000137124	0.2752061245335041	0.2752061245335041	0.2752061245335041
AZD0530	ENSG00000069764	0.2751877341836299	0.2751877341836299	0.2751877341836299
AZD0530	ENSG00000103111	0.27507735406548667	0.27507735406548667	0.27507735406548667
AZD0530	ENSG00000113805	0.27503647862322733	0.27503647862322733	0.27503647862322733
AZD0530	ENSG00000101203	0.2748901703286189	0.2748901703286189	0.2748901703286189
AZD0530	ENSG00000186106	0.27473735264733073	0.27473735264733073	0.27473735264733073
AZD0530	ENSG00000158106	0.2746905602308754	0.2746905602308754	0.2746905602308754
AZD0530	ENSG00000159588	0.2746691741371885	0.2746691741371885	0.2746691741371885
AZD0530	ENSG00000142623	0.2746509521970797	0.2746509521970797	0.2746509521970797
AZD0530	ENSG00000136250	0.27454628390757335	0.27454628390757335	0.27454628390757335
AZD0530	ENSG00000132254	0.27450834546243724	0.27450834546243724	0.27450834546243724
AZD0530	ENSG00000112246	0.274499256888146	0.274499256888146	0.274499256888146
AZD0530	ENSG00000196511	0.27439129076423163	0.27439129076423163	0.27439129076423163
AZD0530	ENSG00000109101	0.2743567870943157	0.2743567870943157	0.2743567870943157
AZD0530	LOC100507288	0.2742309430873361	0.2742309430873361	0.2742309430873361
AZD0530	ENSG00000065613	0.27421741801211497	0.27421741801211497	0.27421741801211497
AZD0530	ENSG00000090006	0.274204657738512	0.274204657738512	0.274204657738512
AZD0530	ENSG00000080822	0.27419231440899705	0.27419231440899705	0.27419231440899705
AZD0530	FAM54A	0.2741478102260232	0.2741478102260232	0.2741478102260232
AZD0530	LOC254559	0.2741252433963124	0.2741252433963124	0.2741252433963124
AZD0530	ENSG00000136160	0.2741080874253059	0.2741080874253059	0.2741080874253059
AZD0530	ENSG00000077585	0.2740683857603648	0.2740683857603648	0.2740683857603648
AZD0530	ENSG00000247400	0.2740596712964068	0.2740596712964068	0.2740596712964068
AZD0530	ENSG00000230630	0.27403313896856957	0.27403313896856957	0.27403313896856957
AZD0530	ENSG00000176946	0.2739606213081054	0.2739606213081054	0.2739606213081054
AZD0530	LRG_498	0.27380981868341514	0.27380981868341514	0.27380981868341514
AZD0530	ENSG00000211819	0.27369364848597993	0.27369364848597993	0.27369364848597993
AZD0530	ENSG00000048392	0.27365345299072175	0.27365345299072175	0.27365345299072175
AZD0530	ENSG00000126214	0.27362067600157364	0.27362067600157364	0.27362067600157364
AZD0530	ENSG00000109674	0.27354914465051156	0.27354914465051156	0.27354914465051156
AZD0530	ENSG00000126460	0.27354913415444404	0.27354913415444404	0.27354913415444404
AZD0530	ENSG00000104936	0.273537081534066	0.273537081534066	0.273537081534066
AZD0530	ENSG00000116761	0.2735236301900241	0.2735236301900241	0.2735236301900241
AZD0530	ENSG00000186130	0.2733776972106347	0.2733776972106347	0.2733776972106347
AZD0530	ENSG00000198646	0.2732202326660728	0.2732202326660728	0.2732202326660728
AZD0530	FAM82A2	0.2731508137285206	0.2731508137285206	0.2731508137285206
AZD0530	ENSG00000205213	0.2729949811381801	0.2729949811381801	0.2729949811381801
AZD0530	LOC100133991	0.27279693233698354	0.27279693233698354	0.27279693233698354
AZD0530	ENSG00000074603	0.27272786274903554	0.27272786274903554	0.27272786274903554
AZD0530	ENSG00000174151	0.27263841334585476	0.27263841334585476	0.27263841334585476
AZD0530	ENSG00000198354	0.27247626774362105	0.27247626774362105	0.27247626774362105
AZD0530	ENSG00000160392	0.2724712846742938	0.2724712846742938	0.2724712846742938
AZD0530	ENSG00000186834	0.2723712813653291	0.2723712813653291	0.2723712813653291
AZD0530	ENSG00000198700	0.2722206083475979	0.2722206083475979	0.2722206083475979
AZD0530	LOC100505622	0.2721771372344744	0.2721771372344744	0.2721771372344744
AZD0530	ENSG00000179603	0.2720322919301331	0.2720322919301331	0.2720322919301331
AZD0530	ENSG00000167004	0.2720095110381771	0.2720095110381771	0.2720095110381771
AZD0530	ENSG00000015532	0.2717700807135959	0.2717700807135959	0.2717700807135959
AZD0530	ENSG00000109787	0.2717495960053797	0.2717495960053797	0.2717495960053797
AZD0530	ENSG00000100362	0.2717125138943372	0.2717125138943372	0.2717125138943372
AZD0530	LOC100652980	0.2714876165640714	0.2714876165640714	0.2714876165640714
AZD0530	ENSG00000117448	0.2714296878042173	0.2714296878042173	0.2714296878042173
AZD0530	ENSG00000158815	0.27126051690757125	0.27126051690757125	0.27126051690757125
AZD0530	LRG_722	0.27104358757582997	0.27104358757582997	0.27104358757582997
AZD0530	ENSG00000260456	0.2710239132599739	0.2710239132599739	0.2710239132599739
AZD0530	LRG_350	0.2709538865717272	0.2709538865717272	0.2709538865717272
AZD0530	ENSG00000005238	0.27094520992156296	0.27094520992156296	0.27094520992156296
AZD0530	ENSG00000155066	0.27083500867793336	0.27083500867793336	0.27083500867793336
AZD0530	ENSG00000168955	0.27058629960413216	0.27058629960413216	0.27058629960413216
AZD0530	LRG_215	0.270542799043186	0.270542799043186	0.270542799043186
AZD0530	ENSG00000114784	0.2704441917154611	0.2704441917154611	0.2704441917154611
AZD0530	ENSG00000104901	0.2703744844342901	0.2703744844342901	0.2703744844342901
AZD0530	ENSG00000143882	0.2703533417792239	0.2703533417792239	0.2703533417792239
AZD0530	ENSG00000175792	0.2700813166646564	0.2700813166646564	0.2700813166646564
AZD0530	ENSG00000102387	0.2700532089818025	0.2700532089818025	0.2700532089818025
AZD0530	ENSG00000166788	0.2699150385422823	0.2699150385422823	0.2699150385422823
AZD0530	ENSG00000178028	0.26991049089186236	0.26991049089186236	0.26991049089186236
AZD0530	C3orf45	0.2696805263980751	0.2696805263980751	0.2696805263980751
AZD0530	ENSG00000106927	0.2694821484208495	0.2694821484208495	0.2694821484208495
AZD0530	FLJ45983	0.26943724655057316	0.26943724655057316	0.26943724655057316
AZD0530	ENSG00000164099	0.26942059158330584	0.26942059158330584	0.26942059158330584
AZD0530	ENSG00000186174	0.2694136851204559	0.2694136851204559	0.2694136851204559
AZD0530	ENSG00000188760	0.26924969607721355	0.26924969607721355	0.26924969607721355
AZD0530	ENSG00000118369	0.26923842432755385	0.26923842432755385	0.26923842432755385
AZD0530	ENSG00000120370	0.2692158653206891	0.2692158653206891	0.2692158653206891
AZD0530	ENSG00000114770	0.26917934420434286	0.26917934420434286	0.26917934420434286
AZD0530	LRG_516	0.2690127232517406	0.2690127232517406	0.2690127232517406
AZD0530	ENSG00000014164	0.26897436363314575	0.26897436363314575	0.26897436363314575
AZD0530	ENSG00000168826	0.26889641189703095	0.26889641189703095	0.26889641189703095
AZD0530	ENSG00000189280	0.2687626852912554	0.2687626852912554	0.2687626852912554
AZD0530	ENSG00000110063	0.2687031486109849	0.2687031486109849	0.2687031486109849
AZD0530	LRG_28	0.2686964264562749	0.2686964264562749	0.2686964264562749
AZD0530	ENSG00000082438	0.268674733523206	0.268674733523206	0.268674733523206
AZD0530	LOC641518	0.2685485684285042	0.2685485684285042	0.2685485684285042
AZD0530	ENSG00000182158	0.2684816744100644	0.2684816744100644	0.2684816744100644
AZD0530	LOC388630	0.268410813862461	0.268410813862461	0.268410813862461
AZD0530	ENSG00000175938	0.2684071244554639	0.2684071244554639	0.2684071244554639
AZD0530	ENSG00000113368	0.2683703171963824	0.2683703171963824	0.2683703171963824
AZD0530	ENSG00000123572	0.26836762462085373	0.26836762462085373	0.26836762462085373
AZD0530	ENSG00000187140	0.26830133490029423	0.26830133490029423	0.26830133490029423
AZD0530	ENSG00000180176	0.26822980243315003	0.26822980243315003	0.26822980243315003
AZD0530	ENSG00000130733	0.26810797943348197	0.26810797943348197	0.26810797943348197
AZD0530	C19orf29	0.2680456550644062	0.2680456550644062	0.2680456550644062
AZD0530	ENSG00000033627	0.26781958163517705	0.26781958163517705	0.26781958163517705
AZD0530	ENSG00000078098	0.2677885285047068	0.2677885285047068	0.2677885285047068
AZD0530	ENSG00000163159	0.26776864002161677	0.26776864002161677	0.26776864002161677
AZD0530	ENSG00000116539	0.2675957921254683	0.2675957921254683	0.2675957921254683
AZD0530	ENSG00000088356	0.2675670912024357	0.2675670912024357	0.2675670912024357
AZD0530	ENSG00000112773	0.26752949236388346	0.26752949236388346	0.26752949236388346
AZD0530	ENSG00000176018	0.26752688428380317	0.26752688428380317	0.26752688428380317
AZD0530	ENSG00000100567	0.26739213052071703	0.26739213052071703	0.26739213052071703
AZD0530	ENSG00000173698	0.2673818484935383	0.2673818484935383	0.2673818484935383
AZD0530	LOC643783	0.26726271593075773	0.26726271593075773	0.26726271593075773
AZD0530	ENSG00000227124	0.2672520860560195	0.2672520860560195	0.2672520860560195
AZD0530	ENSG00000064205	0.26708527999634	0.26708527999634	0.26708527999634
AZD0530	ENSG00000136044	0.26702929540241355	0.26702929540241355	0.26702929540241355
AZD0530	ENSG00000075711	0.2669568481454637	0.2669568481454637	0.2669568481454637
AZD0530	ENSG00000226742	0.26686896020089274	0.26686896020089274	0.26686896020089274
AZD0530	ENSG00000051825	0.26680532395079254	0.26680532395079254	0.26680532395079254
AZD0530	ENSG00000182901	0.26665913691502136	0.26665913691502136	0.26665913691502136
AZD0530	ENSG00000071462	0.26665321119696594	0.26665321119696594	0.26665321119696594
AZD0530	ENSG00000113384	0.26657316885657	0.26657316885657	0.26657316885657
AZD0530	ENSG00000205696	0.2665439316620534	0.2665439316620534	0.2665439316620534
AZD0530	ENSG00000183844	0.2665196008159903	0.2665196008159903	0.2665196008159903
AZD0530	ENSG00000075413	0.2664743694778772	0.2664743694778772	0.2664743694778772
AZD0530	ENSG00000103507	0.2664636557234241	0.2664636557234241	0.2664636557234241
AZD0530	ENSG00000274749	0.2663680309038977	0.2663680309038977	0.2663680309038977
AZD0530	ENSG00000163162	0.2662744280957897	0.2662744280957897	0.2662744280957897
AZD0530	ENSG00000099617	0.26625569926815784	0.26625569926815784	0.26625569926815784
AZD0530	ENSG00000111271	0.266238740776947	0.266238740776947	0.266238740776947
AZD0530	ENSG00000160072	0.2659971285693307	0.2659971285693307	0.2659971285693307
AZD0530	ENSG00000225492	0.26537870898012267	0.26537870898012267	0.26537870898012267
AZD0530	ENSG00000168333	0.26532133724584156	0.26532133724584156	0.26532133724584156
AZD0530	ENSG00000197557	0.265318535666634	0.265318535666634	0.265318535666634
AZD0530	ENSG00000180228	0.26528652722039087	0.26528652722039087	0.26528652722039087
AZD0530	ENSG00000077348	0.2652445423877466	0.2652445423877466	0.2652445423877466
AZD0530	ENSG00000137462	0.26522588272020936	0.26522588272020936	0.26522588272020936
AZD0530	ENSG00000179913	0.2652201984702335	0.2652201984702335	0.2652201984702335
AZD0530	ENSG00000160055	0.26515916746031787	0.26515916746031787	0.26515916746031787
AZD0530	ENSG00000126698	0.26503083259704135	0.26503083259704135	0.26503083259704135
AZD0530	C14orf133	0.26489970726933393	0.26489970726933393	0.26489970726933393
AZD0530	ENSG00000215251	0.26484177766428535	0.26484177766428535	0.26484177766428535
AZD0530	LOC100133985	0.26478097791408456	0.26478097791408456	0.26478097791408456
AZD0530	ENSG00000182022	0.2647506694291233	0.2647506694291233	0.2647506694291233
AZD0530	C8orf51	0.2645476616688872	0.2645476616688872	0.2645476616688872
AZD0530	ENSG00000073754	0.2644605238260579	0.2644605238260579	0.2644605238260579
AZD0530	ENSG00000179761	0.264283380086878	0.264283380086878	0.264283380086878
AZD0530	ENSG00000124019	0.2642137701008505	0.2642137701008505	0.2642137701008505
AZD0530	ENSG00000198818	0.26411153105577345	0.26411153105577345	0.26411153105577345
AZD0530	ENSG00000137266	0.2640825482482042	0.2640825482482042	0.2640825482482042
AZD0530	ENSG00000089737	0.26403108766586436	0.26403108766586436	0.26403108766586436
AZD0530	ENSG00000204130	0.26394555453130797	0.26394555453130797	0.26394555453130797
AZD0530	ENSG00000169020	0.2637639567501181	0.2637639567501181	0.2637639567501181
AZD0530	ENSG00000157216	0.26368188068047055	0.26368188068047055	0.26368188068047055
AZD0530	ENSG00000117174	0.2636022327238973	0.2636022327238973	0.2636022327238973
AZD0530	LRG_219	0.26356716411118775	0.26356716411118775	0.26356716411118775
AZD0530	ENSG00000235025	0.2634827510311897	0.2634827510311897	0.2634827510311897
AZD0530	C2orf18	0.2634767183751656	0.2634767183751656	0.2634767183751656
AZD0530	ENSG00000122548	0.26343892997248225	0.26343892997248225	0.26343892997248225
AZD0530	ENSG00000196502	0.26334458154075685	0.26334458154075685	0.26334458154075685
AZD0530	LOC100130557	0.2632836386891673	0.2632836386891673	0.2632836386891673
AZD0530	ENSG00000117569	0.26327275727104743	0.26327275727104743	0.26327275727104743
AZD0530	ENSG00000162434	0.26316723010482784	0.26316723010482784	0.26316723010482784
AZD0530	ENSG00000170777	0.2631579290221151	0.2631579290221151	0.2631579290221151
AZD0530	ENSG00000257591	0.2631016468418188	0.2631016468418188	0.2631016468418188
AZD0530	LOC100505774	0.26308147006101607	0.26308147006101607	0.26308147006101607
AZD0530	ENSG00000171368	0.26302411741918913	0.26302411741918913	0.26302411741918913
AZD0530	ENSG00000106631	0.26292373981018774	0.26292373981018774	0.26292373981018774
AZD0530	ENSG00000115484	0.2628944257748347	0.2628944257748347	0.2628944257748347
AZD0530	ENSG00000111203	0.26288286518126197	0.26288286518126197	0.26288286518126197
AZD0530	ENSG00000075303	0.26287085766067836	0.26287085766067836	0.26287085766067836
AZD0530	ENSG00000084652	0.2628490717372778	0.2628490717372778	0.2628490717372778
AZD0530	ENSG00000144285	0.26279409670382137	0.26279409670382137	0.26279409670382137
AZD0530	ENSG00000184647	0.26275749215949534	0.26275749215949534	0.26275749215949534
AZD0530	ENSG00000235217	0.2627409231769518	0.2627409231769518	0.2627409231769518
AZD0530	ENSG00000180209	0.2627335026366069	0.2627335026366069	0.2627335026366069
AZD0530	ENSG00000168679	0.2626979145185489	0.2626979145185489	0.2626979145185489
AZD0530	ENSG00000157551	0.26268911774209797	0.26268911774209797	0.26268911774209797
AZD0530	ENSG00000162813	0.26261020764833537	0.26261020764833537	0.26261020764833537
AZD0530	ENSG00000171148	0.26260616063341374	0.26260616063341374	0.26260616063341374
AZD0530	LOC100506798	0.26253035512521977	0.26253035512521977	0.26253035512521977
AZD0530	LOC338817	0.262159811741346	0.262159811741346	0.262159811741346
AZD0530	ENSG00000115257	0.26197850307135123	0.26197850307135123	0.26197850307135123
AZD0530	ENSG00000100311	0.2618986603044985	0.2618986603044985	0.2618986603044985
AZD0530	ENSG00000119139	0.2615113714892659	0.2615113714892659	0.2615113714892659
AZD0530	ENSG00000134852	0.2614482037219275	0.2614482037219275	0.2614482037219275
AZD0530	ENSG00000213965	0.2613089630645208	0.2613089630645208	0.2613089630645208
AZD0530	ENSG00000170289	0.26128096697617026	0.26128096697617026	0.26128096697617026
AZD0530	ENSG00000187583	0.26122669557795064	0.26122669557795064	0.26122669557795064
AZD0530	ENSG00000266028	0.2611764951858097	0.2611764951858097	0.2611764951858097
AZD0530	ENSG00000149609	0.26098724888763974	0.26098724888763974	0.26098724888763974
AZD0530	ENSG00000187474	0.2609817741380783	0.2609817741380783	0.2609817741380783
AZD0530	ENSG00000196967	0.26088674280165397	0.26088674280165397	0.26088674280165397
AZD0530	ENSG00000221909	0.26074900294027387	0.26074900294027387	0.26074900294027387
AZD0530	ENSG00000186792	0.2607322943708694	0.2607322943708694	0.2607322943708694
AZD0530	ENSG00000111684	0.26072958901768784	0.26072958901768784	0.26072958901768784
AZD0530	ENSG00000095319	0.26058565280614887	0.26058565280614887	0.26058565280614887
AZD0530	ENSG00000178952	0.26038429013815684	0.26038429013815684	0.26038429013815684
AZD0530	C11orf10	0.2603835287420639	0.2603835287420639	0.2603835287420639
AZD0530	ENSG00000154822	0.26037580495893276	0.26037580495893276	0.26037580495893276
AZD0530	ENSG00000134028	0.26012730293399633	0.26012730293399633	0.26012730293399633
AZD0530	DBC1	0.2601172947078824	0.2601172947078824	0.2601172947078824
AZD0530	ENSG00000157895	0.25980674668391296	0.25980674668391296	0.25980674668391296
AZD0530	ENSG00000265354	0.25976329018589767	0.25976329018589767	0.25976329018589767
AZD0530	ENSG00000043355	0.2596466046412094	0.2596466046412094	0.2596466046412094
AZD0530	ENSG00000136718	0.2596440467167843	0.2596440467167843	0.2596440467167843
AZD0530	ENSG00000101160	0.259589737680157	0.259589737680157	0.259589737680157
AZD0530	LOC100507043	0.2595684560784767	0.2595684560784767	0.2595684560784767
AZD0530	ENSG00000135766	0.2594008301884188	0.2594008301884188	0.2594008301884188
AZD0530	C10orf26	0.25939924902682865	0.25939924902682865	0.25939924902682865
AZD0530	NADKD1	0.2588976509950254	0.2588976509950254	0.2588976509950254
AZD0530	ENSG00000177468	0.2587923170804982	0.2587923170804982	0.2587923170804982
AZD0530	ENSG00000168653	0.25877910960425243	0.25877910960425243	0.25877910960425243
AZD0530	ENSG00000166228	0.2587579764395734	0.2587579764395734	0.2587579764395734
AZD0530	ENSG00000170919	0.2585136723510615	0.2585136723510615	0.2585136723510615
AZD0530	ENSG00000256806	0.2584228639866241	0.2584228639866241	0.2584228639866241
AZD0530	ENSG00000149115	0.25820444482775573	0.25820444482775573	0.25820444482775573
AZD0530	ENSG00000170214	0.25818273591230045	0.25818273591230045	0.25818273591230045
AZD0530	ENSG00000103160	0.2581765704007806	0.2581765704007806	0.2581765704007806
AZD0530	C10orf46	0.2581398205401371	0.2581398205401371	0.2581398205401371
AZD0530	ENSG00000162191	0.2579805427595104	0.2579805427595104	0.2579805427595104
AZD0530	ENSG00000083099	0.25740303948369825	0.25740303948369825	0.25740303948369825
AZD0530	LOC283693	0.2572188853270826	0.2572188853270826	0.2572188853270826
AZD0530	ENSG00000113272	0.2571990298855754	0.2571990298855754	0.2571990298855754
AZD0530	ENSG00000115255	0.2571129986906074	0.2571129986906074	0.2571129986906074
AZD0530	ENSG00000237036	0.2570816806506272	0.2570816806506272	0.2570816806506272
AZD0530	ENSG00000197121	0.2569574115820922	0.2569574115820922	0.2569574115820922
AZD0530	ENSG00000140153	0.2569370948042101	0.2569370948042101	0.2569370948042101
AZD0530	ENSG00000245526	0.2568699143506732	0.2568699143506732	0.2568699143506732
AZD0530	ENSG00000185090	0.25675327802744385	0.25675327802744385	0.25675327802744385
AZD0530	ENSG00000127419	0.2567526451797255	0.2567526451797255	0.2567526451797255
AZD0530	ENSG00000147206	0.25673197284662774	0.25673197284662774	0.25673197284662774
AZD0530	ENSG00000135862	0.25650338759621044	0.25650338759621044	0.25650338759621044
AZD0530	LOC145837	0.2563993659752469	0.2563993659752469	0.2563993659752469
AZD0530	LOC100505760	0.2563826270589043	0.2563826270589043	0.2563826270589043
AZD0530	ENSG00000169635	0.256301232857194	0.256301232857194	0.256301232857194
AZD0530	ENSG00000095794	0.2562934248920656	0.2562934248920656	0.2562934248920656
AZD0530	ENSG00000112706	0.2562077623517035	0.2562077623517035	0.2562077623517035
AZD0530	ENSG00000168993	0.2558934853076002	0.2558934853076002	0.2558934853076002
AZD0530	ENSG00000163751	0.25582762316588564	0.25582762316588564	0.25582762316588564
AZD0530	ENSG00000157014	0.25565497555504646	0.25565497555504646	0.25565497555504646
AZD0530	ENSG00000179580	0.2556448640073536	0.2556448640073536	0.2556448640073536
AZD0530	ENSG00000145309	0.25564096668286895	0.25564096668286895	0.25564096668286895
AZD0530	ENSG00000111490	0.25560398869715234	0.25560398869715234	0.25560398869715234
AZD0530	ENSG00000124356	0.255541522031554	0.255541522031554	0.255541522031554
AZD0530	ENSG00000248746	0.25551326163097793	0.25551326163097793	0.25551326163097793
AZD0530	ENSG00000180644	0.25532283754285723	0.25532283754285723	0.25532283754285723
AZD0530	LRG_664	0.25532122066915797	0.25532122066915797	0.25532122066915797
AZD0530	ENSG00000227354	0.25520979949076805	0.25520979949076805	0.25520979949076805
AZD0530	ENSG00000092964	0.2551924754823937	0.2551924754823937	0.2551924754823937
AZD0530	ENSG00000215853	0.2551718477146506	0.2551718477146506	0.2551718477146506
AZD0530	KIAA0913	0.2550522930287186	0.2550522930287186	0.2550522930287186
AZD0530	ENSG00000169777	0.2550280054034068	0.2550280054034068	0.2550280054034068
AZD0530	ENSG00000152147	0.254759591503497	0.254759591503497	0.254759591503497
AZD0530	ENSG00000155495	0.25473999546145476	0.25473999546145476	0.25473999546145476
AZD0530	ENSG00000185324	0.2545000537707706	0.2545000537707706	0.2545000537707706
AZD0530	ENSG00000181744	0.254365837291256	0.254365837291256	0.254365837291256
AZD0530	ENSG00000100028	0.2542385554003105	0.2542385554003105	0.2542385554003105
AZD0530	ENSG00000043591	0.25413907161597427	0.25413907161597427	0.25413907161597427
AZD0530	ENSG00000138709	0.2541233512861438	0.2541233512861438	0.2541233512861438
AZD0530	ENSG00000070193	0.25404188633085634	0.25404188633085634	0.25404188633085634
AZD0530	ENSG00000117751	0.2538577976358012	0.2538577976358012	0.2538577976358012
AZD0530	ENSG00000092036	0.2538249284623725	0.2538249284623725	0.2538249284623725
AZD0530	ENSG00000198284	0.2538169791314402	0.2538169791314402	0.2538169791314402
AZD0530	LOC730441	0.2537694828857693	0.2537694828857693	0.2537694828857693
AZD0530	ENSG00000171097	0.25363487280857266	0.25363487280857266	0.25363487280857266
AZD0530	ENSG00000171262	0.25361971178066967	0.25361971178066967	0.25361971178066967
AZD0530	MGC16121	0.25359696240739243	0.25359696240739243	0.25359696240739243
AZD0530	ENSG00000132467	0.2535668025977772	0.2535668025977772	0.2535668025977772
AZD0530	ENSG00000110455	0.25356312483207805	0.25356312483207805	0.25356312483207805
AZD0530	ENSG00000126705	0.2535449940017725	0.2535449940017725	0.2535449940017725
AZD0530	ENSG00000244486	0.2534633956042514	0.2534633956042514	0.2534633956042514
AZD0530	ENSG00000101911	0.25341321408779277	0.25341321408779277	0.25341321408779277
AZD0530	ENSG00000163374	0.25340348042729427	0.25340348042729427	0.25340348042729427
AZD0530	ENSG00000134072	0.25338435558952793	0.25338435558952793	0.25338435558952793
AZD0530	ENSG00000165509	0.2533205410638647	0.2533205410638647	0.2533205410638647
AZD0530	ENSG00000171462	0.25331343453280025	0.25331343453280025	0.25331343453280025
AZD0530	ENSG00000092850	0.25328919972457303	0.25328919972457303	0.25328919972457303
AZD0530	ENSG00000139719	0.25326900603389446	0.25326900603389446	0.25326900603389446
AZD0530	ENSG00000167747	0.25324619464695114	0.25324619464695114	0.25324619464695114
AZD0530	LOC92249	0.2532320588972979	0.2532320588972979	0.2532320588972979
AZD0530	ENSG00000178538	0.25321017781388566	0.25321017781388566	0.25321017781388566
AZD0530	ENSG00000196104	0.25317369459213274	0.25317369459213274	0.25317369459213274
AZD0530	ENSG00000123454	0.2531723278326103	0.2531723278326103	0.2531723278326103
AZD0530	ENSG00000140600	0.25314051412287747	0.25314051412287747	0.25314051412287747
AZD0530	ENSG00000173404	0.2530700827623459	0.2530700827623459	0.2530700827623459
AZD0530	LOC100506122	0.2530273985003464	0.2530273985003464	0.2530273985003464
AZD0530	ENSG00000101452	0.25299256941974696	0.25299256941974696	0.25299256941974696
AZD0530	ENSG00000073737	0.2529313322668554	0.2529313322668554	0.2529313322668554
AZD0530	ENSG00000145782	0.2529083353178944	0.2529083353178944	0.2529083353178944
AZD0530	ENSG00000100353	0.2528852481312176	0.2528852481312176	0.2528852481312176
AZD0530	ENSG00000139505	0.25287212553343946	0.25287212553343946	0.25287212553343946
AZD0530	ENSG00000128683	0.25286672077403266	0.25286672077403266	0.25286672077403266
AZD0530	ENSG00000131899	0.25265994609945935	0.25265994609945935	0.25265994609945935
AZD0530	ENSG00000183527	0.25265124320484056	0.25265124320484056	0.25265124320484056
AZD0530	ENSG00000168310	0.25251932941874355	0.25251932941874355	0.25251932941874355
AZD0530	ENSG00000127124	0.2523745027103525	0.2523745027103525	0.2523745027103525
AZD0530	ENSG00000108091	0.252306287655868	0.252306287655868	0.252306287655868
AZD0530	ENSG00000078401	0.25225123746056166	0.25225123746056166	0.25225123746056166
AZD0530	ENSG00000131759	0.252187088206523	0.252187088206523	0.252187088206523
AZD0530	ENSG00000184735	0.2520730014614213	0.2520730014614213	0.2520730014614213
AZD0530	ENSG00000110013	0.2516934385296641	0.2516934385296641	0.2516934385296641
AZD0530	ENSG00000167487	0.2515544943267065	0.2515544943267065	0.2515544943267065
AZD0530	ENSG00000096088	0.25139255660781246	0.25139255660781246	0.25139255660781246
AZD0530	LOC338651	0.25136236681790836	0.25136236681790836	0.25136236681790836
AZD0530	ENSG00000166803	0.25134916409632707	0.25134916409632707	0.25134916409632707
AZD0530	ENSG00000142330	0.251270964622377	0.251270964622377	0.251270964622377
AZD0530	ENSG00000112234	0.25121645858361585	0.25121645858361585	0.25121645858361585
AZD0530	ENSG00000172985	0.25115495263380333	0.25115495263380333	0.25115495263380333
AZD0530	ENSG00000121068	0.25113516777042644	0.25113516777042644	0.25113516777042644
AZD0530	ENSG00000196975	0.2507841110659577	0.2507841110659577	0.2507841110659577
AZD0530	ENSG00000163900	0.25077921424572164	0.25077921424572164	0.25077921424572164
AZD0530	ENSG00000167526	0.2507059081850283	0.2507059081850283	0.2507059081850283
AZD0530	LOC100507206	0.2506340090550132	0.2506340090550132	0.2506340090550132
AZD0530	ENSG00000171564	0.25053186320863974	0.25053186320863974	0.25053186320863974
AZD0530	ENSG00000148702	0.25046144069885135	0.25046144069885135	0.25046144069885135
AZD0530	ENSG00000140682	0.25035884889791843	0.25035884889791843	0.25035884889791843
AZD0530	ENSG00000100380	0.2502278092584725	0.2502278092584725	0.2502278092584725
AZD0530	ENSG00000157827	0.25015940772996126	0.25015940772996126	0.25015940772996126
AZD0530	ENSG00000084112	0.2500743833883751	0.2500743833883751	0.2500743833883751
AZD0530	ENSG00000124459	0.24999281716085422	0.24999281716085422	0.24999281716085422
AZD0530	ENSG00000148795	0.24992605925427816	0.24992605925427816	0.24992605925427816
AZD0530	ENSG00000139970	0.24990898409790643	0.24990898409790643	0.24990898409790643
AZD0530	ENSG00000140832	0.24977952671835243	0.24977952671835243	0.24977952671835243
AZD0530	ENSG00000083642	0.24970374547778665	0.24970374547778665	0.24970374547778665
AZD0530	ENSG00000276787	0.2494840258062965	0.2494840258062965	0.2494840258062965
AZD0530	ENSG00000177963	0.24943174633553877	0.24943174633553877	0.24943174633553877
AZD0530	LRG_185	0.2492794040335998	0.2492794040335998	0.2492794040335998
AZD0530	ENSG00000263309	0.24926502753878366	0.24926502753878366	0.24926502753878366
AZD0530	ENSG00000123473	0.2491971749644712	0.2491971749644712	0.2491971749644712
AZD0530	ENSG00000100479	0.2490178633403763	0.2490178633403763	0.2490178633403763
AZD0530	ENSG00000120332	0.24896387780298238	0.24896387780298238	0.24896387780298238
AZD0530	HGC6.3	0.24894976834876342	0.24894976834876342	0.24894976834876342
AZD0530	ENSG00000163762	0.24867512589204757	0.24867512589204757	0.24867512589204757
AZD0530	ENSG00000188191	0.24863721491068924	0.24863721491068924	0.24863721491068924
AZD0530	ENSG00000136688	0.24849788403830542	0.24849788403830542	0.24849788403830542
AZD0530	ENSG00000124228	0.24847571564824494	0.24847571564824494	0.24847571564824494
AZD0530	ENSG00000215522	0.2484451763904332	0.2484451763904332	0.2484451763904332
AZD0530	ENSG00000074771	0.2483224101027336	0.2483224101027336	0.2483224101027336
AZD0530	ENSG00000185359	0.24819995139158885	0.24819995139158885	0.24819995139158885
AZD0530	ENSG00000198053	0.2481980666893303	0.2481980666893303	0.2481980666893303
AZD0530	LRG_537	0.24815853869053342	0.24815853869053342	0.24815853869053342
AZD0530	ENSG00000179023	0.24812013777095004	0.24812013777095004	0.24812013777095004
AZD0530	LOC284933	0.24810202595675446	0.24810202595675446	0.24810202595675446
AZD0530	ENSG00000091262	0.24806018558541162	0.24806018558541162	0.24806018558541162
AZD0530	ENSG00000211780	0.24804883603755754	0.24804883603755754	0.24804883603755754
AZD0530	ENSG00000218510	0.2478415425848528	0.2478415425848528	0.2478415425848528
AZD0530	ENSG00000124126	0.2477440709438379	0.2477440709438379	0.2477440709438379
AZD0530	ENSG00000087263	0.2477133163116006	0.2477133163116006	0.2477133163116006
AZD0530	ENSG00000228278	0.24769432086098744	0.24769432086098744	0.24769432086098744
AZD0530	ENSG00000116954	0.24767278085461297	0.24767278085461297	0.24767278085461297
AZD0530	ENSG00000181609	0.24726479061024753	0.24726479061024753	0.24726479061024753
AZD0530	ENSG00000178403	0.24725667292905665	0.24725667292905665	0.24725667292905665
AZD0530	LOC100131067	0.2471605567555149	0.2471605567555149	0.2471605567555149
AZD0530	ENSG00000140391	0.2470446024070318	0.2470446024070318	0.2470446024070318
AZD0530	ENSG00000124191	0.24694095872547084	0.24694095872547084	0.24694095872547084
AZD0530	ENSG00000165629	0.24687669061479825	0.24687669061479825	0.24687669061479825
AZD0530	ENSG00000179178	0.24684573471653218	0.24684573471653218	0.24684573471653218
AZD0530	ENSG00000177047	0.24672142503918004	0.24672142503918004	0.24672142503918004
AZD0530	ENSG00000117507	0.246714484534991	0.246714484534991	0.246714484534991
AZD0530	ENSG00000228146	0.2466820481046902	0.2466820481046902	0.2466820481046902
AZD0530	ENSG00000175520	0.24644102809405116	0.24644102809405116	0.24644102809405116
AZD0530	ENSG00000137571	0.24633223979437333	0.24633223979437333	0.24633223979437333
AZD0530	ENSG00000092607	0.24622604764208653	0.24622604764208653	0.24622604764208653
AZD0530	ENSG00000141504	0.24613011862615772	0.24613011862615772	0.24613011862615772
AZD0530	ENSG00000104142	0.24601730142770803	0.24601730142770803	0.24601730142770803
AZD0530	ENSG00000163558	0.24593683007711364	0.24593683007711364	0.24593683007711364
AZD0530	ENSG00000151067	0.24588512318625266	0.24588512318625266	0.24588512318625266
AZD0530	ENSG00000161202	0.24584479960639324	0.24584479960639324	0.24584479960639324
AZD0530	ENSG00000278016	0.2458323016575065	0.2458323016575065	0.2458323016575065
AZD0530	LOC100505500	0.24563898197003992	0.24563898197003992	0.24563898197003992
AZD0530	LOC100505536	0.24528789157381722	0.24528789157381722	0.24528789157381722
AZD0530	ENSG00000183018	0.24528730810561633	0.24528730810561633	0.24528730810561633
AZD0530	ENSG00000166136	0.24500727623158	0.24500727623158	0.24500727623158
AZD0530	ENSG00000101384	0.24500604083477862	0.24500604083477862	0.24500604083477862
AZD0530	ENSG00000170549	0.24484437376266813	0.24484437376266813	0.24484437376266813
AZD0530	ENSG00000124233	0.24462944854289087	0.24462944854289087	0.24462944854289087
AZD0530	ENSG00000136279	0.24455558315620382	0.24455558315620382	0.24455558315620382
AZD0530	ENSG00000163686	0.24453685384671725	0.24453685384671725	0.24453685384671725
AZD0530	ENSG00000073921	0.244511620265474	0.244511620265474	0.244511620265474
AZD0530	LOC100507376	0.2443474159239572	0.2443474159239572	0.2443474159239572
AZD0530	LOC100128750	0.24432703967003758	0.24432703967003758	0.24432703967003758
AZD0530	ENSG00000180745	0.24432097363490127	0.24432097363490127	0.24432097363490127
AZD0530	ENSG00000146352	0.24422690138031874	0.24422690138031874	0.24422690138031874
AZD0530	ENSG00000198796	0.24412842365648083	0.24412842365648083	0.24412842365648083
AZD0530	ENSG00000074416	0.24407712841531254	0.24407712841531254	0.24407712841531254
AZD0530	ENSG00000211445	0.2439941864773888	0.2439941864773888	0.2439941864773888
AZD0530	ENSG00000140015	0.24394679800276664	0.24394679800276664	0.24394679800276664
AZD0530	LOC100499466	0.2439136421063774	0.2439136421063774	0.2439136421063774
AZD0530	ENSG00000100304	0.24369112210359284	0.24369112210359284	0.24369112210359284
AZD0530	ENSG00000196776	0.24361045052735175	0.24361045052735175	0.24361045052735175
AZD0530	LOC147727	0.24357529089262536	0.24357529089262536	0.24357529089262536
AZD0530	ENSG00000110077	0.24352388899605729	0.24352388899605729	0.24352388899605729
AZD0530	ENSG00000086570	0.24345510082371052	0.24345510082371052	0.24345510082371052
AZD0530	ENSG00000172164	0.24338169585336644	0.24338169585336644	0.24338169585336644
AZD0530	ENSG00000198286	0.2432285302511937	0.2432285302511937	0.2432285302511937
AZD0530	ENSG00000070961	0.24317451753291017	0.24317451753291017	0.24317451753291017
AZD0530	ENSG00000071626	0.24312743311056056	0.24312743311056056	0.24312743311056056
AZD0530	ENSG00000197798	0.2431089841638869	0.2431089841638869	0.2431089841638869
AZD0530	ENSG00000170498	0.24299218522150243	0.24299218522150243	0.24299218522150243
AZD0530	ENSG00000110442	0.2429523583542619	0.2429523583542619	0.2429523583542619
AZD0530	ENSG00000090971	0.24292993471464527	0.24292993471464527	0.24292993471464527
AZD0530	ENSG00000148950	0.2428775001990296	0.2428775001990296	0.2428775001990296
AZD0530	ENSG00000139971	0.24277775290236447	0.24277775290236447	0.24277775290236447
AZD0530	ENSG00000135355	0.2426327932172997	0.2426327932172997	0.2426327932172997
AZD0530	ENSG00000010361	0.24253188608713203	0.24253188608713203	0.24253188608713203
AZD0530	ENSG00000135709	0.24246816898153256	0.24246816898153256	0.24246816898153256
AZD0530	LRG_271	0.24246738469172424	0.24246738469172424	0.24246738469172424
AZD0530	ENSG00000138207	0.24227589496275195	0.24227589496275195	0.24227589496275195
AZD0530	FAM59A	0.24222975415462022	0.24222975415462022	0.24222975415462022
AZD0530	ENSG00000100884	0.2421501163918732	0.2421501163918732	0.2421501163918732
AZD0530	ENSG00000125846	0.24205598455829264	0.24205598455829264	0.24205598455829264
AZD0530	ENSG00000177181	0.24201771137443362	0.24201771137443362	0.24201771137443362
AZD0530	ENSG00000170088	0.242015673507034	0.242015673507034	0.242015673507034
AZD0530	ENSG00000101638	0.241935106250256	0.241935106250256	0.241935106250256
AZD0530	ENSG00000139915	0.24182523391345745	0.24182523391345745	0.24182523391345745
AZD0530	ENSG00000187608	0.24175237551229628	0.24175237551229628	0.24175237551229628
AZD0530	ENSG00000139684	0.24166011997403225	0.24166011997403225	0.24166011997403225
AZD0530	ENSG00000185245	0.24161905178412757	0.24161905178412757	0.24161905178412757
AZD0530	ENSG00000004838	0.2415994721549198	0.2415994721549198	0.2415994721549198
AZD0530	LOC388692	0.24156833521977866	0.24156833521977866	0.24156833521977866
AZD0530	LOC100506730	0.24152238857577374	0.24152238857577374	0.24152238857577374
AZD0530	ENSG00000167470	0.24134589494589834	0.24134589494589834	0.24134589494589834
AZD0530	ENSG00000111058	0.24120730040378982	0.24120730040378982	0.24120730040378982
AZD0530	ENSG00000128040	0.24115763886698602	0.24115763886698602	0.24115763886698602
AZD0530	ENSG00000148484	0.24112130627689224	0.24112130627689224	0.24112130627689224
AZD0530	ENSG00000085265	0.2410639020157009	0.2410639020157009	0.2410639020157009
AZD0530	ENSG00000169398	0.24100734461377693	0.24100734461377693	0.24100734461377693
AZD0530	ENSG00000173890	0.24074579988116349	0.24074579988116349	0.24074579988116349
AZD0530	ENSG00000016602	0.2406847879421072	0.2406847879421072	0.2406847879421072
AZD0530	ENSG00000165501	0.2402395724647467	0.2402395724647467	0.2402395724647467
AZD0530	ENSG00000165757	0.23987746435648472	0.23987746435648472	0.23987746435648472
AZD0530	ENSG00000121634	0.23987526882242108	0.23987526882242108	0.23987526882242108
AZD0530	ENSG00000125962	0.23986934475232186	0.23986934475232186	0.23986934475232186
AZD0530	C1orf227	0.23975245179061813	0.23975245179061813	0.23975245179061813
AZD0530	ENSG00000166928	0.23959831204495996	0.23959831204495996	0.23959831204495996
AZD0530	ENSG00000174840	0.2395731954739297	0.2395731954739297	0.2395731954739297
AZD0530	ENSG00000153930	0.23946962095884286	0.23946962095884286	0.23946962095884286
AZD0530	ENSG00000125845	0.2393205415818285	0.2393205415818285	0.2393205415818285
AZD0530	ENSG00000000938	0.2393203010624757	0.2393203010624757	0.2393203010624757
AZD0530	ENSG00000159259	0.239214536823308	0.239214536823308	0.239214536823308
AZD0530	ENSG00000110330	0.239180551931078	0.239180551931078	0.239180551931078
AZD0530	ENSG00000142530	0.23883478641384082	0.23883478641384082	0.23883478641384082
AZD0530	ENSG00000100314	0.23856712058302929	0.23856712058302929	0.23856712058302929
AZD0530	ENSG00000168350	0.23842551795600467	0.23842551795600467	0.23842551795600467
AZD0530	ENSG00000103479	0.23838478755907608	0.23838478755907608	0.23838478755907608
AZD0530	ENSG00000156398	0.23834393455501554	0.23834393455501554	0.23834393455501554
AZD0530	ENSG00000165591	0.23831670448494946	0.23831670448494946	0.23831670448494946
AZD0530	C21orf56	0.23824689480831687	0.23824689480831687	0.23824689480831687
AZD0530	ENSG00000154723	0.2381284860082267	0.2381284860082267	0.2381284860082267
AZD0530	ENSG00000181513	0.23810339216940096	0.23810339216940096	0.23810339216940096
AZD0530	ENSG00000163785	0.23800972385065655	0.23800972385065655	0.23800972385065655
AZD0530	ENSG00000082213	0.2379062168711128	0.2379062168711128	0.2379062168711128
AZD0530	C2orf63	0.23789687897105	0.23789687897105	0.23789687897105
AZD0530	ENSG00000180423	0.23780610376834596	0.23780610376834596	0.23780610376834596
AZD0530	LRG_179	0.2377890911769775	0.2377890911769775	0.2377890911769775
AZD0530	ENSG00000079689	0.2377140179553075	0.2377140179553075	0.2377140179553075
AZD0530	ENSG00000185313	0.23755047652016528	0.23755047652016528	0.23755047652016528
AZD0530	ENSG00000182175	0.23713750854914714	0.23713750854914714	0.23713750854914714
AZD0530	ENSG00000178074	0.2371293183348736	0.2371293183348736	0.2371293183348736
AZD0530	ENSG00000143155	0.23701433888461593	0.23701433888461593	0.23701433888461593
AZD0530	ENSG00000135968	0.23695822583662873	0.23695822583662873	0.23695822583662873
AZD0530	ENSG00000166562	0.23693630466015925	0.23693630466015925	0.23693630466015925
AZD0530	ENSG00000172123	0.23692968339596757	0.23692968339596757	0.23692968339596757
AZD0530	HCG8	0.23692133440521845	0.23692133440521845	0.23692133440521845
AZD0530	ENSG00000264589	0.23687019142462243	0.23687019142462243	0.23687019142462243
AZD0530	ENSG00000118689	0.2367156288782118	0.2367156288782118	0.2367156288782118
AZD0530	ENSG00000163322	0.2366064757972837	0.2366064757972837	0.2366064757972837
AZD0530	ENSG00000184194	0.23654698272421767	0.23654698272421767	0.23654698272421767
AZD0530	ENSG00000264943	0.23633977700447092	0.23633977700447092	0.23633977700447092
AZD0530	ENSG00000060749	0.23631046443644452	0.23631046443644452	0.23631046443644452
AZD0530	ENSG00000155011	0.23629841783784686	0.23629841783784686	0.23629841783784686
AZD0530	ENSG00000138138	0.23627932132088214	0.23627932132088214	0.23627932132088214
AZD0530	ENSG00000143061	0.23627198741343436	0.23627198741343436	0.23627198741343436
AZD0530	ENSG00000105520	0.23621003750085867	0.23621003750085867	0.23621003750085867
AZD0530	ENSG00000167085	0.23619541724326992	0.23619541724326992	0.23619541724326992
AZD0530	LOC100505574	0.23601079189407587	0.23601079189407587	0.23601079189407587
AZD0530	ENSG00000157259	0.23600346021079735	0.23600346021079735	0.23600346021079735
AZD0530	ENSG00000164438	0.2359313869394456	0.2359313869394456	0.2359313869394456
AZD0530	ENSG00000138135	0.23592320277610404	0.23592320277610404	0.23592320277610404
AZD0530	ENSG00000196277	0.2358778738366127	0.2358778738366127	0.2358778738366127
AZD0530	ENSG00000105388	0.23575461283059637	0.23575461283059637	0.23575461283059637
AZD0530	ENSG00000143624	0.23573990322989055	0.23573990322989055	0.23573990322989055
AZD0530	ENSG00000241839	0.23558779302773813	0.23558779302773813	0.23558779302773813
AZD0530	ENSG00000109819	0.2354925582068941	0.2354925582068941	0.2354925582068941
AZD0530	ENSG00000164073	0.2353723396024255	0.2353723396024255	0.2353723396024255
AZD0530	ENSG00000155729	0.2353658448907924	0.2353658448907924	0.2353658448907924
AZD0530	ENSG00000171241	0.23532856181790748	0.23532856181790748	0.23532856181790748
AZD0530	ENSG00000116141	0.23527639531833755	0.23527639531833755	0.23527639531833755
AZD0530	ENSG00000109610	0.2352640560735536	0.2352640560735536	0.2352640560735536
AZD0530	ENSG00000138075	0.23508725043218978	0.23508725043218978	0.23508725043218978
AZD0530	ENSG00000198774	0.23501162184907978	0.23501162184907978	0.23501162184907978
AZD0530	LOC338758	0.23499448873593848	0.23499448873593848	0.23499448873593848
AZD0530	ENSG00000140986	0.2349730372328073	0.2349730372328073	0.2349730372328073
AZD0530	ENSG00000179133	0.23487060286519496	0.23487060286519496	0.23487060286519496
AZD0530	ENSG00000151640	0.23481300845953432	0.23481300845953432	0.23481300845953432
AZD0530	ENSG00000143499	0.23474147937598724	0.23474147937598724	0.23474147937598724
AZD0530	ENSG00000182199	0.2346174602996557	0.2346174602996557	0.2346174602996557
AZD0530	ENSG00000126970	0.2345182248866084	0.2345182248866084	0.2345182248866084
AZD0530	ENSG00000112218	0.23451716580577858	0.23451716580577858	0.23451716580577858
AZD0530	ENSG00000170099	0.2343489764493817	0.2343489764493817	0.2343489764493817
AZD0530	ENSG00000259288	0.23420473260401628	0.23420473260401628	0.23420473260401628
AZD0530	ENSG00000172530	0.23415349044109648	0.23415349044109648	0.23415349044109648
AZD0530	ENSG00000169418	0.23394557261998253	0.23394557261998253	0.23394557261998253
AZD0530	ENSG00000277224	0.23390981859380292	0.23390981859380292	0.23390981859380292
AZD0530	ENSG00000151287	0.23379245294745482	0.23379245294745482	0.23379245294745482
AZD0530	ENSG00000132204	0.2337738171907523	0.2337738171907523	0.2337738171907523
AZD0530	ENSG00000138395	0.23362548902048208	0.23362548902048208	0.23362548902048208
AZD0530	ENSG00000108395	0.23362365533841958	0.23362365533841958	0.23362365533841958
AZD0530	ENSG00000034510	0.23357876594741134	0.23357876594741134	0.23357876594741134
AZD0530	ABP1	0.23355017631715072	0.23355017631715072	0.23355017631715072
AZD0530	ENSG00000169507	0.23349157333854323	0.23349157333854323	0.23349157333854323
AZD0530	ENSG00000132141	0.23345742124393162	0.23345742124393162	0.23345742124393162
AZD0530	ENSG00000114861	0.23341226812001697	0.23341226812001697	0.23341226812001697
AZD0530	ENSG00000185163	0.23336716602994895	0.23336716602994895	0.23336716602994895
AZD0530	ENSG00000108797	0.23320731508631573	0.23320731508631573	0.23320731508631573
AZD0530	ENSG00000126545	0.23318450548316005	0.23318450548316005	0.23318450548316005
AZD0530	ENSG00000174567	0.23306234860988312	0.23306234860988312	0.23306234860988312
AZD0530	ENSG00000198336	0.23296809236926175	0.23296809236926175	0.23296809236926175
AZD0530	ENSG00000183763	0.2329560470063716	0.2329560470063716	0.2329560470063716
AZD0530	ENSG00000168591	0.23290527597150879	0.23290527597150879	0.23290527597150879
AZD0530	ENSG00000184575	0.23290409244312746	0.23290409244312746	0.23290409244312746
AZD0530	ENSG00000206177	0.23276460952229372	0.23276460952229372	0.23276460952229372
AZD0530	ENSG00000148459	0.23271919020744045	0.23271919020744045	0.23271919020744045
AZD0530	ENSG00000277996	0.2326713632670968	0.2326713632670968	0.2326713632670968
AZD0530	ENSG00000137860	0.23235542651784757	0.23235542651784757	0.23235542651784757
AZD0530	ENSG00000092529	0.23221719223311157	0.23221719223311157	0.23221719223311157
AZD0530	ENSG00000157884	0.2321410268023289	0.2321410268023289	0.2321410268023289
AZD0530	ENSG00000128310	0.2319527749266411	0.2319527749266411	0.2319527749266411
AZD0530	FLJ35390	0.23193208187710315	0.23193208187710315	0.23193208187710315
AZD0530	ENSG00000196507	0.23188306381368337	0.23188306381368337	0.23188306381368337
AZD0530	ENSG00000051523	0.23181174035531743	0.23181174035531743	0.23181174035531743
AZD0530	LOC100507300	0.23170082285379343	0.23170082285379343	0.23170082285379343
AZD0530	ENSG00000188293	0.2315831166337918	0.2315831166337918	0.2315831166337918
AZD0530	ENSG00000137251	0.23156902474278637	0.23156902474278637	0.23156902474278637
AZD0530	ENSG00000162998	0.2314105556428788	0.2314105556428788	0.2314105556428788
AZD0530	ENSG00000273983	0.23134557639151582	0.23134557639151582	0.23134557639151582
AZD0530	ENSG00000100564	0.23130154164323993	0.23130154164323993	0.23130154164323993
AZD0530	ENSG00000109775	0.2308521271067146	0.2308521271067146	0.2308521271067146
AZD0530	ENSG00000101447	0.23077113213456935	0.23077113213456935	0.23077113213456935
AZD0530	ENSG00000180773	0.2307539040008643	0.2307539040008643	0.2307539040008643
AZD0530	ENSG00000198373	0.2307386310436429	0.2307386310436429	0.2307386310436429
AZD0530	ENSG00000144655	0.23071271269067609	0.23071271269067609	0.23071271269067609
AZD0530	ENSG00000211452	0.23066641986297123	0.23066641986297123	0.23066641986297123
AZD0530	ENSG00000049239	0.23060537315139354	0.23060537315139354	0.23060537315139354
AZD0530	ENSG00000170365	0.23058370464372688	0.23058370464372688	0.23058370464372688
AZD0530	ENSG00000167840	0.23032989818080102	0.23032989818080102	0.23032989818080102
AZD0530	ENSG00000126217	0.23021768422683042	0.23021768422683042	0.23021768422683042
AZD0530	ENSG00000106823	0.23010953534922768	0.23010953534922768	0.23010953534922768
AZD0530	ENSG00000136111	0.22991081343253977	0.22991081343253977	0.22991081343253977
AZD0530	ENSG00000268895	0.22969798477866846	0.22969798477866846	0.22969798477866846
AZD0530	ENSG00000127580	0.22954754989085974	0.22954754989085974	0.22954754989085974
AZD0530	ENSG00000198131	0.22946438275634304	0.22946438275634304	0.22946438275634304
AZD0530	LOC100652825	0.22940783206877396	0.22940783206877396	0.22940783206877396
AZD0530	ENSG00000170881	0.2293987420901256	0.2293987420901256	0.2293987420901256
AZD0530	ENSG00000140505	0.22930722886485316	0.22930722886485316	0.22930722886485316
AZD0530	LOC100507675	0.22912392258648143	0.22912392258648143	0.22912392258648143
AZD0530	ENSG00000102996	0.22908943993552844	0.22908943993552844	0.22908943993552844
AZD0530	ENSG00000074276	0.22903538253769498	0.22903538253769498	0.22903538253769498
AZD0530	ENSG00000111676	0.22882948983432383	0.22882948983432383	0.22882948983432383
AZD0530	ENSG00000248485	0.22877891500272848	0.22877891500272848	0.22877891500272848
AZD0530	ENSG00000078304	0.22867887427004407	0.22867887427004407	0.22867887427004407
AZD0530	ENSG00000207187	0.22865612951080327	0.22865612951080327	0.22865612951080327
AZD0530	ENSG00000148180	0.22844733488480298	0.22844733488480298	0.22844733488480298
AZD0530	ENSG00000169181	0.22828712943006355	0.22828712943006355	0.22828712943006355
AZD0530	ENSG00000218109	0.2282864207867133	0.2282864207867133	0.2282864207867133
AZD0530	ENSG00000281221	0.228251191260193	0.228251191260193	0.228251191260193
AZD0530	ENSG00000008018	0.2282264275200238	0.2282264275200238	0.2282264275200238
AZD0530	LOC100506387	0.22821257581335597	0.22821257581335597	0.22821257581335597
AZD0530	ENSG00000172789	0.22808334605392283	0.22808334605392283	0.22808334605392283
AZD0530	ENSG00000104324	0.22807207217813183	0.22807207217813183	0.22807207217813183
AZD0530	ENSG00000168263	0.227689344712465	0.227689344712465	0.227689344712465
AZD0530	ENSG00000110887	0.22766668912275861	0.22766668912275861	0.22766668912275861
AZD0530	ENSG00000113742	0.22766185943580597	0.22766185943580597	0.22766185943580597
AZD0530	LOC255654	0.2274109068735409	0.2274109068735409	0.2274109068735409
AZD0530	LOC145783	0.22740744113520145	0.22740744113520145	0.22740744113520145
AZD0530	ENSG00000100023	0.22726138172742102	0.22726138172742102	0.22726138172742102
AZD0530	ENSG00000167774	0.22725308505555966	0.22725308505555966	0.22725308505555966
AZD0530	ENSG00000142182	0.22715086358487618	0.22715086358487618	0.22715086358487618
AZD0530	LOC100129935	0.22711557919106856	0.22711557919106856	0.22711557919106856
AZD0530	ENSG00000181378	0.2269218753756305	0.2269218753756305	0.2269218753756305
AZD0530	ENSG00000186312	0.226905457702655	0.226905457702655	0.226905457702655
AZD0530	LOC388796	0.22677912877314518	0.22677912877314518	0.22677912877314518
AZD0530	ENSG00000186895	0.22673061111976142	0.22673061111976142	0.22673061111976142
AZD0530	ENSG00000066629	0.2267040771112875	0.2267040771112875	0.2267040771112875
AZD0530	ENSG00000179008	0.22663637222063712	0.22663637222063712	0.22663637222063712
AZD0530	ENSG00000211669	0.22645537032318352	0.22645537032318352	0.22645537032318352
AZD0530	ENSG00000179593	0.22644702036486924	0.22644702036486924	0.22644702036486924
AZD0530	ENSG00000179363	0.22643976623721324	0.22643976623721324	0.22643976623721324
AZD0530	ENSG00000128191	0.2263512736665696	0.2263512736665696	0.2263512736665696
AZD0530	ENSG00000038945	0.22629509586555505	0.22629509586555505	0.22629509586555505
AZD0530	ENSG00000142611	0.22627328344490394	0.22627328344490394	0.22627328344490394
AZD0530	ENSG00000065371	0.22623718125610287	0.22623718125610287	0.22623718125610287
AZD0530	ENSG00000109654	0.2262286252656893	0.2262286252656893	0.2262286252656893
AZD0530	ENSG00000157927	0.2261508307604404	0.2261508307604404	0.2261508307604404
AZD0530	ENSG00000126856	0.2261387214405483	0.2261387214405483	0.2261387214405483
AZD0530	ENSG00000166090	0.22612260936138864	0.22612260936138864	0.22612260936138864
AZD0530	ENSG00000182795	0.22608925831235416	0.22608925831235416	0.22608925831235416
AZD0530	ENSG00000119408	0.22606948047335249	0.22606948047335249	0.22606948047335249
AZD0530	ENSG00000167850	0.22605574894548944	0.22605574894548944	0.22605574894548944
AZD0530	ENSG00000125450	0.2260517616498825	0.2260517616498825	0.2260517616498825
AZD0530	ENSG00000197150	0.22596212329616197	0.22596212329616197	0.22596212329616197
AZD0530	ENSG00000168505	0.22556101169434123	0.22556101169434123	0.22556101169434123
AZD0530	ENSG00000277238	0.22551033821506153	0.22551033821506153	0.22551033821506153
AZD0530	ENSG00000164896	0.22538770317627338	0.22538770317627338	0.22538770317627338
AZD0530	ENSG00000156876	0.2253409844975328	0.2253409844975328	0.2253409844975328
AZD0530	ENSG00000121879	0.22533024906063465	0.22533024906063465	0.22533024906063465
AZD0530	LOC100505967	0.22532489073710027	0.22532489073710027	0.22532489073710027
AZD0530	ENSG00000141449	0.22527768394237407	0.22527768394237407	0.22527768394237407
AZD0530	ENSG00000198546	0.22524421006374107	0.22524421006374107	0.22524421006374107
AZD0530	ENSG00000110108	0.22523590137734154	0.22523590137734154	0.22523590137734154
AZD0530	ENSG00000101442	0.22520553879343305	0.22520553879343305	0.22520553879343305
AZD0530	ENSG00000167139	0.22518355141486443	0.22518355141486443	0.22518355141486443
AZD0530	ENSG00000136560	0.22516033476962025	0.22516033476962025	0.22516033476962025
AZD0530	ENSG00000056998	0.2250869413462343	0.2250869413462343	0.2250869413462343
AZD0530	ENSG00000164123	0.22499735215203825	0.22499735215203825	0.22499735215203825
AZD0530	ENSG00000152217	0.2248891655054157	0.2248891655054157	0.2248891655054157
AZD0530	ENSG00000104154	0.22486143545292467	0.22486143545292467	0.22486143545292467
AZD0530	LOC100128139	0.2248582487366415	0.2248582487366415	0.2248582487366415
AZD0530	ENSG00000109066	0.2246812593456619	0.2246812593456619	0.2246812593456619
AZD0530	ENSG00000170027	0.22455312986369894	0.22455312986369894	0.22455312986369894
AZD0530	LOC100652861	0.22449080668659685	0.22449080668659685	0.22449080668659685
AZD0530	ENSG00000169570	0.2243979938196991	0.2243979938196991	0.2243979938196991
AZD0530	ENSG00000164941	0.224278128140505	0.224278128140505	0.224278128140505
AZD0530	ENSG00000173401	0.22424502733759108	0.22424502733759108	0.22424502733759108
AZD0530	ENSG00000118007	0.2240821113755427	0.2240821113755427	0.2240821113755427
AZD0530	ENSG00000162891	0.22407526608474634	0.22407526608474634	0.22407526608474634
AZD0530	ENSG00000181409	0.223951742266472	0.223951742266472	0.223951742266472
AZD0530	ENSG00000181523	0.22394604612230556	0.22394604612230556	0.22394604612230556
AZD0530	ENSG00000154114	0.2239237010897269	0.2239237010897269	0.2239237010897269
AZD0530	ENSG00000163093	0.2239060226642391	0.2239060226642391	0.2239060226642391
AZD0530	ENSG00000179776	0.2237969651787243	0.2237969651787243	0.2237969651787243
AZD0530	ENSG00000166532	0.2237958915786483	0.2237958915786483	0.2237958915786483
AZD0530	ENSG00000164484	0.22371682375385682	0.22371682375385682	0.22371682375385682
AZD0530	ENSG00000187266	0.22368124307599796	0.22368124307599796	0.22368124307599796
AZD0530	ENSG00000089041	0.22361716627398673	0.22361716627398673	0.22361716627398673
AZD0530	ENSG00000083454	0.2235987564209686	0.2235987564209686	0.2235987564209686
AZD0530	ENSG00000135966	0.2235746374127045	0.2235746374127045	0.2235746374127045
AZD0530	ENSG00000184207	0.223552449146623	0.223552449146623	0.223552449146623
AZD0530	LOC643529	0.22341952357025696	0.22341952357025696	0.22341952357025696
AZD0530	ENSG00000105357	0.2233722090635395	0.2233722090635395	0.2233722090635395
AZD0530	ENSG00000145022	0.2231226300323675	0.2231226300323675	0.2231226300323675
AZD0530	ENSG00000196503	0.22311736516115832	0.22311736516115832	0.22311736516115832
AZD0530	GPER	0.2231033591514049	0.2231033591514049	0.2231033591514049
AZD0530	ENSG00000196653	0.22309516205977886	0.22309516205977886	0.22309516205977886
AZD0530	ENSG00000196417	0.22308804832978757	0.22308804832978757	0.22308804832978757
AZD0530	ENSG00000225698	0.2229752336165639	0.2229752336165639	0.2229752336165639
AZD0530	ENSG00000047849	0.2228387576606143	0.2228387576606143	0.2228387576606143
AZD0530	ENSG00000125834	0.22276977501229844	0.22276977501229844	0.22276977501229844
AZD0530	ENSG00000178021	0.22259532435581386	0.22259532435581386	0.22259532435581386
AZD0530	ENSG00000167798	0.22249850195693985	0.22249850195693985	0.22249850195693985
AZD0530	ENSG00000172146	0.2224676724617226	0.2224676724617226	0.2224676724617226
AZD0530	ENSG00000100075	0.22243909183304172	0.22243909183304172	0.22243909183304172
AZD0530	ENSG00000131409	0.2223271435062371	0.2223271435062371	0.2223271435062371
AZD0530	ENSG00000215041	0.2221952094788284	0.2221952094788284	0.2221952094788284
AZD0530	ENSG00000122859	0.22218914607372747	0.22218914607372747	0.22218914607372747
AZD0530	ENSG00000143669	0.22203724208133027	0.22203724208133027	0.22203724208133027
AZD0530	ENSG00000110075	0.22183831818937758	0.22183831818937758	0.22183831818937758
AZD0530	ENSG00000147570	0.22179508114841015	0.22179508114841015	0.22179508114841015
AZD0530	ENSG00000066405	0.2216767057190398	0.2216767057190398	0.2216767057190398
AZD0530	C12orf28	0.2216562474907623	0.2216562474907623	0.2216562474907623
AZD0530	ENSG00000130158	0.2213717477959444	0.2213717477959444	0.2213717477959444
AZD0530	ENSG00000175063	0.22133465479767084	0.22133465479767084	0.22133465479767084
AZD0530	ENSG00000165240	0.22126264399894408	0.22126264399894408	0.22126264399894408
AZD0530	ENSG00000148337	0.22098506704181156	0.22098506704181156	0.22098506704181156
AZD0530	ENSG00000095739	0.22074323148523076	0.22074323148523076	0.22074323148523076
AZD0530	C6orf72	0.22047794302811027	0.22047794302811027	0.22047794302811027
AZD0530	ENSG00000187498	0.22046965622803	0.22046965622803	0.22046965622803
AZD0530	ENSG00000170310	0.22036769237391712	0.22036769237391712	0.22036769237391712
AZD0530	ENSG00000052795	0.22013360234840895	0.22013360234840895	0.22013360234840895
AZD0530	ENSG00000168038	0.2200134256876551	0.2200134256876551	0.2200134256876551
AZD0530	ENSG00000143318	0.219959761878701	0.219959761878701	0.219959761878701
AZD0530	ENSG00000188687	0.21988700301104666	0.21988700301104666	0.21988700301104666
AZD0530	ENSG00000088888	0.219663573587589	0.219663573587589	0.219663573587589
AZD0530	LOC100652898	0.21963842780734766	0.21963842780734766	0.21963842780734766
AZD0530	ENSG00000156256	0.2196070851624469	0.2196070851624469	0.2196070851624469
AZD0530	LOC100506591	0.21956798160708896	0.21956798160708896	0.21956798160708896
AZD0530	ENSG00000164897	0.2193878336905262	0.2193878336905262	0.2193878336905262
AZD0530	ENSG00000103415	0.21925273961310013	0.21925273961310013	0.21925273961310013
AZD0530	ENSG00000142459	0.21921386708902796	0.21921386708902796	0.21921386708902796
AZD0530	ENSG00000012504	0.21906766310618525	0.21906766310618525	0.21906766310618525
AZD0530	ENSG00000115977	0.21905763919090274	0.21905763919090274	0.21905763919090274
AZD0530	ENSG00000105948	0.21905497796446075	0.21905497796446075	0.21905497796446075
AZD0530	ENSG00000135842	0.2190198110615242	0.2190198110615242	0.2190198110615242
AZD0530	ENSG00000151690	0.21894399325512306	0.21894399325512306	0.21894399325512306
AZD0530	ENSG00000145824	0.21888833125419657	0.21888833125419657	0.21888833125419657
AZD0530	ENSG00000224200	0.2188745279146329	0.2188745279146329	0.2188745279146329
AZD0530	ENSG00000177156	0.21886968969233386	0.21886968969233386	0.21886968969233386
AZD0530	C3orf78	0.21885930748172555	0.21885930748172555	0.21885930748172555
AZD0530	ENSG00000144401	0.2188238169427488	0.2188238169427488	0.2188238169427488
AZD0530	ENSG00000170925	0.21880396535606672	0.21880396535606672	0.21880396535606672
AZD0530	ENSG00000130382	0.21851086022907504	0.21851086022907504	0.21851086022907504
AZD0530	ENSG00000137960	0.2183843625957487	0.2183843625957487	0.2183843625957487
AZD0530	ENSG00000182747	0.21821334471973036	0.21821334471973036	0.21821334471973036
AZD0530	ENSG00000089022	0.21811854613169404	0.21811854613169404	0.21811854613169404
AZD0530	ENSG00000153006	0.21809694620161804	0.21809694620161804	0.21809694620161804
AZD0530	ENSG00000266405	0.2180020670825609	0.2180020670825609	0.2180020670825609
AZD0530	ENSG00000086300	0.21790722707579258	0.21790722707579258	0.21790722707579258
AZD0530	ENSG00000136603	0.21789641996505082	0.21789641996505082	0.21789641996505082
AZD0530	ENSG00000261371	0.21780394290446162	0.21780394290446162	0.21780394290446162
AZD0530	ENSG00000133773	0.2177104743159384	0.2177104743159384	0.2177104743159384
AZD0530	ENSG00000132471	0.21770835045881362	0.21770835045881362	0.21770835045881362
AZD0530	LOC100506397	0.21769384942824752	0.21769384942824752	0.21769384942824752
AZD0530	LOC100130705	0.2176479193892406	0.2176479193892406	0.2176479193892406
AZD0530	ENSG00000183484	0.21759067113413205	0.21759067113413205	0.21759067113413205
AZD0530	ENSG00000159905	0.2173431891363862	0.2173431891363862	0.2173431891363862
AZD0530	ENSG00000244754	0.21733740452480244	0.21733740452480244	0.21733740452480244
AZD0530	ENSG00000162643	0.21731991968834158	0.21731991968834158	0.21731991968834158
AZD0530	ENSG00000168061	0.21727578856834526	0.21727578856834526	0.21727578856834526
AZD0530	ENSG00000106018	0.21722946630355297	0.21722946630355297	0.21722946630355297
AZD0530	ENSG00000213231	0.21714508327059842	0.21714508327059842	0.21714508327059842
AZD0530	ENSG00000151470	0.21708483937149287	0.21708483937149287	0.21708483937149287
AZD0530	ENSG00000174483	0.2170671943122811	0.2170671943122811	0.2170671943122811
AZD0530	ENSG00000242125	0.2168479705796231	0.2168479705796231	0.2168479705796231
AZD0530	LOC100192378	0.2168272358434783	0.2168272358434783	0.2168272358434783
AZD0530	ENSG00000089558	0.21668437480304076	0.21668437480304076	0.21668437480304076
AZD0530	ENSG00000212721	0.21655581522435435	0.21655581522435435	0.21655581522435435
AZD0530	ENSG00000170634	0.21644585786678547	0.21644585786678547	0.21644585786678547
AZD0530	ENSG00000177873	0.21639043291409632	0.21639043291409632	0.21639043291409632
AZD0530	ENSG00000148925	0.21627097663337233	0.21627097663337233	0.21627097663337233
AZD0530	ENSG00000161542	0.21610903514796256	0.21610903514796256	0.21610903514796256
AZD0530	ENSG00000151718	0.2160426845635012	0.2160426845635012	0.2160426845635012
AZD0530	LOC100272228	0.21598306118752914	0.21598306118752914	0.21598306118752914
AZD0530	ENSG00000203711	0.21569706531697339	0.21569706531697339	0.21569706531697339
AZD0530	LOC219731	0.21541665817752825	0.21541665817752825	0.21541665817752825
AZD0530	ENSG00000053501	0.2153620478074031	0.2153620478074031	0.2153620478074031
AZD0530	ENSG00000141338	0.2153606633049403	0.2153606633049403	0.2153606633049403
AZD0530	ENSG00000174951	0.21516396030543675	0.21516396030543675	0.21516396030543675
AZD0530	ENSG00000149571	0.21513045474777553	0.21513045474777553	0.21513045474777553
AZD0530	LRG_653	0.21512076378775052	0.21512076378775052	0.21512076378775052
AZD0530	ENSG00000168724	0.21509187722485107	0.21509187722485107	0.21509187722485107
AZD0530	ENSG00000183726	0.2149882738454638	0.2149882738454638	0.2149882738454638
AZD0530	ENSG00000103343	0.21496520247002734	0.21496520247002734	0.21496520247002734
AZD0530	ENSG00000180992	0.2149541754671843	0.2149541754671843	0.2149541754671843
AZD0530	ENSG00000121957	0.21490261781999628	0.21490261781999628	0.21490261781999628
AZD0530	ENSG00000197714	0.21486432931158034	0.21486432931158034	0.21486432931158034
AZD0530	ENSG00000157379	0.21465885355011785	0.21465885355011785	0.21465885355011785
AZD0530	ENSG00000040731	0.2145620331663024	0.2145620331663024	0.2145620331663024
AZD0530	ENSG00000111275	0.21456035848356458	0.21456035848356458	0.21456035848356458
AZD0530	ENSG00000071967	0.21439345286329567	0.21439345286329567	0.21439345286329567
AZD0530	ENSG00000113494	0.2143529789541888	0.2143529789541888	0.2143529789541888
AZD0530	ENSG00000162004	0.214332428538051	0.214332428538051	0.214332428538051
AZD0530	ENSG00000155876	0.21428577651116218	0.21428577651116218	0.21428577651116218
AZD0530	ENSG00000101938	0.21428149328432036	0.21428149328432036	0.21428149328432036
AZD0530	ENSG00000156504	0.21423235459137155	0.21423235459137155	0.21423235459137155
AZD0530	ENSG00000184560	0.21412664447024388	0.21412664447024388	0.21412664447024388
AZD0530	ENSG00000162881	0.2140035043944238	0.2140035043944238	0.2140035043944238
AZD0530	ENSG00000116863	0.2137335127886338	0.2137335127886338	0.2137335127886338
AZD0530	ENSG00000104969	0.2136658127190834	0.2136658127190834	0.2136658127190834
AZD0530	ENSG00000178031	0.21362879097471743	0.21362879097471743	0.21362879097471743
AZD0530	ENSG00000178537	0.2134834145814302	0.2134834145814302	0.2134834145814302
AZD0530	ENSG00000256590	0.21342924021682225	0.21342924021682225	0.21342924021682225
AZD0530	ENSG00000056678	0.21331287882671074	0.21331287882671074	0.21331287882671074
AZD0530	ENSG00000106952	0.21326781048233823	0.21326781048233823	0.21326781048233823
AZD0530	ENSG00000168453	0.21325729617700767	0.21325729617700767	0.21325729617700767
AZD0530	ENSG00000063176	0.21302811040817593	0.21302811040817593	0.21302811040817593
AZD0530	ENSG00000156925	0.21287762829210696	0.21287762829210696	0.21287762829210696
AZD0530	ENSG00000138231	0.21283428807310917	0.21283428807310917	0.21283428807310917
AZD0530	ENSG00000151006	0.21275815993271574	0.21275815993271574	0.21275815993271574
AZD0530	ENSG00000156096	0.21268627236741605	0.21268627236741605	0.21268627236741605
AZD0530	ENSG00000121552	0.21261166383886232	0.21261166383886232	0.21261166383886232
AZD0530	ENSG00000065183	0.21253959311444828	0.21253959311444828	0.21253959311444828
AZD0530	ENSG00000109220	0.2124927762376409	0.2124927762376409	0.2124927762376409
AZD0530	ENSG00000106400	0.21233636961410177	0.21233636961410177	0.21233636961410177
AZD0530	ENSG00000131153	0.21220175959529589	0.21220175959529589	0.21220175959529589
AZD0530	ENSG00000277131	0.21212585553821184	0.21212585553821184	0.21212585553821184
AZD0530	LSAMP-AS4	0.21162598467383914	0.21162598467383914	0.21162598467383914
AZD0530	ENSG00000274914	0.2116149695449125	0.2116149695449125	0.2116149695449125
AZD0530	ENSG00000100206	0.21160798923554966	0.21160798923554966	0.21160798923554966
AZD0530	ENSG00000277641	0.21153653267361214	0.21153653267361214	0.21153653267361214
AZD0530	ENSG00000102038	0.2115221016748071	0.2115221016748071	0.2115221016748071
AZD0530	ENSG00000275865	0.2114765932719946	0.2114765932719946	0.2114765932719946
AZD0530	ENSG00000115041	0.2113170476703389	0.2113170476703389	0.2113170476703389
AZD0530	ENSG00000129518	0.21129240782758976	0.21129240782758976	0.21129240782758976
AZD0530	ENSG00000170390	0.2111930552013731	0.2111930552013731	0.2111930552013731
AZD0530	ENSG00000221882	0.21109931037530474	0.21109931037530474	0.21109931037530474
AZD0530	ENSG00000020577	0.21102549686922417	0.21102549686922417	0.21102549686922417
AZD0530	ENSG00000004975	0.21086015017047205	0.21086015017047205	0.21086015017047205
AZD0530	ENSG00000105810	0.21082594795591256	0.21082594795591256	0.21082594795591256
AZD0530	ENSG00000105880	0.21082171780635042	0.21082171780635042	0.21082171780635042
AZD0530	ENSG00000004897	0.2107837788811011	0.2107837788811011	0.2107837788811011
AZD0530	ENSG00000083307	0.210688686402229	0.210688686402229	0.210688686402229
AZD0530	FLJ43390	0.21064798468605558	0.21064798468605558	0.21064798468605558
AZD0530	ENSG00000174282	0.21048690391807712	0.21048690391807712	0.21048690391807712
AZD0530	ENSG00000105374	0.2104126766526745	0.2104126766526745	0.2104126766526745
AZD0530	ENSG00000075213	0.21039436782330412	0.21039436782330412	0.21039436782330412
AZD0530	ENSG00000171759	0.2103675601725651	0.2103675601725651	0.2103675601725651
AZD0530	LRG_353	0.2103115530831882	0.2103115530831882	0.2103115530831882
AZD0530	ENSG00000139351	0.21020735483954156	0.21020735483954156	0.21020735483954156
AZD0530	ENSG00000132840	0.210204277973886	0.210204277973886	0.210204277973886
AZD0530	ENSG00000129187	0.2101986055455701	0.2101986055455701	0.2101986055455701
AZD0530	ENSG00000136352	0.21017477828514267	0.21017477828514267	0.21017477828514267
AZD0530	ENSG00000175164	0.21001288050447775	0.21001288050447775	0.21001288050447775
AZD0530	ENSG00000120820	0.21000722271726252	0.21000722271726252	0.21000722271726252
AZD0530	ENSG00000119599	0.209984339053729	0.209984339053729	0.209984339053729
AZD0530	ENSG00000132664	0.2098248874079771	0.2098248874079771	0.2098248874079771
AZD0530	ENSG00000165621	0.2098091998142777	0.2098091998142777	0.2098091998142777
AZD0530	ENSG00000103194	0.20961844207811434	0.20961844207811434	0.20961844207811434
AZD0530	ENSG00000174562	0.20961440069137321	0.20961440069137321	0.20961440069137321
AZD0530	LOC100630918	0.2094074602123521	0.2094074602123521	0.2094074602123521
AZD0530	LOC728606	0.20935482659691962	0.20935482659691962	0.20935482659691962
AZD0530	C22orf13	0.20935011953660632	0.20935011953660632	0.20935011953660632
AZD0530	ENSG00000274488	0.20925341895973165	0.20925341895973165	0.20925341895973165
AZD0530	ENSG00000103044	0.20919305890811993	0.20919305890811993	0.20919305890811993
AZD0530	ENSG00000138031	0.20916572795572164	0.20916572795572164	0.20916572795572164
AZD0530	ENSG00000119729	0.20914021649513756	0.20914021649513756	0.20914021649513756
AZD0530	FLJ41757	0.20913941691855648	0.20913941691855648	0.20913941691855648
AZD0530	ENSG00000271968	0.20908912176398917	0.20908912176398917	0.20908912176398917
AZD0530	LOC100129726	0.2090164723336741	0.2090164723336741	0.2090164723336741
AZD0530	LOC285205	0.20901565492011023	0.20901565492011023	0.20901565492011023
AZD0530	ENSG00000164902	0.20891364703993184	0.20891364703993184	0.20891364703993184
AZD0530	ENSG00000204815	0.20882166274918967	0.20882166274918967	0.20882166274918967
AZD0530	ENSG00000249961	0.2086896840087121	0.2086896840087121	0.2086896840087121
AZD0530	ENSG00000113088	0.20836570288047818	0.20836570288047818	0.20836570288047818
AZD0530	ENSG00000166455	0.20819491611398727	0.20819491611398727	0.20819491611398727
AZD0530	ENSG00000066583	0.2081519726802744	0.2081519726802744	0.2081519726802744
AZD0530	ENSG00000158806	0.20812534270618915	0.20812534270618915	0.20812534270618915
AZD0530	ENSG00000120742	0.2079772744911578	0.2079772744911578	0.2079772744911578
AZD0530	ENSG00000083782	0.20787123167336632	0.20787123167336632	0.20787123167336632
AZD0530	ENSG00000140264	0.20782521781992705	0.20782521781992705	0.20782521781992705
AZD0530	ENSG00000070526	0.20775916632547173	0.20775916632547173	0.20775916632547173
AZD0530	LOC100129196	0.20774345830812316	0.20774345830812316	0.20774345830812316
AZD0530	ENSG00000111262	0.20773520987071586	0.20773520987071586	0.20773520987071586
AZD0530	LOC100506046	0.2075695061241876	0.2075695061241876	0.2075695061241876
AZD0530	ENSG00000139044	0.20736593779733326	0.20736593779733326	0.20736593779733326
AZD0530	ENSG00000277936	0.20733020449561904	0.20733020449561904	0.20733020449561904
AZD0530	ENSG00000120149	0.20727124805962377	0.20727124805962377	0.20727124805962377
AZD0530	ENSG00000188529	0.20724926885355202	0.20724926885355202	0.20724926885355202
AZD0530	ENSG00000121864	0.20724915113044817	0.20724915113044817	0.20724915113044817
AZD0530	LRG_329	0.20720443058745755	0.20720443058745755	0.20720443058745755
AZD0530	ENSG00000162734	0.20714978238749654	0.20714978238749654	0.20714978238749654
AZD0530	ENSG00000116161	0.2071145645118416	0.2071145645118416	0.2071145645118416
AZD0530	ENSG00000057149	0.2070048974209981	0.2070048974209981	0.2070048974209981
AZD0530	ENSG00000091536	0.2069823955234499	0.2069823955234499	0.2069823955234499
AZD0530	ENSG00000065923	0.20669403033865125	0.20669403033865125	0.20669403033865125
AZD0530	ENSG00000086159	0.20664714977384888	0.20664714977384888	0.20664714977384888
AZD0530	ENSG00000073331	0.20659003717477126	0.20659003717477126	0.20659003717477126
AZD0530	ENSG00000101335	0.20658998461465083	0.20658998461465083	0.20658998461465083
AZD0530	ENSG00000120500	0.20649218467048197	0.20649218467048197	0.20649218467048197
AZD0530	ENSG00000075651	0.2062693770854408	0.2062693770854408	0.2062693770854408
AZD0530	ENSG00000167645	0.20619513057580124	0.20619513057580124	0.20619513057580124
AZD0530	ENSG00000127980	0.20619432637350646	0.20619432637350646	0.20619432637350646
AZD0530	ENSG00000073734	0.20605395373581203	0.20605395373581203	0.20605395373581203
AZD0530	C7orf70	0.20598894395141948	0.20598894395141948	0.20598894395141948
AZD0530	ENSG00000111432	0.2059094621217693	0.2059094621217693	0.2059094621217693
AZD0530	ENSG00000114626	0.205850543742411	0.205850543742411	0.205850543742411
AZD0530	LRG_631	0.20574529956565982	0.20574529956565982	0.20574529956565982
AZD0530	ENSG00000140403	0.20571262434608262	0.20571262434608262	0.20571262434608262
AZD0530	C17orf109	0.20563445517103748	0.20563445517103748	0.20563445517103748
AZD0530	ENSG00000211815	0.20544972843793693	0.20544972843793693	0.20544972843793693
AZD0530	ENSG00000126351	0.20544805511724668	0.20544805511724668	0.20544805511724668
AZD0530	ENSG00000173456	0.20532449185885424	0.20532449185885424	0.20532449185885424
AZD0530	LOC100506995	0.20521804668361102	0.20521804668361102	0.20521804668361102
AZD0530	ENSG00000167637	0.20502282244017941	0.20502282244017941	0.20502282244017941
AZD0530	ENSG00000101246	0.20500871392394307	0.20500871392394307	0.20500871392394307
AZD0530	KIAA1383	0.20497814964326003	0.20497814964326003	0.20497814964326003
AZD0530	ENSG00000072571	0.20490125313689922	0.20490125313689922	0.20490125313689922
AZD0530	ENSG00000203780	0.204831070149061	0.204831070149061	0.204831070149061
AZD0530	ENSG00000131375	0.2047814219519035	0.2047814219519035	0.2047814219519035
AZD0530	ENSG00000070770	0.20468440993845555	0.20468440993845555	0.20468440993845555
AZD0530	ENSG00000198610	0.20460639098509895	0.20460639098509895	0.20460639098509895
AZD0530	ENSG00000128294	0.20454521599900993	0.20454521599900993	0.20454521599900993
AZD0530	ENSG00000263243	0.20447303311434567	0.20447303311434567	0.20447303311434567
AZD0530	C6orf164	0.20435016030698747	0.20435016030698747	0.20435016030698747
AZD0530	ENSG00000136021	0.20427076372996678	0.20427076372996678	0.20427076372996678
AZD0530	ENSG00000180245	0.20414251916366769	0.20414251916366769	0.20414251916366769
AZD0530	ENSG00000109208	0.20414220882009107	0.20414220882009107	0.20414220882009107
AZD0530	ENSG00000143374	0.20414097858063018	0.20414097858063018	0.20414097858063018
AZD0530	ENSG00000143552	0.20407884541168794	0.20407884541168794	0.20407884541168794
AZD0530	LOC100507384	0.20401023729788786	0.20401023729788786	0.20401023729788786
AZD0530	ENSG00000033867	0.20400699134195988	0.20400699134195988	0.20400699134195988
AZD0530	ENSG00000182472	0.20373121796969787	0.20373121796969787	0.20373121796969787
AZD0530	ENSG00000143536	0.20369844996550837	0.20369844996550837	0.20369844996550837
AZD0530	C11orf2	0.2036339223523826	0.2036339223523826	0.2036339223523826
AZD0530	ENSG00000105737	0.20356556008836232	0.20356556008836232	0.20356556008836232
AZD0530	ENSG00000171954	0.20351628081774983	0.20351628081774983	0.20351628081774983
AZD0530	ENSG00000172345	0.20348259036966834	0.20348259036966834	0.20348259036966834
AZD0530	ENSG00000116670	0.2033747308723696	0.2033747308723696	0.2033747308723696
AZD0530	ENSG00000004961	0.20333101777297083	0.20333101777297083	0.20333101777297083
AZD0530	ENSG00000211803	0.20329308264860305	0.20329308264860305	0.20329308264860305
AZD0530	ENSG00000164649	0.20322468979222477	0.20322468979222477	0.20322468979222477
AZD0530	ENSG00000256061	0.20285184368358977	0.20285184368358977	0.20285184368358977
AZD0530	ENSG00000135119	0.20280787777184262	0.20280787777184262	0.20280787777184262
AZD0530	ENSG00000101199	0.20276880936371106	0.20276880936371106	0.20276880936371106
AZD0530	ENSG00000165125	0.20275667490277033	0.20275667490277033	0.20275667490277033
AZD0530	ENSG00000198900	0.20273393130391978	0.20273393130391978	0.20273393130391978
AZD0530	ENSG00000173894	0.2026490777177355	0.2026490777177355	0.2026490777177355
AZD0530	ENSG00000117411	0.20259305342747538	0.20259305342747538	0.20259305342747538
AZD0530	ENSG00000137077	0.20257364985058196	0.20257364985058196	0.20257364985058196
AZD0530	ENSG00000162669	0.202430512767719	0.202430512767719	0.202430512767719
AZD0530	ENSG00000100979	0.20239574807005453	0.20239574807005453	0.20239574807005453
AZD0530	ENSG00000263296	0.2023289205627631	0.2023289205627631	0.2023289205627631
AZD0530	ENSG00000204653	0.20230118078737777	0.20230118078737777	0.20230118078737777
AZD0530	ENSG00000044524	0.2022313653308882	0.2022313653308882	0.2022313653308882
AZD0530	ENSG00000124196	0.20197297208267226	0.20197297208267226	0.20197297208267226
AZD0530	LOC286437	0.20195463319683843	0.20195463319683843	0.20195463319683843
AZD0530	ENSG00000111011	0.2016674880054532	0.2016674880054532	0.2016674880054532
AZD0530	ENSG00000257315	0.20165775331644556	0.20165775331644556	0.20165775331644556
AZD0530	ENSG00000163536	0.2016113896542802	0.2016113896542802	0.2016113896542802
AZD0530	C5orf4	0.2015537905016708	0.2015537905016708	0.2015537905016708
AZD0530	ENSG00000150455	0.20136570699093637	0.20136570699093637	0.20136570699093637
AZD0530	ENSG00000136758	0.2013588231347555	0.2013588231347555	0.2013588231347555
AZD0530	ENSG00000139117	0.20124302499376495	0.20124302499376495	0.20124302499376495
AZD0530	ENSG00000177045	0.20120122813857924	0.20120122813857924	0.20120122813857924
AZD0530	ENSG00000159339	0.2011744119626091	0.2011744119626091	0.2011744119626091
AZD0530	ENSG00000275700	0.2011670532490115	0.2011670532490115	0.2011670532490115
AZD0530	ENSG00000087470	0.20106997293938247	0.20106997293938247	0.20106997293938247
AZD0530	ENSG00000135835	0.20085520870602666	0.20085520870602666	0.20085520870602666
AZD0530	ENSG00000156232	0.20085223250015855	0.20085223250015855	0.20085223250015855
AZD0530	ENSG00000092295	0.20083101472809703	0.20083101472809703	0.20083101472809703
AZD0530	ENSG00000238244	0.2007679977681626	0.2007679977681626	0.2007679977681626
AZD0530	ENSG00000182512	0.20066020201865306	0.20066020201865306	0.20066020201865306
AZD0530	ENSG00000172425	0.20057492017237624	0.20057492017237624	0.20057492017237624
AZD0530	ENSG00000160216	0.2004707282215798	0.2004707282215798	0.2004707282215798
AZD0530	ENSG00000108759	0.20027120290246855	0.20027120290246855	0.20027120290246855
AZD0530	ENSG00000174992	0.2002153899329932	0.2002153899329932	0.2002153899329932
AZD0530	ENSG00000128274	0.2001602564011886	0.2001602564011886	0.2001602564011886
AZD0530	1/2-SBSRNA4	0.20015263485167606	0.20015263485167606	0.20015263485167606
AZD0530	ENSG00000086232	0.2001178969100694	0.2001178969100694	0.2001178969100694
AZD0530	ENSG00000127955	0.2000551227937831	0.2000551227937831	0.2000551227937831
AZD0530	ENSG00000170927	0.2000435089845824	0.2000435089845824	0.2000435089845824
AZD0530	ENSG00000166167	0.20000688128347874	0.20000688128347874	0.20000688128347874
AZD0530	ENSG00000138039	0.199912900877397	0.199912900877397	0.199912900877397
AZD0530	ENSG00000123838	0.19987626416871979	0.19987626416871979	0.19987626416871979
AZD0530	ENSG00000123136	0.19977228362589147	0.19977228362589147	0.19977228362589147
AZD0530	ENSG00000156313	0.19969364872993928	0.19969364872993928	0.19969364872993928
AZD0530	ENSG00000166323	0.19965949018590445	0.19965949018590445	0.19965949018590445
AZD0530	ENSG00000198130	0.19964518964614367	0.19964518964614367	0.19964518964614367
AZD0530	ENSG00000081386	0.199612593828485	0.199612593828485	0.199612593828485
AZD0530	ENSG00000119403	0.19959427918455705	0.19959427918455705	0.19959427918455705
AZD0530	ENSG00000089693	0.19958153086997735	0.19958153086997735	0.19958153086997735
AZD0530	LOC100287558	0.19954273262731057	0.19954273262731057	0.19954273262731057
AZD0530	ENSG00000151806	0.1993695282573131	0.1993695282573131	0.1993695282573131
AZD0530	ENSG00000197771	0.1992569563837765	0.1992569563837765	0.1992569563837765
AZD0530	ENSG00000080224	0.19925174759625983	0.19925174759625983	0.19925174759625983
AZD0530	ENSG00000176659	0.19903403150333754	0.19903403150333754	0.19903403150333754
AZD0530	ENSG00000185681	0.1990071841652819	0.1990071841652819	0.1990071841652819
AZD0530	ENSG00000073598	0.19893753756399574	0.19893753756399574	0.19893753756399574
AZD0530	ENSG00000143179	0.1987555519393757	0.1987555519393757	0.1987555519393757
AZD0530	ENSG00000136936	0.19857247542145162	0.19857247542145162	0.19857247542145162
AZD0530	ENSG00000130177	0.19835911485012273	0.19835911485012273	0.19835911485012273
AZD0530	ENSG00000276410	0.19820979125319307	0.19820979125319307	0.19820979125319307
AZD0530	ENSG00000127554	0.1980042573178865	0.1980042573178865	0.1980042573178865
AZD0530	ENSG00000145861	0.19795389567300112	0.19795389567300112	0.19795389567300112
AZD0530	C1orf144	0.1978575673022209	0.1978575673022209	0.1978575673022209
AZD0530	ENSG00000169692	0.19784820043350512	0.19784820043350512	0.19784820043350512
AZD0530	ENSG00000109572	0.19782718340571126	0.19782718340571126	0.19782718340571126
AZD0530	ENSG00000074695	0.19779263182127765	0.19779263182127765	0.19779263182127765
AZD0530	ENSG00000075336	0.1977835411312212	0.1977835411312212	0.1977835411312212
AZD0530	ENSG00000082068	0.19777623209941006	0.19777623209941006	0.19777623209941006
AZD0530	FAM70B	0.19764268794877896	0.19764268794877896	0.19764268794877896
AZD0530	ENSG00000205309	0.19763870929033223	0.19763870929033223	0.19763870929033223
AZD0530	LRG_160	0.19761196622400132	0.19761196622400132	0.19761196622400132
AZD0530	ENSG00000124302	0.19749519725810635	0.19749519725810635	0.19749519725810635
AZD0530	ENSG00000112578	0.19746277389966635	0.19746277389966635	0.19746277389966635
AZD0530	ENSG00000168329	0.1973812523346968	0.1973812523346968	0.1973812523346968
AZD0530	ENSG00000211962	0.19732394756085297	0.19732394756085297	0.19732394756085297
AZD0530	ENSG00000141294	0.19708472841186397	0.19708472841186397	0.19708472841186397
AZD0530	ENSG00000213057	0.19708429569326139	0.19708429569326139	0.19708429569326139
AZD0530	ENSG00000132915	0.1970751520764977	0.1970751520764977	0.1970751520764977
AZD0530	ENSG00000186153	0.19705564357077707	0.19705564357077707	0.19705564357077707
AZD0530	ENSG00000108370	0.19705064279247794	0.19705064279247794	0.19705064279247794
AZD0530	ENSG00000198948	0.1970245213502903	0.1970245213502903	0.1970245213502903
AZD0530	ENSG00000147573	0.1969309626974573	0.1969309626974573	0.1969309626974573
AZD0530	LOC100507332	0.19690174627437523	0.19690174627437523	0.19690174627437523
AZD0530	ENSG00000172115	0.1968305804396732	0.1968305804396732	0.1968305804396732
AZD0530	ENSG00000099284	0.1967630959798716	0.1967630959798716	0.1967630959798716
AZD0530	ENSG00000106004	0.19675935926554017	0.19675935926554017	0.19675935926554017
AZD0530	ENSG00000159111	0.19669137208955761	0.19669137208955761	0.19669137208955761
AZD0530	ENSG00000130024	0.19664794736897276	0.19664794736897276	0.19664794736897276
AZD0530	ENSG00000099904	0.19641156406142768	0.19641156406142768	0.19641156406142768
AZD0530	ENSG00000173715	0.1961707153048979	0.1961707153048979	0.1961707153048979
AZD0530	ENSG00000121005	0.19608392611946762	0.19608392611946762	0.19608392611946762
AZD0530	LOC100505870	0.1960245008947259	0.1960245008947259	0.1960245008947259
AZD0530	LRG_242	0.19593018824453026	0.19593018824453026	0.19593018824453026
AZD0530	ENSG00000206503	0.1957507731609513	0.1957507731609513	0.1957507731609513
AZD0530	ENSG00000184584	0.19574591743748174	0.19574591743748174	0.19574591743748174
AZD0530	ENSG00000134283	0.19568790834821095	0.19568790834821095	0.19568790834821095
AZD0530	ENSG00000155636	0.19564046431172952	0.19564046431172952	0.19564046431172952
AZD0530	ENSG00000183977	0.19562739300870288	0.19562739300870288	0.19562739300870288
AZD0530	ENSG00000168685	0.19560813121989323	0.19560813121989323	0.19560813121989323
AZD0530	ENSG00000132938	0.19553284138509783	0.19553284138509783	0.19553284138509783
AZD0530	ENSG00000148296	0.1954155602965961	0.1954155602965961	0.1954155602965961
AZD0530	ENSG00000130414	0.19538665534854985	0.19538665534854985	0.19538665534854985
AZD0530	ENSG00000124257	0.19537773435788516	0.19537773435788516	0.19537773435788516
AZD0530	ENSG00000183691	0.19513759867351047	0.19513759867351047	0.19513759867351047
AZD0530	ENSG00000126243	0.19512517350932757	0.19512517350932757	0.19512517350932757
AZD0530	ENSG00000078114	0.19508013435259847	0.19508013435259847	0.19508013435259847
AZD0530	ENSG00000101470	0.19504217076507682	0.19504217076507682	0.19504217076507682
AZD0530	ENSG00000145936	0.19497851439223263	0.19497851439223263	0.19497851439223263
AZD0530	ENSG00000036473	0.1947894977548625	0.1947894977548625	0.1947894977548625
AZD0530	ENSG00000185129	0.19476928131430177	0.19476928131430177	0.19476928131430177
AZD0530	ENSG00000084463	0.19467084607454277	0.19467084607454277	0.19467084607454277
AZD0530	ENSG00000124092	0.19466440025239884	0.19466440025239884	0.19466440025239884
AZD0530	ENSG00000160097	0.19457637276213782	0.19457637276213782	0.19457637276213782
AZD0530	ENSG00000163393	0.19456447558735349	0.19456447558735349	0.19456447558735349
AZD0530	ENSG00000136535	0.19451082808539702	0.19451082808539702	0.19451082808539702
AZD0530	C17orf101	0.19423499956282572	0.19423499956282572	0.19423499956282572
AZD0530	ENSG00000164300	0.19415504080099485	0.19415504080099485	0.19415504080099485
AZD0530	ENSG00000186364	0.1940837507133275	0.1940837507133275	0.1940837507133275
AZD0530	ENSG00000229359	0.1938869103361027	0.1938869103361027	0.1938869103361027
AZD0530	C12orf52	0.19386301154062244	0.19386301154062244	0.19386301154062244
AZD0530	ENSG00000152475	0.19378599330809224	0.19378599330809224	0.19378599330809224
AZD0530	ENSG00000123472	0.19369173950340898	0.19369173950340898	0.19369173950340898
AZD0530	ENSG00000112175	0.19365851673109957	0.19365851673109957	0.19365851673109957
AZD0530	ENSG00000134193	0.19361357985654978	0.19361357985654978	0.19361357985654978
AZD0530	ENSG00000185838	0.19342773723084775	0.19342773723084775	0.19342773723084775
AZD0530	ENSG00000175093	0.19342681232648376	0.19342681232648376	0.19342681232648376
AZD0530	ENSG00000169340	0.19342070432856837	0.19342070432856837	0.19342070432856837
AZD0530	LOC100506130	0.19338133691528622	0.19338133691528622	0.19338133691528622
AZD0530	ENSG00000253276	0.19334386795240152	0.19334386795240152	0.19334386795240152
AZD0530	ENSG00000258289	0.19331185691243846	0.19331185691243846	0.19331185691243846
AZD0530	ENSG00000114859	0.1931618514678078	0.1931618514678078	0.1931618514678078
AZD0530	ENSG00000138777	0.1931429087651325	0.1931429087651325	0.1931429087651325
AZD0530	ENSG00000243319	0.19304222737151616	0.19304222737151616	0.19304222737151616
AZD0530	ENSG00000011009	0.19276087807159512	0.19276087807159512	0.19276087807159512
AZD0530	ENSG00000053524	0.1926289243801365	0.1926289243801365	0.1926289243801365
AZD0530	ENSG00000158715	0.19259018628365504	0.19259018628365504	0.19259018628365504
AZD0530	ENSG00000188662	0.1923290135315478	0.1923290135315478	0.1923290135315478
AZD0530	ENSG00000184939	0.1923214493395306	0.1923214493395306	0.1923214493395306
AZD0530	ENSG00000148677	0.1922996898564987	0.1922996898564987	0.1922996898564987
AZD0530	ENSG00000169344	0.19224116330006738	0.19224116330006738	0.19224116330006738
AZD0530	ENSG00000255346	0.19215049194790002	0.19215049194790002	0.19215049194790002
AZD0530	ENSG00000204787	0.19204368791839802	0.19204368791839802	0.19204368791839802
AZD0530	LOC100289230	0.19196867418609168	0.19196867418609168	0.19196867418609168
AZD0530	ENSG00000149196	0.19165669587396422	0.19165669587396422	0.19165669587396422
AZD0530	ENSG00000115339	0.19161653501315368	0.19161653501315368	0.19161653501315368
AZD0530	ENSG00000086189	0.19149949778137906	0.19149949778137906	0.19149949778137906
AZD0530	ENSG00000157869	0.19146231984031287	0.19146231984031287	0.19146231984031287
AZD0530	ENSG00000089775	0.19142743506486123	0.19142743506486123	0.19142743506486123
AZD0530	C3orf71	0.19132300200205699	0.19132300200205699	0.19132300200205699
AZD0530	ENSG00000084073	0.19120987177717663	0.19120987177717663	0.19120987177717663
AZD0530	ENSG00000176978	0.19084871954370922	0.19084871954370922	0.19084871954370922
AZD0530	ENSG00000153292	0.19079684068739003	0.19079684068739003	0.19079684068739003
AZD0530	ENSG00000106009	0.19079154233630197	0.19079154233630197	0.19079154233630197
AZD0530	ENSG00000140577	0.19060497042918675	0.19060497042918675	0.19060497042918675
AZD0530	ENSG00000163630	0.1905249910842466	0.1905249910842466	0.1905249910842466
AZD0530	ENSG00000105472	0.1905036258439529	0.1905036258439529	0.1905036258439529
AZD0530	ENSG00000281818	0.19048494917267197	0.19048494917267197	0.19048494917267197
AZD0530	ENSG00000196968	0.1903964618695214	0.1903964618695214	0.1903964618695214
AZD0530	LOC100505484	0.19039485887936006	0.19039485887936006	0.19039485887936006
AZD0530	ENSG00000198369	0.19032376036067553	0.19032376036067553	0.19032376036067553
AZD0530	ENSG00000263639	0.190277290411931	0.190277290411931	0.190277290411931
AZD0530	ENSG00000120756	0.1902129681214174	0.1902129681214174	0.1902129681214174
AZD0530	ENSG00000056097	0.19020502800876218	0.19020502800876218	0.19020502800876218
AZD0530	ENSG00000125351	0.19010767716824611	0.19010767716824611	0.19010767716824611
AZD0530	ENSG00000139180	0.19004438806730028	0.19004438806730028	0.19004438806730028
AZD0530	LRG_291	0.18981415521759168	0.18981415521759168	0.18981415521759168
AZD0530	ENSG00000102780	0.18979561123232996	0.18979561123232996	0.18979561123232996
AZD0530	ENSG00000100902	0.18970577106122272	0.18970577106122272	0.18970577106122272
AZD0530	ENSG00000138411	0.18970271131525582	0.18970271131525582	0.18970271131525582
AZD0530	ENSG00000259431	0.18965656292768573	0.18965656292768573	0.18965656292768573
AZD0530	ENSG00000179846	0.18958743477691442	0.18958743477691442	0.18958743477691442
AZD0530	ENSG00000253293	0.18956655235039307	0.18956655235039307	0.18956655235039307
AZD0530	ENSG00000113569	0.18931920899037638	0.18931920899037638	0.18931920899037638
AZD0530	ENSG00000108528	0.18930272521700595	0.18930272521700595	0.18930272521700595
AZD0530	TMEM48	0.18924774458934313	0.18924774458934313	0.18924774458934313
AZD0530	ENSG00000113966	0.18923923716165073	0.18923923716165073	0.18923923716165073
AZD0530	ENSG00000170502	0.18920997421660518	0.18920997421660518	0.18920997421660518
AZD0530	LOC286149	0.18915464303906676	0.18915464303906676	0.18915464303906676
AZD0530	ENSG00000198729	0.18908910481820781	0.18908910481820781	0.18908910481820781
AZD0530	ENSG00000165806	0.18904119509232223	0.18904119509232223	0.18904119509232223
AZD0530	ENSG00000143641	0.1890029431713422	0.1890029431713422	0.1890029431713422
AZD0530	LRG_351	0.18899253586404338	0.18899253586404338	0.18899253586404338
AZD0530	ENSG00000157870	0.1889393754229138	0.1889393754229138	0.1889393754229138
AZD0530	LOC284600	0.18893439625723535	0.18893439625723535	0.18893439625723535
AZD0530	ENSG00000104805	0.18886525180871794	0.18886525180871794	0.18886525180871794
AZD0530	ENSG00000276345	0.18877683181621646	0.18877683181621646	0.18877683181621646
AZD0530	ENSG00000135297	0.18877185767128793	0.18877185767128793	0.18877185767128793
AZD0530	LOC730227	0.18865186060894015	0.18865186060894015	0.18865186060894015
AZD0530	ENSG00000166260	0.1885673656673017	0.1885673656673017	0.1885673656673017
AZD0530	ENSG00000162437	0.1885668676201966	0.1885668676201966	0.1885668676201966
AZD0530	ENSG00000133477	0.1885225906668155	0.1885225906668155	0.1885225906668155
AZD0530	ENSG00000241837	0.1884955661739142	0.1884955661739142	0.1884955661739142
AZD0530	ENSG00000213578	0.1883687617556445	0.1883687617556445	0.1883687617556445
AZD0530	ENSG00000143995	0.1881779164059941	0.1881779164059941	0.1881779164059941
AZD0530	C16orf80	0.1881530454283351	0.1881530454283351	0.1881530454283351
AZD0530	ENSG00000124875	0.1881069154434594	0.1881069154434594	0.1881069154434594
AZD0530	LRG_241	0.18809966437200104	0.18809966437200104	0.18809966437200104
AZD0530	ENSG00000008086	0.18804502151248012	0.18804502151248012	0.18804502151248012
AZD0530	ENSG00000154240	0.1879794080136189	0.1879794080136189	0.1879794080136189
AZD0530	ENSG00000154305	0.18796418352650693	0.18796418352650693	0.18796418352650693
AZD0530	ENSG00000176945	0.1879572701935469	0.1879572701935469	0.1879572701935469
AZD0530	ENSG00000168528	0.18784997096184639	0.18784997096184639	0.18784997096184639
AZD0530	ENSG00000172461	0.18755451030302134	0.18755451030302134	0.18755451030302134
AZD0530	ENSG00000174106	0.1875307131963215	0.1875307131963215	0.1875307131963215
AZD0530	ENSG00000008405	0.187349890680847	0.187349890680847	0.187349890680847
AZD0530	ENSG00000244242	0.1873107415729762	0.1873107415729762	0.1873107415729762
AZD0530	ENSG00000117691	0.18729794561221152	0.18729794561221152	0.18729794561221152
AZD0530	ENSG00000125731	0.18727697682926822	0.18727697682926822	0.18727697682926822
AZD0530	ENSG00000175894	0.18711767837782783	0.18711767837782783	0.18711767837782783
AZD0530	ENSG00000175611	0.1869779999947932	0.1869779999947932	0.1869779999947932
AZD0530	ENSG00000105393	0.18697379664479696	0.18697379664479696	0.18697379664479696
AZD0530	ENSG00000147533	0.18695317516893917	0.18695317516893917	0.18695317516893917
AZD0530	ENSG00000162972	0.1867646736658123	0.1867646736658123	0.1867646736658123
AZD0530	ENSG00000205138	0.1867592388147611	0.1867592388147611	0.1867592388147611
AZD0530	ENSG00000274619	0.1867243488052703	0.1867243488052703	0.1867243488052703
AZD0530	ENSG00000119777	0.18641153364758895	0.18641153364758895	0.18641153364758895
AZD0530	ENSG00000145335	0.18640304114478598	0.18640304114478598	0.18640304114478598
AZD0530	ENSG00000130305	0.18639528601887392	0.18639528601887392	0.18639528601887392
AZD0530	ENSG00000086475	0.1863933549729728	0.1863933549729728	0.1863933549729728
AZD0530	ENSG00000196739	0.18623011086302851	0.18623011086302851	0.18623011086302851
AZD0530	ENSG00000161956	0.1861400047215057	0.1861400047215057	0.1861400047215057
AZD0530	ENSG00000167757	0.18609120971014195	0.18609120971014195	0.18609120971014195
AZD0530	ENSG00000100359	0.1860144236549099	0.1860144236549099	0.1860144236549099
AZD0530	ENSG00000168875	0.1860122427497465	0.1860122427497465	0.1860122427497465
AZD0530	ENSG00000134242	0.1859957338292818	0.1859957338292818	0.1859957338292818
AZD0530	ENSG00000235396	0.18597416470008393	0.18597416470008393	0.18597416470008393
AZD0530	ENSG00000182220	0.18594065054607337	0.18594065054607337	0.18594065054607337
AZD0530	ENSG00000174255	0.18588158231208088	0.18588158231208088	0.18588158231208088
AZD0530	ENSG00000034239	0.18587850240278578	0.18587850240278578	0.18587850240278578
AZD0530	ENSG00000253521	0.18571987670668816	0.18571987670668816	0.18571987670668816
AZD0530	ENSG00000101850	0.18571381177337148	0.18571381177337148	0.18571381177337148
AZD0530	ENSG00000147596	0.185703982246118	0.185703982246118	0.185703982246118
AZD0530	ENSG00000229921	0.18569066378516935	0.18569066378516935	0.18569066378516935
AZD0530	ENSG00000132680	0.185685418839205	0.185685418839205	0.185685418839205
AZD0530	ENSG00000038295	0.1855957163030814	0.1855957163030814	0.1855957163030814
AZD0530	ENSG00000185013	0.18542289070641133	0.18542289070641133	0.18542289070641133
AZD0530	ENSG00000147378	0.18536904359495196	0.18536904359495196	0.18536904359495196
AZD0530	ENSG00000069329	0.18522078628508507	0.18522078628508507	0.18522078628508507
AZD0530	ENSG00000163377	0.18518674495995244	0.18518674495995244	0.18518674495995244
AZD0530	ENSG00000116406	0.18517523027822902	0.18517523027822902	0.18517523027822902
AZD0530	ENSG00000132855	0.18510464390878495	0.18510464390878495	0.18510464390878495
AZD0530	ENSG00000174373	0.18498889895720982	0.18498889895720982	0.18498889895720982
AZD0530	ENSG00000166948	0.1848542189887626	0.1848542189887626	0.1848542189887626
AZD0530	ENSG00000124215	0.18485316988163802	0.18485316988163802	0.18485316988163802
AZD0530	ENSG00000132356	0.18473721402365925	0.18473721402365925	0.18473721402365925
AZD0530	ENSG00000182346	0.18464254356097093	0.18464254356097093	0.18464254356097093
AZD0530	C17orf103	0.1844891030289906	0.1844891030289906	0.1844891030289906
AZD0530	ENSG00000176092	0.1844168468808558	0.1844168468808558	0.1844168468808558
AZD0530	ENSG00000147647	0.18439429211102537	0.18439429211102537	0.18439429211102537
AZD0530	LRG_404	0.18429049718439958	0.18429049718439958	0.18429049718439958
AZD0530	ENSG00000140563	0.18420503345985412	0.18420503345985412	0.18420503345985412
AZD0530	ENSG00000163666	0.18415512119902036	0.18415512119902036	0.18415512119902036
AZD0530	LOC730091	0.18412119247192818	0.18412119247192818	0.18412119247192818
AZD0530	ENSG00000184221	0.18407786295966536	0.18407786295966536	0.18407786295966536
AZD0530	ENSG00000117595	0.1839422074341426	0.1839422074341426	0.1839422074341426
AZD0530	ENSG00000130383	0.18390349598123287	0.18390349598123287	0.18390349598123287
AZD0530	ENSG00000104064	0.18386149479223315	0.18386149479223315	0.18386149479223315
AZD0530	ENSG00000179271	0.18377654564599183	0.18377654564599183	0.18377654564599183
AZD0530	ENSG00000171124	0.18355901190914978	0.18355901190914978	0.18355901190914978
AZD0530	ENSG00000183891	0.1834734126807643	0.1834734126807643	0.1834734126807643
AZD0530	ENSG00000281742	0.1834612231661798	0.1834612231661798	0.1834612231661798
AZD0530	ENSG00000005001	0.18338796941350793	0.18338796941350793	0.18338796941350793
AZD0530	C16orf53	0.18327315382490264	0.18327315382490264	0.18327315382490264
AZD0530	ENSG00000173598	0.18318961778219064	0.18318961778219064	0.18318961778219064
AZD0530	ENSG00000187531	0.1831747518911705	0.1831747518911705	0.1831747518911705
AZD0530	ENSG00000101004	0.18308962250406854	0.18308962250406854	0.18308962250406854
AZD0530	ENSG00000128245	0.18306714806898539	0.18306714806898539	0.18306714806898539
AZD0530	ENSG00000175899	0.18288626190711976	0.18288626190711976	0.18288626190711976
AZD0530	ENSG00000058063	0.18278867965470208	0.18278867965470208	0.18278867965470208
AZD0530	ENSG00000063438	0.18273377242056152	0.18273377242056152	0.18273377242056152
AZD0530	ENSG00000221869	0.18265832603563506	0.18265832603563506	0.18265832603563506
AZD0530	ENSG00000137558	0.18255407068014667	0.18255407068014667	0.18255407068014667
AZD0530	ENSG00000144857	0.18253693640742386	0.18253693640742386	0.18253693640742386
AZD0530	ENSG00000126226	0.18250306156515164	0.18250306156515164	0.18250306156515164
AZD0530	LOC100289509	0.1821290785613386	0.1821290785613386	0.1821290785613386
AZD0530	ENSG00000167515	0.1820638201340791	0.1820638201340791	0.1820638201340791
AZD0530	ENSG00000166924	0.1820274008946063	0.1820274008946063	0.1820274008946063
AZD0530	ENSG00000135406	0.18201490409345583	0.18201490409345583	0.18201490409345583
AZD0530	ENSG00000138463	0.1819969953054632	0.1819969953054632	0.1819969953054632
AZD0530	ENSG00000179399	0.1819546359138174	0.1819546359138174	0.1819546359138174
AZD0530	C11orf75	0.1819415693190392	0.1819415693190392	0.1819415693190392
AZD0530	ENSG00000135116	0.18180129033077091	0.18180129033077091	0.18180129033077091
AZD0530	ENSG00000077800	0.18175467936421263	0.18175467936421263	0.18175467936421263
AZD0530	ENSG00000164032	0.18169068051803586	0.18169068051803586	0.18169068051803586
AZD0530	ENSG00000186666	0.18167401162779195	0.18167401162779195	0.18167401162779195
AZD0530	ENSG00000178201	0.18158305548043802	0.18158305548043802	0.18158305548043802
AZD0530	C1orf98	0.1814292762903549	0.1814292762903549	0.1814292762903549
AZD0530	ENSG00000169905	0.18140970224010522	0.18140970224010522	0.18140970224010522
AZD0530	ENSG00000052723	0.18135700582169983	0.18135700582169983	0.18135700582169983
AZD0530	ENSG00000059804	0.1812586588893334	0.1812586588893334	0.1812586588893334
AZD0530	ENSG00000139574	0.18121686259738626	0.18121686259738626	0.18121686259738626
AZD0530	ENSG00000130956	0.18116581569292534	0.18116581569292534	0.18116581569292534
AZD0530	ENSG00000162997	0.18116035055227164	0.18116035055227164	0.18116035055227164
AZD0530	ENSG00000062524	0.18114552247224563	0.18114552247224563	0.18114552247224563
AZD0530	ENSG00000100324	0.18108242669093913	0.18108242669093913	0.18108242669093913
AZD0530	ENSG00000087085	0.18107876400839898	0.18107876400839898	0.18107876400839898
AZD0530	ENSG00000197381	0.18107775722095992	0.18107775722095992	0.18107775722095992
AZD0530	NCRNA00185	0.18103277779986285	0.18103277779986285	0.18103277779986285
AZD0530	ENSG00000173846	0.18103215006985873	0.18103215006985873	0.18103215006985873
AZD0530	ENSG00000134323	0.18098065797063193	0.18098065797063193	0.18098065797063193
AZD0530	ENSG00000164332	0.18093531754922035	0.18093531754922035	0.18093531754922035
AZD0530	ENSG00000206459	0.1807651834448854	0.1807651834448854	0.1807651834448854
AZD0530	ENSG00000124507	0.18072671149386996	0.18072671149386996	0.18072671149386996
AZD0530	ENSG00000221963	0.18063909297153452	0.18063909297153452	0.18063909297153452
AZD0530	ENSG00000276055	0.18062252903763734	0.18062252903763734	0.18062252903763734
AZD0530	ENSG00000236778	0.18061814563577822	0.18061814563577822	0.18061814563577822
AZD0530	C9orf148	0.18056698163596904	0.18056698163596904	0.18056698163596904
AZD0530	ENSG00000256683	0.18056062807074255	0.18056062807074255	0.18056062807074255
AZD0530	LOC100507047	0.18035372250514412	0.18035372250514412	0.18035372250514412
AZD0530	ENSG00000197375	0.18019299661239088	0.18019299661239088	0.18019299661239088
AZD0530	ENSG00000140743	0.1801868840207318	0.1801868840207318	0.1801868840207318
AZD0530	ENSG00000180530	0.1801628729120862	0.1801628729120862	0.1801628729120862
AZD0530	ENSG00000090266	0.18013195917336747	0.18013195917336747	0.18013195917336747
AZD0530	ENSG00000014138	0.18003378958841562	0.18003378958841562	0.18003378958841562
AZD0530	ENSG00000261439	0.17998839038615372	0.17998839038615372	0.17998839038615372
AZD0530	ENSG00000106278	0.179933926954396	0.179933926954396	0.179933926954396
AZD0530	C1orf213	0.17978129012574848	0.17978129012574848	0.17978129012574848
AZD0530	ENSG00000197430	0.1797546592743728	0.1797546592743728	0.1797546592743728
AZD0530	ENSG00000164344	0.1797046057098481	0.1797046057098481	0.1797046057098481
AZD0530	ENSG00000113327	0.17965735482577505	0.17965735482577505	0.17965735482577505
AZD0530	ENSG00000135960	0.1796016971283008	0.1796016971283008	0.1796016971283008
AZD0530	BOD1L	0.17951179441552143	0.17951179441552143	0.17951179441552143
AZD0530	ENSG00000102753	0.179334124466119	0.179334124466119	0.179334124466119
AZD0530	ENSG00000196781	0.17933073635742167	0.17933073635742167	0.17933073635742167
AZD0530	ENSG00000139132	0.1792766954172904	0.1792766954172904	0.1792766954172904
AZD0530	ENSG00000181143	0.17923953882736213	0.17923953882736213	0.17923953882736213
AZD0530	ENSG00000175699	0.1790882536728952	0.1790882536728952	0.1790882536728952
AZD0530	ENSG00000102886	0.17903541288539437	0.17903541288539437	0.17903541288539437
AZD0530	ENSG00000131143	0.1789142827811087	0.1789142827811087	0.1789142827811087
AZD0530	ENSG00000161179	0.17877623434072584	0.17877623434072584	0.17877623434072584
AZD0530	ENSG00000138622	0.1787211483693991	0.1787211483693991	0.1787211483693991
AZD0530	ENSG00000143569	0.1786413084522613	0.1786413084522613	0.1786413084522613
AZD0530	LOC145663	0.17862100206598058	0.17862100206598058	0.17862100206598058
AZD0530	ENSG00000144233	0.17854844034766038	0.17854844034766038	0.17854844034766038
AZD0530	ENSG00000023608	0.1784646042457786	0.1784646042457786	0.1784646042457786
AZD0530	ENSG00000140948	0.17808456854823795	0.17808456854823795	0.17808456854823795
AZD0530	ENSG00000136237	0.17780861453615954	0.17780861453615954	0.17780861453615954
AZD0530	EFHA1	0.17773560124657592	0.17773560124657592	0.17773560124657592
AZD0530	ENSG00000205423	0.17766836576247835	0.17766836576247835	0.17766836576247835
AZD0530	ENSG00000167552	0.17757304114090414	0.17757304114090414	0.17757304114090414
AZD0530	LOC439949	0.177550288861697	0.177550288861697	0.177550288861697
AZD0530	ENSG00000091039	0.17743083139353144	0.17743083139353144	0.17743083139353144
AZD0530	ENSG00000176248	0.17741753943195746	0.17741753943195746	0.17741753943195746
AZD0530	ENSG00000183542	0.17732869305543744	0.17732869305543744	0.17732869305543744
AZD0530	ENSG00000074590	0.17707495080841498	0.17707495080841498	0.17707495080841498
AZD0530	ENSG00000215908	0.1770439071113484	0.1770439071113484	0.1770439071113484
AZD0530	ENSG00000022976	0.17698371511649702	0.17698371511649702	0.17698371511649702
AZD0530	C17orf90	0.1769745801931638	0.1769745801931638	0.1769745801931638
AZD0530	ENSG00000196620	0.17676308936229185	0.17676308936229185	0.17676308936229185
AZD0530	ENSG00000163995	0.17675636969020384	0.17675636969020384	0.17675636969020384
AZD0530	ENSG00000152270	0.17674481431017167	0.17674481431017167	0.17674481431017167
AZD0530	LOC338739	0.17670305402720396	0.17670305402720396	0.17670305402720396
AZD0530	LOC100129716	0.17665154835551675	0.17665154835551675	0.17665154835551675
AZD0530	ENSG00000184156	0.1765811075877105	0.1765811075877105	0.1765811075877105
AZD0530	ENSG00000180834	0.1764001550905873	0.1764001550905873	0.1764001550905873
AZD0530	ENSG00000169740	0.17629704653457895	0.17629704653457895	0.17629704653457895
AZD0530	ENSG00000166503	0.1760847392114686	0.1760847392114686	0.1760847392114686
AZD0530	C14orf64	0.17598702385854506	0.17598702385854506	0.17598702385854506
AZD0530	ENSG00000155087	0.17574363275054528	0.17574363275054528	0.17574363275054528
AZD0530	ENSG00000138823	0.17565625229949317	0.17565625229949317	0.17565625229949317
AZD0530	LOC100507466	0.17550688316543592	0.17550688316543592	0.17550688316543592
AZD0530	ENSG00000010327	0.1754998710137311	0.1754998710137311	0.1754998710137311
AZD0530	ENSG00000104147	0.17549929137970532	0.17549929137970532	0.17549929137970532
AZD0530	LOC100505938	0.17543988197732216	0.17543988197732216	0.17543988197732216
AZD0530	LOC100506502	0.1754145113372489	0.1754145113372489	0.1754145113372489
AZD0530	ENSG00000062598	0.17538831049879103	0.17538831049879103	0.17538831049879103
AZD0530	ENSG00000130545	0.17529575770939818	0.17529575770939818	0.17529575770939818
AZD0530	ENSG00000173436	0.1752231698695683	0.1752231698695683	0.1752231698695683
AZD0530	ENSG00000188603	0.17517806614398393	0.17517806614398393	0.17517806614398393
AZD0530	ENSG00000169885	0.17501248493274152	0.17501248493274152	0.17501248493274152
AZD0530	ENSG00000165059	0.17468742902293558	0.17468742902293558	0.17468742902293558
AZD0530	ENSG00000280840	0.17465242665021152	0.17465242665021152	0.17465242665021152
AZD0530	ENSG00000172238	0.1746394666738757	0.1746394666738757	0.1746394666738757
AZD0530	ENSG00000168496	0.17460875052265243	0.17460875052265243	0.17460875052265243
AZD0530	CG030	0.1745381782846038	0.1745381782846038	0.1745381782846038
AZD0530	ENSG00000163634	0.17440443366634684	0.17440443366634684	0.17440443366634684
AZD0530	LOC100507468	0.17439087172654183	0.17439087172654183	0.17439087172654183
AZD0530	ENSG00000104361	0.17430355698305175	0.17430355698305175	0.17430355698305175
AZD0530	ENSG00000100462	0.1741872880694418	0.1741872880694418	0.1741872880694418
AZD0530	ENSG00000155511	0.17418360042527772	0.17418360042527772	0.17418360042527772
AZD0530	ENSG00000181541	0.1741236806249537	0.1741236806249537	0.1741236806249537
AZD0530	ENSG00000162761	0.17411941541392187	0.17411941541392187	0.17411941541392187
AZD0530	ENSG00000276886	0.17409715448131097	0.17409715448131097	0.17409715448131097
AZD0530	ENSG00000264424	0.1740692381258574	0.1740692381258574	0.1740692381258574
AZD0530	LOC144742	0.17404004198812625	0.17404004198812625	0.17404004198812625
AZD0530	MGC39372	0.1737552147497562	0.1737552147497562	0.1737552147497562
AZD0530	ENSG00000163946	0.17371267650074967	0.17371267650074967	0.17371267650074967
AZD0530	ENSG00000111906	0.1736127741928375	0.1736127741928375	0.1736127741928375
AZD0530	PCDHB18	0.17353914441326182	0.17353914441326182	0.17353914441326182
AZD0530	ENSG00000163501	0.1735207684764019	0.1735207684764019	0.1735207684764019
AZD0530	C8orf55	0.17349686032487582	0.17349686032487582	0.17349686032487582
AZD0530	ENSG00000039600	0.17333912275109437	0.17333912275109437	0.17333912275109437
AZD0530	ENSG00000123374	0.1733221294280089	0.1733221294280089	0.1733221294280089
AZD0530	ENSG00000171109	0.17331579147206352	0.17331579147206352	0.17331579147206352
AZD0530	ENSG00000049247	0.17331563000579403	0.17331563000579403	0.17331563000579403
AZD0530	ENSG00000183722	0.173277976972783	0.173277976972783	0.173277976972783
AZD0530	ENSG00000138193	0.173274557690978	0.173274557690978	0.173274557690978
AZD0530	ENSG00000250722	0.17314043924503603	0.17314043924503603	0.17314043924503603
AZD0530	ENSG00000178385	0.17290083788101918	0.17290083788101918	0.17290083788101918
AZD0530	ENSG00000155016	0.17283775708926055	0.17283775708926055	0.17283775708926055
AZD0530	ENSG00000197619	0.17283738890203784	0.17283738890203784	0.17283738890203784
AZD0530	ENSG00000118520	0.17275607751587344	0.17275607751587344	0.17275607751587344
AZD0530	LOC100506113	0.1727091572850762	0.1727091572850762	0.1727091572850762
AZD0530	ENSG00000243955	0.17260370636292333	0.17260370636292333	0.17260370636292333
AZD0530	ENSG00000144339	0.17248736161992745	0.17248736161992745	0.17248736161992745
AZD0530	ENSG00000156735	0.1724138033471302	0.1724138033471302	0.1724138033471302
AZD0530	ENSG00000122042	0.17235958280934238	0.17235958280934238	0.17235958280934238
AZD0530	ENSG00000154079	0.17234726634266004	0.17234726634266004	0.17234726634266004
AZD0530	ENSG00000140350	0.17234101833981968	0.17234101833981968	0.17234101833981968
AZD0530	ENSG00000165973	0.17231522578110955	0.17231522578110955	0.17231522578110955
AZD0530	ENSG00000229680	0.17230539557720978	0.17230539557720978	0.17230539557720978
AZD0530	ENSG00000101443	0.172184912465538	0.172184912465538	0.172184912465538
AZD0530	ENSG00000164342	0.17214989171919737	0.17214989171919737	0.17214989171919737
AZD0530	ENSG00000161920	0.1721478964011143	0.1721478964011143	0.1721478964011143
AZD0530	ENSG00000196923	0.17200564677896088	0.17200564677896088	0.17200564677896088
AZD0530	ENSG00000184144	0.171956677869215	0.171956677869215	0.171956677869215
AZD0530	ENSG00000157693	0.17194549817709814	0.17194549817709814	0.17194549817709814
AZD0530	ENSG00000153044	0.17193912755810326	0.17193912755810326	0.17193912755810326
AZD0530	ENSG00000100461	0.17193538645429646	0.17193538645429646	0.17193538645429646
AZD0530	ENSG00000166828	0.1718932920667074	0.1718932920667074	0.1718932920667074
AZD0530	ENSG00000117036	0.17183533321922684	0.17183533321922684	0.17183533321922684
AZD0530	ENSG00000016864	0.17179854073088457	0.17179854073088457	0.17179854073088457
AZD0530	ENSG00000128989	0.17175064554031075	0.17175064554031075	0.17175064554031075
AZD0530	ENSG00000165171	0.17152720913225428	0.17152720913225428	0.17152720913225428
AZD0530	ENSG00000170190	0.1715250279846378	0.1715250279846378	0.1715250279846378
AZD0530	ENSG00000185187	0.17152447956844466	0.17152447956844466	0.17152447956844466
AZD0530	ENSG00000198746	0.17138901138060983	0.17138901138060983	0.17138901138060983
AZD0530	ENSG00000155052	0.1713829761699917	0.1713829761699917	0.1713829761699917
AZD0530	ENSG00000122584	0.17122123298967926	0.17122123298967926	0.17122123298967926
AZD0530	ENSG00000129221	0.17111490943036387	0.17111490943036387	0.17111490943036387
AZD0530	ENSG00000197601	0.17111184368467144	0.17111184368467144	0.17111184368467144
AZD0530	ENSG00000170860	0.1710954242170204	0.1710954242170204	0.1710954242170204
AZD0530	ENSG00000179284	0.17087953980106718	0.17087953980106718	0.17087953980106718
AZD0530	ENSG00000164708	0.1707867378151378	0.1707867378151378	0.1707867378151378
AZD0530	ENSG00000243232	0.17067380738863655	0.17067380738863655	0.17067380738863655
AZD0530	ENSG00000104218	0.17065538319148996	0.17065538319148996	0.17065538319148996
AZD0530	ENSG00000105371	0.17060752231381174	0.17060752231381174	0.17060752231381174
AZD0530	ENSG00000198858	0.1705759782616623	0.1705759782616623	0.1705759782616623
AZD0530	LOC284023	0.1705613179807867	0.1705613179807867	0.1705613179807867
AZD0530	ENSG00000054277	0.1705245231268307	0.1705245231268307	0.1705245231268307
AZD0530	ENSG00000010295	0.17051325146265334	0.17051325146265334	0.17051325146265334
AZD0530	ENSG00000184897	0.17047325482032982	0.17047325482032982	0.17047325482032982
AZD0530	ENSG00000189334	0.17042718527574183	0.17042718527574183	0.17042718527574183
AZD0530	ENSG00000108424	0.1703155685024273	0.1703155685024273	0.1703155685024273
AZD0530	FLJ39639	0.1702773760620012	0.1702773760620012	0.1702773760620012
AZD0530	ENSG00000114541	0.16997204820696896	0.16997204820696896	0.16997204820696896
AZD0530	LOC386597	0.16994372367918056	0.16994372367918056	0.16994372367918056
AZD0530	ENSG00000084072	0.16969832563399653	0.16969832563399653	0.16969832563399653
AZD0530	ENSG00000211652	0.1696658578884732	0.1696658578884732	0.1696658578884732
AZD0530	ENSG00000182700	0.16965404217810215	0.16965404217810215	0.16965404217810215
AZD0530	ENSG00000116288	0.16958248798827322	0.16958248798827322	0.16958248798827322
AZD0530	ENSG00000114107	0.16949636168200474	0.16949636168200474	0.16949636168200474
AZD0530	ENSG00000162396	0.16946257018570032	0.16946257018570032	0.16946257018570032
AZD0530	ENSG00000156858	0.1693957877508708	0.1693957877508708	0.1693957877508708
AZD0530	ENSG00000240184	0.16935342391846617	0.16935342391846617	0.16935342391846617
AZD0530	FLJ20444	0.16926977710684293	0.16926977710684293	0.16926977710684293
AZD0530	ENSG00000001561	0.16925409629765323	0.16925409629765323	0.16925409629765323
AZD0530	ENSG00000213416	0.16920767435916806	0.16920767435916806	0.16920767435916806
AZD0530	LOC100129387	0.16899142155255514	0.16899142155255514	0.16899142155255514
AZD0530	LOC100652791	0.1687497127476702	0.1687497127476702	0.1687497127476702
AZD0530	ENSG00000106809	0.16866252977107876	0.16866252977107876	0.16866252977107876
AZD0530	ENSG00000182048	0.16860423062552904	0.16860423062552904	0.16860423062552904
AZD0530	ENSG00000169239	0.16856313954160537	0.16856313954160537	0.16856313954160537
AZD0530	ENSG00000182450	0.16851605133964806	0.16851605133964806	0.16851605133964806
AZD0530	LOC100505718	0.16838703787198586	0.16838703787198586	0.16838703787198586
AZD0530	ENSG00000153898	0.16838149241367897	0.16838149241367897	0.16838149241367897
AZD0530	ENSG00000183828	0.16832399430928363	0.16832399430928363	0.16832399430928363
AZD0530	ENSG00000140519	0.16825403034390163	0.16825403034390163	0.16825403034390163
AZD0530	LOC255167	0.1682320498829935	0.1682320498829935	0.1682320498829935
AZD0530	ENSG00000002919	0.1682124006513484	0.1682124006513484	0.1682124006513484
AZD0530	ENSG00000145216	0.1680286953443582	0.1680286953443582	0.1680286953443582
AZD0530	ENSG00000125875	0.16794080995388724	0.16794080995388724	0.16794080995388724
AZD0530	LOC400604	0.16792965728788312	0.16792965728788312	0.16792965728788312
AZD0530	ENSG00000136274	0.16771049741587954	0.16771049741587954	0.16771049741587954
AZD0530	ENSG00000187105	0.16769757515097333	0.16769757515097333	0.16769757515097333
AZD0530	ENSG00000198892	0.16748915145592796	0.16748915145592796	0.16748915145592796
AZD0530	ENSG00000159720	0.1674151976285953	0.1674151976285953	0.1674151976285953
AZD0530	ENSG00000014824	0.1673853171912435	0.1673853171912435	0.1673853171912435
AZD0530	LOC100128343	0.16732210128536687	0.16732210128536687	0.16732210128536687
AZD0530	ENSG00000206353	0.16725427618523386	0.16725427618523386	0.16725427618523386
AZD0530	ENSG00000076554	0.1671001037571597	0.1671001037571597	0.1671001037571597
AZD0530	LOC100294362	0.16708586005224532	0.16708586005224532	0.16708586005224532
AZD0530	ENSG00000152457	0.16700026654375374	0.16700026654375374	0.16700026654375374
AZD0530	ENSG00000168487	0.1669486552390279	0.1669486552390279	0.1669486552390279
AZD0530	ENSG00000100997	0.16674148393512836	0.16674148393512836	0.16674148393512836
AZD0530	ENSG00000174837	0.16655554520824478	0.16655554520824478	0.16655554520824478
AZD0530	ENSG00000108592	0.16642970320210662	0.16642970320210662	0.16642970320210662
AZD0530	ENSG00000196074	0.1662466284504665	0.1662466284504665	0.1662466284504665
AZD0530	ENSG00000136295	0.16603601470835766	0.16603601470835766	0.16603601470835766
AZD0530	ENSG00000275713	0.16597587964223337	0.16597587964223337	0.16597587964223337
AZD0530	ENSG00000136488	0.1659388823160493	0.1659388823160493	0.1659388823160493
AZD0530	LOC340074	0.16587282285897403	0.16587282285897403	0.16587282285897403
AZD0530	ENSG00000120645	0.16576823837679192	0.16576823837679192	0.16576823837679192
AZD0530	ENSG00000064999	0.165474123871486	0.165474123871486	0.165474123871486
AZD0530	ENSG00000130962	0.16545064723273284	0.16545064723273284	0.16545064723273284
AZD0530	ENSG00000108691	0.16534155872416917	0.16534155872416917	0.16534155872416917
AZD0530	ENSG00000109743	0.16521389938254502	0.16521389938254502	0.16521389938254502
AZD0530	ENSG00000120896	0.16513057499195768	0.16513057499195768	0.16513057499195768
AZD0530	ENSG00000196616	0.1650448831186533	0.1650448831186533	0.1650448831186533
AZD0530	ENSG00000172197	0.16485619163488216	0.16485619163488216	0.16485619163488216
AZD0530	ENSG00000115091	0.16479208662084943	0.16479208662084943	0.16479208662084943
AZD0530	ENSG00000101890	0.1646651272426925	0.1646651272426925	0.1646651272426925
AZD0530	ENSG00000100241	0.16465764725833004	0.16465764725833004	0.16465764725833004
AZD0530	ENSG00000151131	0.1645593562181516	0.1645593562181516	0.1645593562181516
AZD0530	ENSG00000102302	0.1645016897592466	0.1645016897592466	0.1645016897592466
AZD0530	ENSG00000281089	0.1644814112263157	0.1644814112263157	0.1644814112263157
AZD0530	ENSG00000182405	0.1643942137781959	0.1643942137781959	0.1643942137781959
AZD0530	FONG	0.16437763407895914	0.16437763407895914	0.16437763407895914
AZD0530	LOC100507440	0.1643474635796939	0.1643474635796939	0.1643474635796939
AZD0530	ENSG00000156475	0.16426076093817846	0.16426076093817846	0.16426076093817846
AZD0530	ENSG00000114841	0.16425859208570823	0.16425859208570823	0.16425859208570823
AZD0530	ENSG00000163584	0.1640596706485039	0.1640596706485039	0.1640596706485039
AZD0530	ENSG00000132837	0.16403719352084054	0.16403719352084054	0.16403719352084054
AZD0530	KIAA0664	0.16398993402354398	0.16398993402354398	0.16398993402354398
AZD0530	LRG_502	0.16379993708384757	0.16379993708384757	0.16379993708384757
AZD0530	ENSG00000139053	0.16379147814076778	0.16379147814076778	0.16379147814076778
AZD0530	ENSG00000176401	0.16373385211878635	0.16373385211878635	0.16373385211878635
AZD0530	ENSG00000127507	0.16368187393861514	0.16368187393861514	0.16368187393861514
AZD0530	ENSG00000157087	0.16367156089342175	0.16367156089342175	0.16367156089342175
AZD0530	ENSG00000196159	0.16364222694283181	0.16364222694283181	0.16364222694283181
AZD0530	ENSG00000103254	0.163611097934737	0.163611097934737	0.163611097934737
AZD0530	BRP44L	0.1635090175326554	0.1635090175326554	0.1635090175326554
AZD0530	ENSG00000117215	0.1633611967616238	0.1633611967616238	0.1633611967616238
AZD0530	ENSG00000184545	0.16332223878113272	0.16332223878113272	0.16332223878113272
AZD0530	DGCR10	0.16328747372209498	0.16328747372209498	0.16328747372209498
AZD0530	ENSG00000130363	0.1632798041918113	0.1632798041918113	0.1632798041918113
AZD0530	ENSG00000059145	0.16314502584004842	0.16314502584004842	0.16314502584004842
AZD0530	ENSG00000106565	0.16287881395362894	0.16287881395362894	0.16287881395362894
AZD0530	ENSG00000071246	0.162703767994988	0.162703767994988	0.162703767994988
AZD0530	ENSG00000070669	0.1626664427969132	0.1626664427969132	0.1626664427969132
AZD0530	ENSG00000180938	0.16249007803826665	0.16249007803826665	0.16249007803826665
AZD0530	ENSG00000153914	0.16244909169046365	0.16244909169046365	0.16244909169046365
AZD0530	ENSG00000278677	0.16242481498843467	0.16242481498843467	0.16242481498843467
AZD0530	LOC340037	0.16230186443263417	0.16230186443263417	0.16230186443263417
AZD0530	ENSG00000108010	0.1622704561238766	0.1622704561238766	0.1622704561238766
AZD0530	LOC100505828	0.16213132566405924	0.16213132566405924	0.16213132566405924
AZD0530	ENSG00000132005	0.1620498861113307	0.1620498861113307	0.1620498861113307
AZD0530	ENSG00000135077	0.1620263010795974	0.1620263010795974	0.1620263010795974
AZD0530	ENSG00000141378	0.16193954997511534	0.16193954997511534	0.16193954997511534
AZD0530	ENSG00000120451	0.16187814219394314	0.16187814219394314	0.16187814219394314
AZD0530	ENSG00000186452	0.16183206897324584	0.16183206897324584	0.16183206897324584
AZD0530	ENSG00000115286	0.1616743358256858	0.1616743358256858	0.1616743358256858
AZD0530	ENSG00000187091	0.16166471357383727	0.16166471357383727	0.16166471357383727
AZD0530	ENSG00000152034	0.16148372391729054	0.16148372391729054	0.16148372391729054
AZD0530	ENSG00000138592	0.1613652432679525	0.1613652432679525	0.1613652432679525
AZD0530	ENSG00000074071	0.16129386969911902	0.16129386969911902	0.16129386969911902
AZD0530	ENSG00000134121	0.16111451151406234	0.16111451151406234	0.16111451151406234
AZD0530	ENSG00000165474	0.16109216975741256	0.16109216975741256	0.16109216975741256
AZD0530	ENSG00000198887	0.16104551407270798	0.16104551407270798	0.16104551407270798
AZD0530	ENSG00000116525	0.1608649138471033	0.1608649138471033	0.1608649138471033
AZD0530	ENSG00000188817	0.1606681531942499	0.1606681531942499	0.1606681531942499
AZD0530	CXorf59	0.16054309592146399	0.16054309592146399	0.16054309592146399
AZD0530	C14orf101	0.1604351343908065	0.1604351343908065	0.1604351343908065
AZD0530	ENSG00000166363	0.16019355608484803	0.16019355608484803	0.16019355608484803
AZD0530	ENSG00000183853	0.16004226909751537	0.16004226909751537	0.16004226909751537
AZD0530	ENSG00000130940	0.16003179600794745	0.16003179600794745	0.16003179600794745
AZD0530	ENSG00000131828	0.15999794116887217	0.15999794116887217	0.15999794116887217
AZD0530	ENSG00000007866	0.15975262734411386	0.15975262734411386	0.15975262734411386
AZD0530	ENSG00000109062	0.15971711525653273	0.15971711525653273	0.15971711525653273
AZD0530	LOC158572	0.15949103601963047	0.15949103601963047	0.15949103601963047
AZD0530	LRG_345	0.15946263100775138	0.15946263100775138	0.15946263100775138
AZD0530	ENSG00000086991	0.15927165438506494	0.15927165438506494	0.15927165438506494
AZD0530	ENSG00000100580	0.1591679538189176	0.1591679538189176	0.1591679538189176
AZD0530	ENSG00000102125	0.15914752916093364	0.15914752916093364	0.15914752916093364
AZD0530	ENSG00000088543	0.1591030872140422	0.1591030872140422	0.1591030872140422
AZD0530	ENSG00000111412	0.15903407382596635	0.15903407382596635	0.15903407382596635
AZD0530	ENSG00000131069	0.1590203505406229	0.1590203505406229	0.1590203505406229
AZD0530	TMCO7	0.15881150117628515	0.15881150117628515	0.15881150117628515
AZD0530	ENSG00000116774	0.15879623848190583	0.15879623848190583	0.15879623848190583
AZD0530	ENSG00000014123	0.15878797790428592	0.15878797790428592	0.15878797790428592
AZD0530	ENSG00000123610	0.1587088970489058	0.1587088970489058	0.1587088970489058
AZD0530	ENSG00000136731	0.15869543266848915	0.15869543266848915	0.15869543266848915
AZD0530	ENSG00000083857	0.15865522617793407	0.15865522617793407	0.15865522617793407
AZD0530	LOC100506767	0.15851364543649238	0.15851364543649238	0.15851364543649238
AZD0530	ENSG00000101608	0.15850875928410085	0.15850875928410085	0.15850875928410085
AZD0530	ENSG00000115970	0.15839522711128787	0.15839522711128787	0.15839522711128787
AZD0530	ENSG00000126001	0.1583035979359447	0.1583035979359447	0.1583035979359447
AZD0530	ENSG00000168297	0.15826816360458504	0.15826816360458504	0.15826816360458504
AZD0530	LOC100507433	0.1581925859037313	0.1581925859037313	0.1581925859037313
AZD0530	ENSG00000166169	0.1580539695129729	0.1580539695129729	0.1580539695129729
AZD0530	ENSG00000233101	0.15790020174279573	0.15790020174279573	0.15790020174279573
AZD0530	ENSG00000135900	0.15771757549415968	0.15771757549415968	0.15771757549415968
AZD0530	ENSG00000241973	0.15740270510642826	0.15740270510642826	0.15740270510642826
AZD0530	ENSG00000100644	0.15739350792711362	0.15739350792711362	0.15739350792711362
AZD0530	ENSG00000280477	0.15736770428336883	0.15736770428336883	0.15736770428336883
AZD0530	ENSG00000166091	0.1571809870460959	0.1571809870460959	0.1571809870460959
AZD0530	C20orf94	0.1571431086218462	0.1571431086218462	0.1571431086218462
AZD0530	ENSG00000114648	0.15712404614892456	0.15712404614892456	0.15712404614892456
AZD0530	ENSG00000249673	0.15708363921649734	0.15708363921649734	0.15708363921649734
AZD0530	ENSG00000008324	0.15702821476801973	0.15702821476801973	0.15702821476801973
AZD0530	ENSG00000082458	0.15702734584353864	0.15702734584353864	0.15702734584353864
AZD0530	ENSG00000167825	0.1569553988543873	0.1569553988543873	0.1569553988543873
AZD0530	ENSG00000130764	0.15688382995208056	0.15688382995208056	0.15688382995208056
AZD0530	ENSG00000120800	0.15685014295110686	0.15685014295110686	0.15685014295110686
AZD0530	ENSG00000164093	0.15670720162316934	0.15670720162316934	0.15670720162316934
AZD0530	ENSG00000197753	0.1564109854301846	0.1564109854301846	0.1564109854301846
AZD0530	ENSG00000196187	0.15639852907073434	0.15639852907073434	0.15639852907073434
AZD0530	ENSG00000184381	0.1562828216343539	0.1562828216343539	0.1562828216343539
AZD0530	ENSG00000117859	0.15608829157985063	0.15608829157985063	0.15608829157985063
AZD0530	ENSG00000111224	0.156073713346155	0.156073713346155	0.156073713346155
AZD0530	ENSG00000185917	0.15597682651802044	0.15597682651802044	0.15597682651802044
AZD0530	ENSG00000159674	0.1557826687785559	0.1557826687785559	0.1557826687785559
AZD0530	ENSG00000108932	0.15568139192789548	0.15568139192789548	0.15568139192789548
AZD0530	ENSG00000218823	0.15553572657159756	0.15553572657159756	0.15553572657159756
AZD0530	ENSG00000082293	0.15550141592544175	0.15550141592544175	0.15550141592544175
AZD0530	ENSG00000112308	0.15548905991942363	0.15548905991942363	0.15548905991942363
AZD0530	LRG_416	0.1554265732314367	0.1554265732314367	0.1554265732314367
AZD0530	ENSG00000119522	0.15539617199990763	0.15539617199990763	0.15539617199990763
AZD0530	ENSG00000152580	0.15532484630837393	0.15532484630837393	0.15532484630837393
AZD0530	ENSG00000102981	0.1552336885922431	0.1552336885922431	0.1552336885922431
AZD0530	ENSG00000166974	0.15519653099679315	0.15519653099679315	0.15519653099679315
AZD0530	ENSG00000107957	0.15519275195959537	0.15519275195959537	0.15519275195959537
AZD0530	ENSG00000274618	0.15498212813056905	0.15498212813056905	0.15498212813056905
AZD0530	ENSG00000211448	0.15474070760954176	0.15474070760954176	0.15474070760954176
AZD0530	ENSG00000183508	0.15452155303587478	0.15452155303587478	0.15452155303587478
AZD0530	ENSG00000108591	0.15444848444574602	0.15444848444574602	0.15444848444574602
AZD0530	ENSG00000029559	0.15441166650754967	0.15441166650754967	0.15441166650754967
AZD0530	ENSG00000104221	0.154406466900152	0.154406466900152	0.154406466900152
AZD0530	FAM113B	0.15420561995268553	0.15420561995268553	0.15420561995268553
AZD0530	ENSG00000205129	0.15406078548741556	0.15406078548741556	0.15406078548741556
AZD0530	ENSG00000163347	0.15401267061084234	0.15401267061084234	0.15401267061084234
AZD0530	ENSG00000131697	0.1540116142287039	0.1540116142287039	0.1540116142287039
AZD0530	ENSG00000181291	0.15395708679945816	0.15395708679945816	0.15395708679945816
AZD0530	ENSG00000248712	0.1539374807781341	0.1539374807781341	0.1539374807781341
AZD0530	ENSG00000175548	0.15393020172510552	0.15393020172510552	0.15393020172510552
AZD0530	ENSG00000089220	0.15391759598755922	0.15391759598755922	0.15391759598755922
AZD0530	ENSG00000130054	0.15379108097601404	0.15379108097601404	0.15379108097601404
AZD0530	ENSG00000277117	0.15375250555571435	0.15375250555571435	0.15375250555571435
AZD0530	ENSG00000198917	0.15356596917714943	0.15356596917714943	0.15356596917714943
AZD0530	ENSG00000175575	0.15339332943522302	0.15339332943522302	0.15339332943522302
AZD0530	ENSG00000162688	0.15334516100447887	0.15334516100447887	0.15334516100447887
AZD0530	ENSG00000198133	0.15331729018317922	0.15331729018317922	0.15331729018317922
AZD0530	ENSG00000101407	0.15328951676890754	0.15328951676890754	0.15328951676890754
AZD0530	ENSG00000185158	0.1532344300871728	0.1532344300871728	0.1532344300871728
AZD0530	ENSG00000109436	0.1529838972304247	0.1529838972304247	0.1529838972304247
AZD0530	ENSG00000092969	0.1529322633976315	0.1529322633976315	0.1529322633976315
AZD0530	ENSG00000128973	0.15280965952871445	0.15280965952871445	0.15280965952871445
AZD0530	ENSG00000165863	0.15280800995324412	0.15280800995324412	0.15280800995324412
AZD0530	LOC100147773	0.152761804678683	0.152761804678683	0.152761804678683
AZD0530	ENSG00000186952	0.15273866598984506	0.15273866598984506	0.15273866598984506
AZD0530	ENSG00000127946	0.15256551404124868	0.15256551404124868	0.15256551404124868
AZD0530	LOC100505782	0.15235168879888264	0.15235168879888264	0.15235168879888264
AZD0530	LRG_380	0.15226265188665258	0.15226265188665258	0.15226265188665258
AZD0530	ENSG00000048162	0.1522464392805351	0.1522464392805351	0.1522464392805351
AZD0530	LOC100506319	0.15213097621502011	0.15213097621502011	0.15213097621502011
AZD0530	ENSG00000213782	0.15191364723971545	0.15191364723971545	0.15191364723971545
AZD0530	ENSG00000165966	0.1518750883460296	0.1518750883460296	0.1518750883460296
AZD0530	ENSG00000162572	0.15170904328965845	0.15170904328965845	0.15170904328965845
AZD0530	ENSG00000163624	0.15158252041708048	0.15158252041708048	0.15158252041708048
AZD0530	ENSG00000166192	0.15151955701585668	0.15151955701585668	0.15151955701585668
AZD0530	ENSG00000166166	0.15146800192897744	0.15146800192897744	0.15146800192897744
AZD0530	ENSG00000005812	0.15140156230846855	0.15140156230846855	0.15140156230846855
AZD0530	ENSG00000152291	0.1513627636730699	0.1513627636730699	0.1513627636730699
AZD0530	ENSG00000106328	0.1513465898187404	0.1513465898187404	0.1513465898187404
AZD0530	ENSG00000100883	0.1513441754889847	0.1513441754889847	0.1513441754889847
AZD0530	ENSG00000163157	0.15133296647810976	0.15133296647810976	0.15133296647810976
AZD0530	ENSG00000178988	0.1512152230770676	0.1512152230770676	0.1512152230770676
AZD0530	LOC100506385	0.1512021345439128	0.1512021345439128	0.1512021345439128
AZD0530	ENSG00000049541	0.1511539518626049	0.1511539518626049	0.1511539518626049
AZD0530	ENSG00000150750	0.1509867533938068	0.1509867533938068	0.1509867533938068
AZD0530	ENSG00000138772	0.1505290996067922	0.1505290996067922	0.1505290996067922
AZD0530	ENSG00000088179	0.15040718527753344	0.15040718527753344	0.15040718527753344
AZD0530	ENSG00000274736	0.15033081417987051	0.15033081417987051	0.15033081417987051
AZD0530	ENSG00000132872	0.15021454306515097	0.15021454306515097	0.15021454306515097
AZD0530	ENSG00000281234	0.15017421176457618	0.15017421176457618	0.15017421176457618
AZD0530	ENSG00000101444	0.1500025265153255	0.1500025265153255	0.1500025265153255
AZD0530	ENSG00000158373	0.14992989754420402	0.14992989754420402	0.14992989754420402
AZD0530	ENSG00000105514	0.1499248019165207	0.1499248019165207	0.1499248019165207
AZD0530	ENSG00000107147	0.14988833233500265	0.14988833233500265	0.14988833233500265
AZD0530	LRG_33	0.14978782464866985	0.14978782464866985	0.14978782464866985
AZD0530	ENSG00000143457	0.14963825508840115	0.14963825508840115	0.14963825508840115
AZD0530	ENSG00000140525	0.1493533314390768	0.1493533314390768	0.1493533314390768
AZD0530	LOC100128126	0.14929779838594032	0.14929779838594032	0.14929779838594032
AZD0530	ENSG00000129103	0.14925322979802583	0.14925322979802583	0.14925322979802583
AZD0530	ENSG00000260873	0.14923581486277882	0.14923581486277882	0.14923581486277882
AZD0530	ENSG00000196517	0.1491719677076872	0.1491719677076872	0.1491719677076872
AZD0530	ENSG00000144747	0.14916069882992203	0.14916069882992203	0.14916069882992203
AZD0530	ENSG00000204217	0.14907981878172086	0.14907981878172086	0.14907981878172086
AZD0530	ENSG00000152778	0.14897892774684218	0.14897892774684218	0.14897892774684218
AZD0530	ENSG00000172775	0.1489014283581786	0.1489014283581786	0.1489014283581786
AZD0530	ENSG00000106852	0.1488532151555567	0.1488532151555567	0.1488532151555567
AZD0530	ENSG00000237114	0.14884571070303002	0.14884571070303002	0.14884571070303002
AZD0530	ENSG00000138375	0.14858943390673762	0.14858943390673762	0.14858943390673762
AZD0530	ENSG00000124541	0.1484364108612134	0.1484364108612134	0.1484364108612134
AZD0530	ENSG00000104941	0.14834576478427594	0.14834576478427594	0.14834576478427594
AZD0530	ENSG00000183914	0.14826022310184242	0.14826022310184242	0.14826022310184242
AZD0530	ENSG00000143786	0.14809708332522148	0.14809708332522148	0.14809708332522148
AZD0530	ENSG00000170631	0.14808406521497292	0.14808406521497292	0.14808406521497292
AZD0530	ENSG00000187049	0.14781995445174217	0.14781995445174217	0.14781995445174217
AZD0530	ENSG00000173163	0.1478137332670367	0.1478137332670367	0.1478137332670367
AZD0530	ENSG00000100592	0.1477037297954195	0.1477037297954195	0.1477037297954195
AZD0530	ENSG00000177951	0.14769210974641617	0.14769210974641617	0.14769210974641617
AZD0530	ENSG00000100284	0.1476506960564445	0.1476506960564445	0.1476506960564445
AZD0530	ENSG00000072756	0.14761031784591594	0.14761031784591594	0.14761031784591594
AZD0530	ENSG00000145649	0.147601959540753	0.147601959540753	0.147601959540753
AZD0530	ENSG00000079462	0.14740251032331922	0.14740251032331922	0.14740251032331922
AZD0530	ENSG00000197223	0.1473545835742541	0.1473545835742541	0.1473545835742541
AZD0530	ENSG00000120686	0.14733211012059716	0.14733211012059716	0.14733211012059716
AZD0530	LOC100505666	0.14713036009943128	0.14713036009943128	0.14713036009943128
AZD0530	ENSG00000104679	0.14710211130099077	0.14710211130099077	0.14710211130099077
AZD0530	LOC202781	0.14705560751686775	0.14705560751686775	0.14705560751686775
AZD0530	ENSG00000119638	0.14694965873002283	0.14694965873002283	0.14694965873002283
AZD0530	ENSG00000072364	0.14686346748530896	0.14686346748530896	0.14686346748530896
AZD0530	ENSG00000281486	0.14683421726078305	0.14683421726078305	0.14683421726078305
AZD0530	ENSG00000157593	0.14668536485981443	0.14668536485981443	0.14668536485981443
AZD0530	ENSG00000171723	0.1466695253998175	0.1466695253998175	0.1466695253998175
AZD0530	ENSG00000166391	0.1466033207802219	0.1466033207802219	0.1466033207802219
AZD0530	LOC100527964	0.1464820303513123	0.1464820303513123	0.1464820303513123
AZD0530	ENSG00000133055	0.1464715597496249	0.1464715597496249	0.1464715597496249
AZD0530	ENSG00000117500	0.14645048178804707	0.14645048178804707	0.14645048178804707
AZD0530	C22orf28	0.14613882351732888	0.14613882351732888	0.14613882351732888
AZD0530	ENSG00000131355	0.14595608545535813	0.14595608545535813	0.14595608545535813
AZD0530	LRG_301	0.14589031320735465	0.14589031320735465	0.14589031320735465
AZD0530	LOC643085	0.14577059823039223	0.14577059823039223	0.14577059823039223
AZD0530	ENSG00000170293	0.14566462193089885	0.14566462193089885	0.14566462193089885
AZD0530	ENSG00000184887	0.14563979238731797	0.14563979238731797	0.14563979238731797
AZD0530	ENSG00000142961	0.1456231564616988	0.1456231564616988	0.1456231564616988
AZD0530	ENSG00000243244	0.14555106473948573	0.14555106473948573	0.14555106473948573
AZD0530	ENSG00000155287	0.14553632481455042	0.14553632481455042	0.14553632481455042
AZD0530	ENSG00000161036	0.14553435957194694	0.14553435957194694	0.14553435957194694
AZD0530	ENSG00000198825	0.14544214123961619	0.14544214123961619	0.14544214123961619
AZD0530	ENSG00000175003	0.14535073985984012	0.14535073985984012	0.14535073985984012
AZD0530	ENSG00000241684	0.14521417775342327	0.14521417775342327	0.14521417775342327
AZD0530	ENSG00000148396	0.1451555955483945	0.1451555955483945	0.1451555955483945
AZD0530	LOC100505501	0.14506460642204447	0.14506460642204447	0.14506460642204447
AZD0530	ENSG00000171989	0.14495439213685454	0.14495439213685454	0.14495439213685454
AZD0530	ENSG00000100083	0.14457406029150974	0.14457406029150974	0.14457406029150974
AZD0530	ENSG00000131264	0.1441959373236634	0.1441959373236634	0.1441959373236634
AZD0530	LOC100506526	0.14402165385518367	0.14402165385518367	0.14402165385518367
AZD0530	ENSG00000112499	0.14397252179133518	0.14397252179133518	0.14397252179133518
AZD0530	ENSG00000100350	0.14382188447477937	0.14382188447477937	0.14382188447477937
AZD0530	ENSG00000113211	0.14358048611851548	0.14358048611851548	0.14358048611851548
AZD0530	ENSG00000253958	0.14356858192381042	0.14356858192381042	0.14356858192381042
AZD0530	ENSG00000179627	0.14353407670383622	0.14353407670383622	0.14353407670383622
AZD0530	ENSG00000136110	0.1434315959428003	0.1434315959428003	0.1434315959428003
AZD0530	ENSG00000142698	0.14330445497180896	0.14330445497180896	0.14330445497180896
AZD0530	ENSG00000139921	0.14323678175465554	0.14323678175465554	0.14323678175465554
AZD0530	LOC284801	0.1431151060037551	0.1431151060037551	0.1431151060037551
AZD0530	ENSG00000126233	0.14310449585610666	0.14310449585610666	0.14310449585610666
AZD0530	ENSG00000162344	0.14307529116101397	0.14307529116101397	0.14307529116101397
AZD0530	ENSG00000174469	0.14305472813082984	0.14305472813082984	0.14305472813082984
AZD0530	ENSG00000183570	0.14304743327626268	0.14304743327626268	0.14304743327626268
AZD0530	ENSG00000187621	0.14285023139927727	0.14285023139927727	0.14285023139927727
AZD0530	ENSG00000130489	0.14280824512005222	0.14280824512005222	0.14280824512005222
AZD0530	ENSG00000122786	0.14267758544383072	0.14267758544383072	0.14267758544383072
AZD0530	ENSG00000109255	0.14259694505006104	0.14259694505006104	0.14259694505006104
AZD0530	ENSG00000162065	0.142513244946867	0.142513244946867	0.142513244946867
AZD0530	ENSG00000166886	0.14249513327720226	0.14249513327720226	0.14249513327720226
AZD0530	ENSG00000128513	0.14245819192520398	0.14245819192520398	0.14245819192520398
AZD0530	LOC100506075	0.14231390725192314	0.14231390725192314	0.14231390725192314
AZD0530	ENSG00000185594	0.1422880133530553	0.1422880133530553	0.1422880133530553
AZD0530	ENSG00000165496	0.14205772107029788	0.14205772107029788	0.14205772107029788
AZD0530	ENSG00000180422	0.14202247277008395	0.14202247277008395	0.14202247277008395
AZD0530	ENSG00000117394	0.14192923226639742	0.14192923226639742	0.14192923226639742
AZD0530	ENSG00000144771	0.1418948047986054	0.1418948047986054	0.1418948047986054
AZD0530	ENSG00000143320	0.1418781707883998	0.1418781707883998	0.1418781707883998
AZD0530	ENSG00000033030	0.1416933025829136	0.1416933025829136	0.1416933025829136
AZD0530	ENSG00000169347	0.14158473246218994	0.14158473246218994	0.14158473246218994
AZD0530	ENSG00000196156	0.14151951951435243	0.14151951951435243	0.14151951951435243
AZD0530	ENSG00000137648	0.14150136150885903	0.14150136150885903	0.14150136150885903
AZD0530	ENSG00000083535	0.14137213441895105	0.14137213441895105	0.14137213441895105
AZD0530	ENSG00000145741	0.14133768810637914	0.14133768810637914	0.14133768810637914
AZD0530	ENSG00000134962	0.14109788755296904	0.14109788755296904	0.14109788755296904
AZD0530	LOC100507033	0.14108077932868304	0.14108077932868304	0.14108077932868304
AZD0530	ENSG00000160862	0.1410307621097986	0.1410307621097986	0.1410307621097986
AZD0530	ENSG00000221914	0.14093512903211863	0.14093512903211863	0.14093512903211863
AZD0530	ENSG00000197561	0.1408669119249492	0.1408669119249492	0.1408669119249492
AZD0530	ENSG00000206379	0.14067760583270358	0.14067760583270358	0.14067760583270358
AZD0530	ENSG00000221821	0.1406583313626521	0.1406583313626521	0.1406583313626521
AZD0530	ENSG00000173391	0.1404552174283601	0.1404552174283601	0.1404552174283601
AZD0530	ENSG00000154127	0.14039687279438748	0.14039687279438748	0.14039687279438748
AZD0530	ENSG00000134897	0.14030800305306004	0.14030800305306004	0.14030800305306004
AZD0530	ENSG00000111328	0.14020085993156234	0.14020085993156234	0.14020085993156234
AZD0530	LOC100507062	0.14009801522692386	0.14009801522692386	0.14009801522692386
AZD0530	ENSG00000176974	0.14005959658422226	0.14005959658422226	0.14005959658422226
AZD0530	ENSG00000224264	0.1400103582755019	0.1400103582755019	0.1400103582755019
AZD0530	ENSG00000068971	0.14000803959548522	0.14000803959548522	0.14000803959548522
AZD0530	ENSG00000131914	0.13982214010766444	0.13982214010766444	0.13982214010766444
AZD0530	ENSG00000000005	0.13975430032931463	0.13975430032931463	0.13975430032931463
AZD0530	ENSG00000248546	0.13965408789755215	0.13965408789755215	0.13965408789755215
AZD0530	ENSG00000120694	0.13962808998365675	0.13962808998365675	0.13962808998365675
AZD0530	LOC100129250	0.13950146790948792	0.13950146790948792	0.13950146790948792
AZD0530	ENSG00000142039	0.13948140760650854	0.13948140760650854	0.13948140760650854
AZD0530	ENSG00000078487	0.1394157925033674	0.1394157925033674	0.1394157925033674
AZD0530	ENSG00000168438	0.13914305312611006	0.13914305312611006	0.13914305312611006
AZD0530	ENSG00000174885	0.13908769566302087	0.13908769566302087	0.13908769566302087
AZD0530	ENSG00000132591	0.13906151493790594	0.13906151493790594	0.13906151493790594
AZD0530	ENSG00000107518	0.1390557354342643	0.1390557354342643	0.1390557354342643
AZD0530	ENSG00000125813	0.13893454024627316	0.13893454024627316	0.13893454024627316
AZD0530	ENSG00000100364	0.1389178892522278	0.1389178892522278	0.1389178892522278
AZD0530	ENSG00000154654	0.1388690892085136	0.1388690892085136	0.1388690892085136
AZD0530	ENSG00000187244	0.13883992832559358	0.13883992832559358	0.13883992832559358
AZD0530	ENSG00000153560	0.13876572462482656	0.13876572462482656	0.13876572462482656
AZD0530	ENSG00000168005	0.138701637323704	0.138701637323704	0.138701637323704
AZD0530	ENSG00000135643	0.13861775409969251	0.13861775409969251	0.13861775409969251
AZD0530	ENSG00000127129	0.13821637726460625	0.13821637726460625	0.13821637726460625
AZD0530	ENSG00000176142	0.13812782948851396	0.13812782948851396	0.13812782948851396
AZD0530	ENSG00000155304	0.1380335700728451	0.1380335700728451	0.1380335700728451
AZD0530	ENSG00000170516	0.13803064203596874	0.13803064203596874	0.13803064203596874
AZD0530	ENSG00000158008	0.13797207168039427	0.13797207168039427	0.13797207168039427
AZD0530	ENSG00000173706	0.13776497872184146	0.13776497872184146	0.13776497872184146
AZD0530	ENSG00000164077	0.13770888771765455	0.13770888771765455	0.13770888771765455
AZD0530	ENSG00000130340	0.13757189839055953	0.13757189839055953	0.13757189839055953
AZD0530	ENSG00000278220	0.13754688971512793	0.13754688971512793	0.13754688971512793
AZD0530	ENSG00000154040	0.13749871845778036	0.13749871845778036	0.13749871845778036
AZD0530	ENSG00000160838	0.1374592813692555	0.1374592813692555	0.1374592813692555
AZD0530	ENSG00000154310	0.13730536514122738	0.13730536514122738	0.13730536514122738
AZD0530	ENSG00000144331	0.1372636467602947	0.1372636467602947	0.1372636467602947
AZD0530	ENSG00000137103	0.13718670768814245	0.13718670768814245	0.13718670768814245
AZD0530	LOC100268168	0.13717388644184675	0.13717388644184675	0.13717388644184675
AZD0530	ENSG00000112305	0.13708241426187454	0.13708241426187454	0.13708241426187454
AZD0530	ENSG00000206324	0.13695859271270736	0.13695859271270736	0.13695859271270736
AZD0530	ENSG00000235676	0.1369378982108165	0.1369378982108165	0.1369378982108165
AZD0530	ENSG00000105193	0.1369159951865954	0.1369159951865954	0.1369159951865954
AZD0530	ENSG00000154719	0.13686381950893464	0.13686381950893464	0.13686381950893464
AZD0530	ENSG00000124839	0.13685608625950332	0.13685608625950332	0.13685608625950332
AZD0530	LOC150051	0.1368389648181508	0.1368389648181508	0.1368389648181508
AZD0530	ENSG00000175756	0.1368197176826992	0.1368197176826992	0.1368197176826992
AZD0530	LOC100506758	0.13674835658223636	0.13674835658223636	0.13674835658223636
AZD0530	ENSG00000254585	0.13670188330126973	0.13670188330126973	0.13670188330126973
AZD0530	C12orf37	0.13661845599870917	0.13661845599870917	0.13661845599870917
AZD0530	ENSG00000112742	0.1365484920940143	0.1365484920940143	0.1365484920940143
AZD0530	ENSG00000183340	0.13642285524134823	0.13642285524134823	0.13642285524134823
AZD0530	ENSG00000206487	0.13641190587357993	0.13641190587357993	0.13641190587357993
AZD0530	ENSG00000128709	0.13629106937147537	0.13629106937147537	0.13629106937147537
AZD0530	LRG_197	0.1362667044557208	0.1362667044557208	0.1362667044557208
AZD0530	ENSG00000118402	0.1361190430074206	0.1361190430074206	0.1361190430074206
AZD0530	ENSG00000266200	0.1359203799378786	0.1359203799378786	0.1359203799378786
AZD0530	ENSG00000155816	0.1358450499113175	0.1358450499113175	0.1358450499113175
AZD0530	ENSG00000118407	0.13579726659160749	0.13579726659160749	0.13579726659160749
AZD0530	ENSG00000213930	0.13571863422316163	0.13571863422316163	0.13571863422316163
AZD0530	ENSG00000167889	0.1355713363506886	0.1355713363506886	0.1355713363506886
AZD0530	ENSG00000105707	0.1355641558368495	0.1355641558368495	0.1355641558368495
AZD0530	ENSG00000127529	0.13544574752697286	0.13544574752697286	0.13544574752697286
AZD0530	ENSG00000250067	0.13523242997418564	0.13523242997418564	0.13523242997418564
AZD0530	ENSG00000185177	0.13521798627536222	0.13521798627536222	0.13521798627536222
AZD0530	ENSG00000120942	0.13515007022507103	0.13515007022507103	0.13515007022507103
AZD0530	ENSG00000198271	0.13493795886447052	0.13493795886447052	0.13493795886447052
AZD0530	ENSG00000168967	0.1348447987139964	0.1348447987139964	0.1348447987139964
AZD0530	ENSG00000262117	0.13470745461871933	0.13470745461871933	0.13470745461871933
AZD0530	ENSG00000183807	0.13463323038175806	0.13463323038175806	0.13463323038175806
AZD0530	ENSG00000132383	0.13462306141081673	0.13462306141081673	0.13462306141081673
AZD0530	ENSG00000168907	0.13462119924934568	0.13462119924934568	0.13462119924934568
AZD0530	ENSG00000224305	0.13450124698057478	0.13450124698057478	0.13450124698057478
AZD0530	ENSG00000067082	0.13438956747301428	0.13438956747301428	0.13438956747301428
AZD0530	ENSG00000182287	0.13427261787751543	0.13427261787751543	0.13427261787751543
AZD0530	ENSG00000133835	0.13426127198121487	0.13426127198121487	0.13426127198121487
AZD0530	LOC100507034	0.13424527521733323	0.13424527521733323	0.13424527521733323
AZD0530	ENSG00000137944	0.13418157048684654	0.13418157048684654	0.13418157048684654
AZD0530	ENSG00000099960	0.1336335401888412	0.1336335401888412	0.1336335401888412
AZD0530	ENSG00000132749	0.13355559776973594	0.13355559776973594	0.13355559776973594
AZD0530	LOC100289251	0.133445095705305	0.133445095705305	0.133445095705305
AZD0530	ENSG00000143341	0.13334613707346715	0.13334613707346715	0.13334613707346715
AZD0530	ENSG00000179673	0.13314085074482426	0.13314085074482426	0.13314085074482426
AZD0530	ENSG00000116667	0.13313652122828085	0.13313652122828085	0.13313652122828085
AZD0530	ENSG00000165475	0.13308207362895527	0.13308207362895527	0.13308207362895527
AZD0530	ENSG00000164794	0.13301895929524607	0.13301895929524607	0.13301895929524607
AZD0530	ENSG00000173545	0.13289406248367014	0.13289406248367014	0.13289406248367014
AZD0530	ENSG00000136813	0.1327616511455783	0.1327616511455783	0.1327616511455783
AZD0530	ENSG00000163873	0.1327422137422794	0.1327422137422794	0.1327422137422794
AZD0530	ENSG00000198691	0.13270570874154128	0.13270570874154128	0.13270570874154128
AZD0530	ENSG00000100347	0.13264964766029352	0.13264964766029352	0.13264964766029352
AZD0530	ENSG00000203668	0.1324803804123537	0.1324803804123537	0.1324803804123537
AZD0530	ENSG00000102978	0.1324737412629658	0.1324737412629658	0.1324737412629658
AZD0530	LOC641364	0.1324735899134947	0.1324735899134947	0.1324735899134947
AZD0530	ENSG00000165868	0.1324676814992611	0.1324676814992611	0.1324676814992611
AZD0530	ENSG00000095906	0.132400731119355	0.132400731119355	0.132400731119355
AZD0530	ENSG00000018699	0.13235724397689128	0.13235724397689128	0.13235724397689128
AZD0530	LRG_226	0.13233137190551286	0.13233137190551286	0.13233137190551286
AZD0530	ENSG00000164758	0.13231783242815448	0.13231783242815448	0.13231783242815448
AZD0530	ENSG00000096996	0.13227013221298323	0.13227013221298323	0.13227013221298323
AZD0530	ENSG00000172889	0.13220287978527887	0.13220287978527887	0.13220287978527887
AZD0530	ENSG00000108551	0.13216134639784172	0.13216134639784172	0.13216134639784172
AZD0530	ENSG00000166823	0.13205966085706394	0.13205966085706394	0.13205966085706394
AZD0530	ENSG00000099940	0.1320595986492644	0.1320595986492644	0.1320595986492644
AZD0530	ENSG00000112419	0.13196708204145116	0.13196708204145116	0.13196708204145116
AZD0530	ENSG00000131747	0.131765258133179	0.131765258133179	0.131765258133179
AZD0530	ENSG00000102081	0.131737805516654	0.131737805516654	0.131737805516654
AZD0530	LRG_48	0.13172745036467	0.13172745036467	0.13172745036467
AZD0530	ENSG00000214313	0.13168915475717138	0.13168915475717138	0.13168915475717138
AZD0530	ENSG00000149054	0.13155866032455768	0.13155866032455768	0.13155866032455768
AZD0530	ENSG00000182985	0.13148396352607097	0.13148396352607097	0.13148396352607097
AZD0530	ENSG00000179743	0.13145882357413413	0.13145882357413413	0.13145882357413413
AZD0530	ENSG00000173848	0.1313708889591805	0.1313708889591805	0.1313708889591805
AZD0530	ENSG00000138472	0.13104589566696093	0.13104589566696093	0.13104589566696093
AZD0530	LOC100505784	0.13094493129223023	0.13094493129223023	0.13094493129223023
AZD0530	ENSG00000147896	0.13084220603027494	0.13084220603027494	0.13084220603027494
AZD0530	ENSG00000178363	0.13077775546052342	0.13077775546052342	0.13077775546052342
AZD0530	LOC81691	0.13074195377055836	0.13074195377055836	0.13074195377055836
AZD0530	ENSG00000171848	0.13062260682803675	0.13062260682803675	0.13062260682803675
AZD0530	LOC100507077	0.1306043501678185	0.1306043501678185	0.1306043501678185
AZD0530	ENSG00000184347	0.13059682666856226	0.13059682666856226	0.13059682666856226
AZD0530	ENSG00000106723	0.13054768330394104	0.13054768330394104	0.13054768330394104
AZD0530	ENSG00000156097	0.1304823813106264	0.1304823813106264	0.1304823813106264
AZD0530	ENSG00000108306	0.13047716149211427	0.13047716149211427	0.13047716149211427
AZD0530	ENSG00000196470	0.1303144375236268	0.1303144375236268	0.1303144375236268
AZD0530	ENSG00000204293	0.13028337598384135	0.13028337598384135	0.13028337598384135
AZD0530	ENSG00000047346	0.13028203956594392	0.13028203956594392	0.13028203956594392
AZD0530	ENSG00000074319	0.13018418982513158	0.13018418982513158	0.13018418982513158
AZD0530	ENSG00000211795	0.1301372615673218	0.1301372615673218	0.1301372615673218
AZD0530	LOC375190	0.130087496074395	0.130087496074395	0.130087496074395
AZD0530	ENSG00000129680	0.13006753437864255	0.13006753437864255	0.13006753437864255
AZD0530	ENSG00000159261	0.12996544074306568	0.12996544074306568	0.12996544074306568
AZD0530	LOC645676	0.12994514094282272	0.12994514094282272	0.12994514094282272
AZD0530	ENSG00000134955	0.12992742360273368	0.12992742360273368	0.12992742360273368
AZD0530	ENSG00000275221	0.12988835716804226	0.12988835716804226	0.12988835716804226
AZD0530	ENSG00000101307	0.12981536532064036	0.12981536532064036	0.12981536532064036
AZD0530	C14orf45	0.12979889891051935	0.12979889891051935	0.12979889891051935
AZD0530	ENSG00000144504	0.1296423279349623	0.1296423279349623	0.1296423279349623
AZD0530	ENSG00000111860	0.12962269905509724	0.12962269905509724	0.12962269905509724
AZD0530	ENSG00000273032	0.12958075817739356	0.12958075817739356	0.12958075817739356
AZD0530	ENSG00000173597	0.12935744591364345	0.12935744591364345	0.12935744591364345
AZD0530	ENSG00000134504	0.129205581834676	0.129205581834676	0.129205581834676
AZD0530	LOC100506207	0.12895364527991457	0.12895364527991457	0.12895364527991457
AZD0530	LOC646903	0.12891520119827435	0.12891520119827435	0.12891520119827435
AZD0530	ENSG00000198721	0.12891510487284727	0.12891510487284727	0.12891510487284727
AZD0530	ENSG00000140297	0.12884434852440416	0.12884434852440416	0.12884434852440416
AZD0530	ENSG00000163576	0.1287934306124885	0.1287934306124885	0.1287934306124885
AZD0530	ENSG00000236927	0.12875155531832264	0.12875155531832264	0.12875155531832264
AZD0530	ENSG00000120333	0.1286601576734009	0.1286601576734009	0.1286601576734009
AZD0530	ENSG00000126522	0.1285623334357536	0.1285623334357536	0.1285623334357536
AZD0530	ENSG00000182107	0.12856089246058777	0.12856089246058777	0.12856089246058777
AZD0530	ENSG00000118434	0.12849585640562763	0.12849585640562763	0.12849585640562763
AZD0530	ENSG00000166394	0.12817393016832515	0.12817393016832515	0.12817393016832515
AZD0530	ENSG00000150456	0.12817148432797404	0.12817148432797404	0.12817148432797404
AZD0530	KIAA0754	0.1280911275420346	0.1280911275420346	0.1280911275420346
AZD0530	ENSG00000274286	0.1279949532967681	0.1279949532967681	0.1279949532967681
AZD0530	ENSG00000182165	0.12798102027564742	0.12798102027564742	0.12798102027564742
AZD0530	ENSG00000160293	0.1279252073591626	0.1279252073591626	0.1279252073591626
AZD0530	ENSG00000239388	0.1279121265721862	0.1279121265721862	0.1279121265721862
AZD0530	ENSG00000165832	0.12788543689554246	0.12788543689554246	0.12788543689554246
AZD0530	ENSG00000108187	0.1278100634124875	0.1278100634124875	0.1278100634124875
AZD0530	ENSG00000113525	0.12734954819487584	0.12734954819487584	0.12734954819487584
AZD0530	LOC284294	0.12732864587997691	0.12732864587997691	0.12732864587997691
AZD0530	ENSG00000135040	0.12706161776701835	0.12706161776701835	0.12706161776701835
AZD0530	ENSG00000176108	0.12657319626460045	0.12657319626460045	0.12657319626460045
AZD0530	LOC647946	0.12642289692817424	0.12642289692817424	0.12642289692817424
AZD0530	ENSG00000166145	0.1262897215845598	0.1262897215845598	0.1262897215845598
AZD0530	ENSG00000130377	0.12626758777271968	0.12626758777271968	0.12626758777271968
AZD0530	LOC100134259	0.12614748952788735	0.12614748952788735	0.12614748952788735
AZD0530	ENSG00000101198	0.12612037931332745	0.12612037931332745	0.12612037931332745
AZD0530	ENSG00000273873	0.12600946019517958	0.12600946019517958	0.12600946019517958
AZD0530	ENSG00000101337	0.1259510011088276	0.1259510011088276	0.1259510011088276
AZD0530	ENSG00000204789	0.1259205919576356	0.1259205919576356	0.1259205919576356
AZD0530	ENSG00000127824	0.12591631581235804	0.12591631581235804	0.12591631581235804
AZD0530	ENSG00000103174	0.12581685366750794	0.12581685366750794	0.12581685366750794
AZD0530	ENSG00000228223	0.1258126141562664	0.1258126141562664	0.1258126141562664
AZD0530	ENSG00000105549	0.12580462661231415	0.12580462661231415	0.12580462661231415
AZD0530	ENSG00000121361	0.1257765937639299	0.1257765937639299	0.1257765937639299
AZD0530	ENSG00000130640	0.12568455316147287	0.12568455316147287	0.12568455316147287
AZD0530	C7orf59	0.1256625065328269	0.1256625065328269	0.1256625065328269
AZD0530	ENSG00000174429	0.12541060458350017	0.12541060458350017	0.12541060458350017
AZD0530	ENSG00000131473	0.12538319356369862	0.12538319356369862	0.12538319356369862
AZD0530	ENSG00000117592	0.12528413048545442	0.12528413048545442	0.12528413048545442
AZD0530	ENSG00000065000	0.1252592736865606	0.1252592736865606	0.1252592736865606
AZD0530	LRG_373	0.12525512735417424	0.12525512735417424	0.12525512735417424
AZD0530	ENSG00000184933	0.1252434677313539	0.1252434677313539	0.1252434677313539
AZD0530	ENSG00000058091	0.12495998988145936	0.12495998988145936	0.12495998988145936
AZD0530	ENSG00000166197	0.12480097668463207	0.12480097668463207	0.12480097668463207
AZD0530	LOC100506748	0.12476076841019722	0.12476076841019722	0.12476076841019722
AZD0530	ENSG00000242220	0.12463756509143933	0.12463756509143933	0.12463756509143933
AZD0530	ENSG00000237071	0.12458911918788879	0.12458911918788879	0.12458911918788879
AZD0530	ENSG00000262347	0.12456415533662846	0.12456415533662846	0.12456415533662846
AZD0530	ENSG00000221955	0.12407973970956183	0.12407973970956183	0.12407973970956183
AZD0530	ENSG00000159216	0.12396501517501268	0.12396501517501268	0.12396501517501268
AZD0530	ENSG00000119457	0.12396370378198435	0.12396370378198435	0.12396370378198435
AZD0530	ENSG00000132470	0.12394545325644407	0.12394545325644407	0.12394545325644407
AZD0530	ENSG00000155868	0.12390689532194989	0.12390689532194989	0.12390689532194989
AZD0530	ENSG00000157388	0.12388659522190992	0.12388659522190992	0.12388659522190992
AZD0530	ENSG00000185215	0.1237633944687448	0.1237633944687448	0.1237633944687448
AZD0530	ENSG00000149596	0.12362447570427647	0.12362447570427647	0.12362447570427647
AZD0530	ENSG00000105677	0.12359727419431253	0.12359727419431253	0.12359727419431253
AZD0530	ENSG00000169217	0.12358878280883623	0.12358878280883623	0.12358878280883623
AZD0530	ENSG00000174444	0.12352616153311785	0.12352616153311785	0.12352616153311785
AZD0530	ENSG00000161509	0.12348219461633819	0.12348219461633819	0.12348219461633819
AZD0530	LRG_625	0.12313335498890172	0.12313335498890172	0.12313335498890172
AZD0530	ENSG00000186051	0.12312790012021223	0.12312790012021223	0.12312790012021223
AZD0530	ENSG00000167619	0.12300013873589005	0.12300013873589005	0.12300013873589005
AZD0530	ENSG00000103335	0.1229797166231583	0.1229797166231583	0.1229797166231583
AZD0530	ENSG00000124251	0.12295059520396132	0.12295059520396132	0.12295059520396132
AZD0530	ENSG00000115306	0.12293393728076268	0.12293393728076268	0.12293393728076268
AZD0530	ENSG00000135269	0.12290553182698102	0.12290553182698102	0.12290553182698102
AZD0530	ENSG00000094916	0.12278344128098471	0.12278344128098471	0.12278344128098471
AZD0530	ENSG00000072958	0.12277757932431567	0.12277757932431567	0.12277757932431567
AZD0530	ENSG00000158164	0.12263398071757099	0.12263398071757099	0.12263398071757099
AZD0530	LOC100506895	0.12257145950009901	0.12257145950009901	0.12257145950009901
AZD0530	ENSG00000133026	0.12249970489823074	0.12249970489823074	0.12249970489823074
AZD0530	ENSG00000127951	0.12244536019865299	0.12244536019865299	0.12244536019865299
AZD0530	ENSG00000185112	0.12244520784895206	0.12244520784895206	0.12244520784895206
AZD0530	LOC100507277	0.12229304200036006	0.12229304200036006	0.12229304200036006
AZD0530	ENSG00000169223	0.1222729027273589	0.1222729027273589	0.1222729027273589
AZD0530	ENSG00000176058	0.12210261080920125	0.12210261080920125	0.12210261080920125
AZD0530	ENSG00000141194	0.12208372418863458	0.12208372418863458	0.12208372418863458
AZD0530	ENSG00000173821	0.12206737253619641	0.12206737253619641	0.12206737253619641
AZD0530	ENSG00000173653	0.1219145428977836	0.1219145428977836	0.1219145428977836
AZD0530	ENSG00000114302	0.12191265804881517	0.12191265804881517	0.12191265804881517
AZD0530	ENSG00000243775	0.12185092048368328	0.12185092048368328	0.12185092048368328
AZD0530	ENSG00000004848	0.12170803260603265	0.12170803260603265	0.12170803260603265
AZD0530	RAB7L1	0.12150752967438683	0.12150752967438683	0.12150752967438683
AZD0530	ENSG00000160202	0.12149773606328092	0.12149773606328092	0.12149773606328092
AZD0530	ENSG00000166681	0.12148779314382083	0.12148779314382083	0.12148779314382083
AZD0530	ENSG00000178449	0.12141477337279911	0.12141477337279911	0.12141477337279911
AZD0530	ENSG00000111667	0.12131855584902465	0.12131855584902465	0.12131855584902465
AZD0530	ENSG00000169385	0.12121433633716762	0.12121433633716762	0.12121433633716762
AZD0530	FKSG29	0.12100118922888252	0.12100118922888252	0.12100118922888252
AZD0530	ENSG00000132446	0.12095002275060579	0.12095002275060579	0.12095002275060579
AZD0530	ENSG00000151552	0.12073000611311585	0.12073000611311585	0.12073000611311585
AZD0530	ENSG00000278588	0.12058656640797355	0.12058656640797355	0.12058656640797355
AZD0530	ENSG00000032389	0.12052110998195127	0.12052110998195127	0.12052110998195127
AZD0530	ENSG00000132881	0.12051901525377441	0.12051901525377441	0.12051901525377441
AZD0530	ENSG00000152944	0.12045007573494418	0.12045007573494418	0.12045007573494418
AZD0530	ENSG00000156709	0.12044530282922378	0.12044530282922378	0.12044530282922378
AZD0530	ENSG00000281244	0.12030126813657539	0.12030126813657539	0.12030126813657539
AZD0530	ENSG00000197919	0.12028277542351488	0.12028277542351488	0.12028277542351488
AZD0530	ENSG00000111664	0.1202799347451951	0.1202799347451951	0.1202799347451951
AZD0530	ENSG00000277281	0.12018122660783337	0.12018122660783337	0.12018122660783337
AZD0530	ENSG00000253368	0.12013589309324785	0.12013589309324785	0.12013589309324785
AZD0530	ENSG00000135679	0.11998099641597196	0.11998099641597196	0.11998099641597196
AZD0530	ENSG00000100578	0.11996407398795968	0.11996407398795968	0.11996407398795968
AZD0530	ENSG00000027001	0.11996342389622702	0.11996342389622702	0.11996342389622702
AZD0530	ENSG00000174007	0.11994716345100948	0.11994716345100948	0.11994716345100948
AZD0530	ENSG00000118898	0.11992188366318964	0.11992188366318964	0.11992188366318964
AZD0530	LOC646329	0.11991283309925217	0.11991283309925217	0.11991283309925217
AZD0530	ENSG00000154146	0.11980899289877613	0.11980899289877613	0.11980899289877613
AZD0530	ENSG00000149557	0.11953371672383634	0.11953371672383634	0.11953371672383634
AZD0530	ENSG00000167565	0.11947484267930587	0.11947484267930587	0.11947484267930587
AZD0530	LOC100507470	0.11933812208846971	0.11933812208846971	0.11933812208846971
AZD0530	ENSG00000181211	0.11933190512770864	0.11933190512770864	0.11933190512770864
AZD0530	ENSG00000178860	0.11929102577348674	0.11929102577348674	0.11929102577348674
AZD0530	ENSG00000163331	0.1188935854098903	0.1188935854098903	0.1188935854098903
AZD0530	ENSG00000154864	0.11885451192696167	0.11885451192696167	0.11885451192696167
AZD0530	ENSG00000065809	0.11855380071678648	0.11855380071678648	0.11855380071678648
AZD0530	ENSG00000137707	0.11848894998994565	0.11848894998994565	0.11848894998994565
AZD0530	ENSG00000158966	0.11838984666259314	0.11838984666259314	0.11838984666259314
AZD0530	ENSG00000144118	0.11835473687624719	0.11835473687624719	0.11835473687624719
AZD0530	ENSG00000108599	0.11832733187150504	0.11832733187150504	0.11832733187150504
AZD0530	ENSG00000132434	0.1182054176681456	0.1182054176681456	0.1182054176681456
AZD0530	ENSG00000008438	0.1179227420822824	0.1179227420822824	0.1179227420822824
AZD0530	ENSG00000104852	0.11787406591110935	0.11787406591110935	0.11787406591110935
AZD0530	ENSG00000125462	0.11771856595927971	0.11771856595927971	0.11771856595927971
AZD0530	LOC147646	0.11763513522181551	0.11763513522181551	0.11763513522181551
AZD0530	ENSG00000135569	0.11752965614482935	0.11752965614482935	0.11752965614482935
AZD0530	ENSG00000154889	0.11750205309913062	0.11750205309913062	0.11750205309913062
AZD0530	ENSG00000276429	0.11747985202138261	0.11747985202138261	0.11747985202138261
AZD0530	ENSG00000197859	0.11732042877925108	0.11732042877925108	0.11732042877925108
AZD0530	ENSG00000122565	0.1173118255423329	0.1173118255423329	0.1173118255423329
AZD0530	ENSG00000104408	0.11722778589047932	0.11722778589047932	0.11722778589047932
AZD0530	ENSG00000164105	0.11714932923867596	0.11714932923867596	0.11714932923867596
AZD0530	CXCR7	0.11705731377303089	0.11705731377303089	0.11705731377303089
AZD0530	LOC340357	0.11705702690055741	0.11705702690055741	0.11705702690055741
AZD0530	ENSG00000266967	0.11704498717107996	0.11704498717107996	0.11704498717107996
AZD0530	LOC100128893	0.1168646847609572	0.1168646847609572	0.1168646847609572
AZD0530	ENSG00000167191	0.11675766437277274	0.11675766437277274	0.11675766437277274
AZD0530	BRD7P3	0.116488641163192	0.116488641163192	0.116488641163192
AZD0530	ENSG00000165322	0.11643735340327606	0.11643735340327606	0.11643735340327606
AZD0530	ENSG00000163017	0.1164107373353028	0.1164107373353028	0.1164107373353028
AZD0530	ENSG00000174370	0.11631798774948375	0.11631798774948375	0.11631798774948375
AZD0530	ENSG00000144488	0.11618284912186361	0.11618284912186361	0.11618284912186361
AZD0530	LOC100130992	0.11609179784006257	0.11609179784006257	0.11609179784006257
AZD0530	ENSG00000145979	0.11583045371888645	0.11583045371888645	0.11583045371888645
AZD0530	ENSG00000224032	0.11578220767456131	0.11578220767456131	0.11578220767456131
AZD0530	ENSG00000079557	0.11576350654464117	0.11576350654464117	0.11576350654464117
AZD0530	LOC285547	0.11566579288212582	0.11566579288212582	0.11566579288212582
AZD0530	ENSG00000162882	0.11563277509030645	0.11563277509030645	0.11563277509030645
AZD0530	ENSG00000196468	0.11554106249423284	0.11554106249423284	0.11554106249423284
AZD0530	ENSG00000164265	0.11540878091308102	0.11540878091308102	0.11540878091308102
AZD0530	ENSG00000162069	0.11536030551382272	0.11536030551382272	0.11536030551382272
AZD0530	ENSG00000171448	0.11528562505008202	0.11528562505008202	0.11528562505008202
AZD0530	ENSG00000148175	0.115273084242265	0.115273084242265	0.115273084242265
AZD0530	ENSG00000167792	0.11515529480187225	0.11515529480187225	0.11515529480187225
AZD0530	LOC100506713	0.11514341489209395	0.11514341489209395	0.11514341489209395
AZD0530	ENSG00000078898	0.1151070839205478	0.1151070839205478	0.1151070839205478
AZD0530	ENSG00000164011	0.11507443133148029	0.11507443133148029	0.11507443133148029
AZD0530	ENSG00000105655	0.11503241140696469	0.11503241140696469	0.11503241140696469
AZD0530	ENSG00000149257	0.11502793149094923	0.11502793149094923	0.11502793149094923
AZD0530	ENSG00000119414	0.11499829845910615	0.11499829845910615	0.11499829845910615
AZD0530	ENSG00000088305	0.11447533001140761	0.11447533001140761	0.11447533001140761
AZD0530	ENSG00000120457	0.11440429941781208	0.11440429941781208	0.11440429941781208
AZD0530	ENSG00000136213	0.11437031311021927	0.11437031311021927	0.11437031311021927
AZD0530	ENSG00000174226	0.11416864127361304	0.11416864127361304	0.11416864127361304
AZD0530	ENSG00000132205	0.11395372310205855	0.11395372310205855	0.11395372310205855
AZD0530	ENSG00000197849	0.11386951355317025	0.11386951355317025	0.11386951355317025
AZD0530	ENSG00000174946	0.1138239635984774	0.1138239635984774	0.1138239635984774
AZD0530	ENSG00000004059	0.11381990584504399	0.11381990584504399	0.11381990584504399
AZD0530	ENSG00000088926	0.11366542023085253	0.11366542023085253	0.11366542023085253
AZD0530	ENSG00000021355	0.11360534788895066	0.11360534788895066	0.11360534788895066
AZD0530	LOC100506233	0.11356503970080545	0.11356503970080545	0.11356503970080545
AZD0530	ENSG00000130653	0.1135181362552285	0.1135181362552285	0.1135181362552285
AZD0530	ENSG00000130529	0.11348554183189132	0.11348554183189132	0.11348554183189132
AZD0530	ENSG00000156966	0.11344106461601319	0.11344106461601319	0.11344106461601319
AZD0530	ENSG00000196131	0.11332212560190191	0.11332212560190191	0.11332212560190191
AZD0530	ENSG00000112761	0.11312116698780934	0.11312116698780934	0.11312116698780934
AZD0530	ENSG00000135929	0.11306603229393031	0.11306603229393031	0.11306603229393031
AZD0530	ENSG00000151005	0.11302049322723667	0.11302049322723667	0.11302049322723667
AZD0530	ENSG00000137699	0.11283591007128674	0.11283591007128674	0.11283591007128674
AZD0530	ENSG00000278161	0.1127056043556407	0.1127056043556407	0.1127056043556407
AZD0530	LOC148824	0.11258241969365082	0.11258241969365082	0.11258241969365082
AZD0530	ENSG00000139329	0.11228649867234863	0.11228649867234863	0.11228649867234863
AZD0530	ENSG00000163884	0.11217423214508274	0.11217423214508274	0.11217423214508274
AZD0530	DUS2L	0.11217017508252441	0.11217017508252441	0.11217017508252441
AZD0530	ENSG00000116478	0.11198775075056762	0.11198775075056762	0.11198775075056762
AZD0530	ENSG00000126246	0.11193743589172798	0.11193743589172798	0.11193743589172798
AZD0530	ENSG00000172524	0.11191087328408855	0.11191087328408855	0.11191087328408855
AZD0530	ENSG00000185745	0.11180746897328846	0.11180746897328846	0.11180746897328846
AZD0530	ENSG00000124564	0.11160720067917988	0.11160720067917988	0.11160720067917988
AZD0530	ENSG00000168672	0.11160489069315502	0.11160489069315502	0.11160489069315502
AZD0530	ENSG00000062096	0.11157729074471943	0.11157729074471943	0.11157729074471943
AZD0530	ENSG00000153406	0.11152673964675772	0.11152673964675772	0.11152673964675772
AZD0530	ENSG00000175879	0.11144269065895958	0.11144269065895958	0.11144269065895958
AZD0530	ENSG00000100249	0.1112642862411853	0.1112642862411853	0.1112642862411853
AZD0530	ENSG00000170374	0.11114280963671778	0.11114280963671778	0.11114280963671778
AZD0530	ENSG00000134108	0.11110836002714768	0.11110836002714768	0.11110836002714768
AZD0530	ENSG00000129667	0.11092769395282037	0.11092769395282037	0.11092769395282037
AZD0530	ENSG00000100453	0.11088656175278552	0.11088656175278552	0.11088656175278552
AZD0530	ENSG00000243137	0.11063828535885425	0.11063828535885425	0.11063828535885425
AZD0530	ENSG00000103591	0.11053301182102447	0.11053301182102447	0.11053301182102447
AZD0530	ENSG00000089053	0.11046331198677943	0.11046331198677943	0.11046331198677943
AZD0530	ENSG00000125970	0.11028070787852416	0.11028070787852416	0.11028070787852416
AZD0530	ENSG00000166963	0.11023321603030184	0.11023321603030184	0.11023321603030184
AZD0530	ENSG00000184277	0.11023091459548158	0.11023091459548158	0.11023091459548158
AZD0530	ENSG00000183454	0.11017603467917306	0.11017603467917306	0.11017603467917306
AZD0530	ENSG00000165801	0.11011645299343127	0.11011645299343127	0.11011645299343127
AZD0530	ENSG00000132612	0.10988186371231524	0.10988186371231524	0.10988186371231524
AZD0530	ENSG00000084207	0.1098158125391138	0.1098158125391138	0.1098158125391138
AZD0530	ENSG00000158865	0.1097107388629651	0.1097107388629651	0.1097107388629651
AZD0530	ENSG00000162390	0.10969187417318332	0.10969187417318332	0.10969187417318332
AZD0530	ENSG00000137094	0.10967003571920869	0.10967003571920869	0.10967003571920869
AZD0530	ENSG00000137216	0.10965722247349675	0.10965722247349675	0.10965722247349675
AZD0530	ENSG00000087460	0.10943340197465767	0.10943340197465767	0.10943340197465767
AZD0530	ENSG00000142197	0.10934944189728804	0.10934944189728804	0.10934944189728804
AZD0530	ENSG00000120885	0.10924475913651953	0.10924475913651953	0.10924475913651953
AZD0530	ENSG00000101294	0.10917130241331029	0.10917130241331029	0.10917130241331029
AZD0530	ENSG00000002933	0.10907350339775179	0.10907350339775179	0.10907350339775179
AZD0530	ENSG00000189091	0.10905208119849479	0.10905208119849479	0.10905208119849479
AZD0530	ENSG00000156471	0.10898601960480638	0.10898601960480638	0.10898601960480638
AZD0530	ENSG00000091732	0.10893738738440874	0.10893738738440874	0.10893738738440874
AZD0530	ENSG00000274811	0.10892386665454254	0.10892386665454254	0.10892386665454254
AZD0530	ENSG00000240871	0.10889704756948573	0.10889704756948573	0.10889704756948573
AZD0530	ENSG00000156299	0.10889598333414537	0.10889598333414537	0.10889598333414537
AZD0530	ENSG00000133961	0.10882641378081165	0.10882641378081165	0.10882641378081165
AZD0530	ENSG00000169903	0.10869850634666745	0.10869850634666745	0.10869850634666745
AZD0530	ENSG00000164040	0.10867062666037199	0.10867062666037199	0.10867062666037199
AZD0530	ENSG00000137975	0.10860823727344922	0.10860823727344922	0.10860823727344922
AZD0530	ENSG00000175920	0.10847094774621752	0.10847094774621752	0.10847094774621752
AZD0530	ENSG00000105146	0.10830093000682797	0.10830093000682797	0.10830093000682797
AZD0530	ENSG00000226051	0.10823955324884679	0.10823955324884679	0.10823955324884679
AZD0530	ENSG00000124422	0.10820713793161149	0.10820713793161149	0.10820713793161149
AZD0530	ENSG00000249669	0.10783488054926903	0.10783488054926903	0.10783488054926903
AZD0530	ENSG00000139800	0.10775495459360065	0.10775495459360065	0.10775495459360065
AZD0530	ENSG00000126218	0.10771888423448757	0.10771888423448757	0.10771888423448757
AZD0530	ENSG00000184678	0.10758390618141699	0.10758390618141699	0.10758390618141699
AZD0530	LOC146336	0.10751131106177983	0.10751131106177983	0.10751131106177983
AZD0530	ENSG00000188778	0.10738383520433135	0.10738383520433135	0.10738383520433135
AZD0530	ENSG00000203697	0.10734367640872114	0.10734367640872114	0.10734367640872114
AZD0530	LRG_440	0.1073045512288495	0.1073045512288495	0.1073045512288495
AZD0530	ENSG00000272886	0.10716705253062142	0.10716705253062142	0.10716705253062142
AZD0530	ENSG00000253563	0.10706236701052187	0.10706236701052187	0.10706236701052187
AZD0530	ENSG00000185222	0.10705266772812203	0.10705266772812203	0.10705266772812203
AZD0530	ENSG00000157470	0.10687028711616633	0.10687028711616633	0.10687028711616633
AZD0530	ENSG00000167325	0.10685866257464488	0.10685866257464488	0.10685866257464488
AZD0530	ENSG00000237441	0.1067685041457806	0.1067685041457806	0.1067685041457806
AZD0530	ENSG00000096746	0.10670233323880862	0.10670233323880862	0.10670233323880862
AZD0530	ENSG00000148482	0.10666358121768314	0.10666358121768314	0.10666358121768314
AZD0530	ENSG00000101558	0.10657572474451135	0.10657572474451135	0.10657572474451135
AZD0530	ENSG00000206452	0.10657561310895536	0.10657561310895536	0.10657561310895536
AZD0530	ENSG00000182196	0.10637206170263293	0.10637206170263293	0.10637206170263293
AZD0530	ENSG00000099282	0.10632951154416154	0.10632951154416154	0.10632951154416154
AZD0530	ENSG00000065559	0.10630317298999499	0.10630317298999499	0.10630317298999499
AZD0530	ENSG00000157657	0.106251487314862	0.106251487314862	0.106251487314862
AZD0530	LOC84931	0.10613978782354319	0.10613978782354319	0.10613978782354319
AZD0530	ENSG00000167257	0.10606911622641654	0.10606911622641654	0.10606911622641654
AZD0530	ENSG00000118514	0.10606308572898021	0.10606308572898021	0.10606308572898021
AZD0530	ENSG00000169862	0.1060350896496433	0.1060350896496433	0.1060350896496433
AZD0530	ENSG00000184698	0.10582303538652073	0.10582303538652073	0.10582303538652073
AZD0530	ENSG00000279643	0.1057868608178387	0.1057868608178387	0.1057868608178387
AZD0530	ENSG00000132698	0.10570123920248521	0.10570123920248521	0.10570123920248521
AZD0530	ENSG00000131475	0.10568350082232592	0.10568350082232592	0.10568350082232592
AZD0530	ENSG00000092203	0.10564547484917565	0.10564547484917565	0.10564547484917565
AZD0530	ENSG00000197079	0.10555451247574153	0.10555451247574153	0.10555451247574153
AZD0530	ENSG00000127311	0.10553391328721733	0.10553391328721733	0.10553391328721733
AZD0530	ENSG00000109956	0.10541354403257296	0.10541354403257296	0.10541354403257296
AZD0530	ENSG00000164744	0.10530525545316322	0.10530525545316322	0.10530525545316322
AZD0530	LRG_615	0.10528812986146877	0.10528812986146877	0.10528812986146877
AZD0530	ENSG00000156500	0.10526979456668563	0.10526979456668563	0.10526979456668563
AZD0530	FLJ33630	0.1052596589488511	0.1052596589488511	0.1052596589488511
AZD0530	ENSG00000087128	0.10514691302415245	0.10514691302415245	0.10514691302415245
AZD0530	ENSG00000169118	0.105095325448656	0.105095325448656	0.105095325448656
AZD0530	ENSG00000115194	0.1050241382568577	0.1050241382568577	0.1050241382568577
AZD0530	ENSG00000134851	0.10486557877288159	0.10486557877288159	0.10486557877288159
AZD0530	ENSG00000115414	0.10483240967145063	0.10483240967145063	0.10483240967145063
AZD0530	ENSG00000178741	0.10475016184106414	0.10475016184106414	0.10475016184106414
AZD0530	ENSG00000132603	0.10472187072174263	0.10472187072174263	0.10472187072174263
AZD0530	C3orf75	0.10469629335871998	0.10469629335871998	0.10469629335871998
AZD0530	ENSG00000099910	0.10458676410240933	0.10458676410240933	0.10458676410240933
AZD0530	ENSG00000168143	0.10454703954389565	0.10454703954389565	0.10454703954389565
AZD0530	ENSG00000029153	0.10453788608020297	0.10453788608020297	0.10453788608020297
AZD0530	ENSG00000105131	0.10429231507837562	0.10429231507837562	0.10429231507837562
AZD0530	ENSG00000147601	0.10402792289293618	0.10402792289293618	0.10402792289293618
AZD0530	ENSG00000150457	0.10402062784992441	0.10402062784992441	0.10402062784992441
AZD0530	ENSG00000099995	0.10398837599230118	0.10398837599230118	0.10398837599230118
AZD0530	ENSG00000106688	0.1039787303606774	0.1039787303606774	0.1039787303606774
AZD0530	ENSG00000166153	0.10397442557706855	0.10397442557706855	0.10397442557706855
AZD0530	ENSG00000186603	0.10392980692082253	0.10392980692082253	0.10392980692082253
AZD0530	ENSG00000157036	0.10372438524250852	0.10372438524250852	0.10372438524250852
AZD0530	ENSG00000166105	0.10358780957393775	0.10358780957393775	0.10358780957393775
AZD0530	LOC100506821	0.10357995213520339	0.10357995213520339	0.10357995213520339
AZD0530	ENSG00000177666	0.10352259513565339	0.10352259513565339	0.10352259513565339
AZD0530	ENSG00000149313	0.10323895850110586	0.10323895850110586	0.10323895850110586
AZD0530	ENSG00000140319	0.10319850678358232	0.10319850678358232	0.10319850678358232
AZD0530	ENSG00000143222	0.10308999875024545	0.10308999875024545	0.10308999875024545
AZD0530	ENSG00000164434	0.103045237610668	0.103045237610668	0.103045237610668
AZD0530	ENSG00000118491	0.10304115771169246	0.10304115771169246	0.10304115771169246
AZD0530	ENSG00000103145	0.10299764038570768	0.10299764038570768	0.10299764038570768
AZD0530	ENSG00000180846	0.10297676755400179	0.10297676755400179	0.10297676755400179
AZD0530	ENSG00000110851	0.10284457341037198	0.10284457341037198	0.10284457341037198
AZD0530	ENSG00000183386	0.10280252423855767	0.10280252423855767	0.10280252423855767
AZD0530	ENSG00000165799	0.10277843060175729	0.10277843060175729	0.10277843060175729
AZD0530	ENSG00000132031	0.10269842683700753	0.10269842683700753	0.10269842683700753
AZD0530	ENSG00000173269	0.10268408836779384	0.10268408836779384	0.10268408836779384
AZD0530	ENSG00000104738	0.1026488650184889	0.1026488650184889	0.1026488650184889
AZD0530	ENSG00000173402	0.10261646439064556	0.10261646439064556	0.10261646439064556
AZD0530	ENSG00000099810	0.10252680646716768	0.10252680646716768	0.10252680646716768
AZD0530	ENSG00000110680	0.10247617765384234	0.10247617765384234	0.10247617765384234
AZD0530	ENSG00000261678	0.10240538670007608	0.10240538670007608	0.10240538670007608
AZD0530	ENSG00000163626	0.10240129021967902	0.10240129021967902	0.10240129021967902
AZD0530	ENSG00000155962	0.10229026871234313	0.10229026871234313	0.10229026871234313
AZD0530	ENSG00000189306	0.1022413631042373	0.1022413631042373	0.1022413631042373
AZD0530	ENSG00000170270	0.10223220247999935	0.10223220247999935	0.10223220247999935
AZD0530	ENSG00000141279	0.10221297827467717	0.10221297827467717	0.10221297827467717
AZD0530	MGC2889	0.10212610602575743	0.10212610602575743	0.10212610602575743
AZD0530	LOC100506907	0.10206321168855598	0.10206321168855598	0.10206321168855598
AZD0530	TH1L	0.1020076763966918	0.1020076763966918	0.1020076763966918
AZD0530	ENSG00000243147	0.10199515486009901	0.10199515486009901	0.10199515486009901
AZD0530	ENSG00000108518	0.1019642692273289	0.1019642692273289	0.1019642692273289
AZD0530	ENSG00000144677	0.10188201196925546	0.10188201196925546	0.10188201196925546
AZD0530	ENSG00000103496	0.10185995341206387	0.10185995341206387	0.10185995341206387
AZD0530	ENSG00000213780	0.10166459669880464	0.10166459669880464	0.10166459669880464
AZD0530	ENSG00000259001	0.10166006397140367	0.10166006397140367	0.10166006397140367
AZD0530	ENSG00000182916	0.10163663258224902	0.10163663258224902	0.10163663258224902
AZD0530	ENSG00000188846	0.10159721652992755	0.10159721652992755	0.10159721652992755
AZD0530	ENSG00000168060	0.10155957886730002	0.10155957886730002	0.10155957886730002
AZD0530	ENSG00000112695	0.10154334255558031	0.10154334255558031	0.10154334255558031
AZD0530	ENSG00000187796	0.10154116079442077	0.10154116079442077	0.10154116079442077
AZD0530	ENSG00000179299	0.10147074549982157	0.10147074549982157	0.10147074549982157
AZD0530	ENSG00000134987	0.1014412258555108	0.1014412258555108	0.1014412258555108
AZD0530	ENSG00000185085	0.10142883831971396	0.10142883831971396	0.10142883831971396
AZD0530	ENSG00000161850	0.101154207783759	0.101154207783759	0.101154207783759
AZD0530	ENSG00000164674	0.10115027272892341	0.10115027272892341	0.10115027272892341
AZD0530	ENSG00000197891	0.10114659236866073	0.10114659236866073	0.10114659236866073
AZD0530	ENSG00000157954	0.10108598729505122	0.10108598729505122	0.10108598729505122
AZD0530	ENSG00000169019	0.1009998011617219	0.1009998011617219	0.1009998011617219
AZD0530	ENSG00000163681	0.10090197630508088	0.10090197630508088	0.10090197630508088
AZD0530	LOC729570	0.10082896937078996	0.10082896937078996	0.10082896937078996
AZD0530	ENSG00000100263	0.10080088720380946	0.10080088720380946	0.10080088720380946
AZD0530	ENSG00000169247	0.10070307707130755	0.10070307707130755	0.10070307707130755
AZD0530	ENSG00000124391	0.10046700801646644	0.10046700801646644	0.10046700801646644
AZD0530	ENSG00000179073	0.100388687822622	0.100388687822622	0.100388687822622
AZD0530	ENSG00000163704	0.10036442170073084	0.10036442170073084	0.10036442170073084
AZD0530	ENSG00000066185	0.10032185593360939	0.10032185593360939	0.10032185593360939
AZD0530	ENSG00000166128	0.10026558538108922	0.10026558538108922	0.10026558538108922
AZD0530	ENSG00000277276	0.10018553677112044	0.10018553677112044	0.10018553677112044
AZD0530	ENSG00000130988	0.10009291360356086	0.10009291360356086	0.10009291360356086
AZD0530	PLDN	0.10009119901115446	0.10009119901115446	0.10009119901115446
AZD0530	ENSG00000235568	0.09974870212264787	0.09974870212264787	0.09974870212264787
AZD0530	ENSG00000196636	0.0996728738166328	0.0996728738166328	0.0996728738166328
AZD0530	LRG_275	0.09964823050491274	0.09964823050491274	0.09964823050491274
AZD0530	ENSG00000118094	0.09963321373650727	0.09963321373650727	0.09963321373650727
AZD0530	ENSG00000158623	0.09959778363956677	0.09959778363956677	0.09959778363956677
AZD0530	ENSG00000171051	0.09957874012604122	0.09957874012604122	0.09957874012604122
AZD0530	ENSG00000109272	0.09957020986117131	0.09957020986117131	0.09957020986117131
AZD0530	ENSG00000188582	0.09935339052660308	0.09935339052660308	0.09935339052660308
AZD0530	LOC100506480	0.09929029264800003	0.09929029264800003	0.09929029264800003
AZD0530	ECRP	0.09918005789226725	0.09918005789226725	0.09918005789226725
AZD0530	ENSG00000175183	0.09906170326893686	0.09906170326893686	0.09906170326893686
AZD0530	C2orf77	0.09872828585726465	0.09872828585726465	0.09872828585726465
AZD0530	ENSG00000163913	0.09872701541546026	0.09872701541546026	0.09872701541546026
AZD0530	ENSG00000077942	0.09867509963064511	0.09867509963064511	0.09867509963064511
AZD0530	ENSG00000240118	0.09865140034320442	0.09865140034320442	0.09865140034320442
AZD0530	GCFC1-AS1	0.09863670287544336	0.09863670287544336	0.09863670287544336
AZD0530	LOC145845	0.09852572199856631	0.09852572199856631	0.09852572199856631
AZD0530	ENSG00000182919	0.09849933943139715	0.09849933943139715	0.09849933943139715
AZD0530	ENSG00000228300	0.09840854635396051	0.09840854635396051	0.09840854635396051
AZD0530	ENSG00000203730	0.09826514446534777	0.09826514446534777	0.09826514446534777
AZD0530	ENSG00000166233	0.09825184863021288	0.09825184863021288	0.09825184863021288
AZD0530	ENSG00000244462	0.0982380746171619	0.0982380746171619	0.0982380746171619
AZD0530	ENSG00000278312	0.09814084710394966	0.09814084710394966	0.09814084710394966
AZD0530	ENSG00000172167	0.09807958224599586	0.09807958224599586	0.09807958224599586
AZD0530	ENSG00000116035	0.0980309292914036	0.0980309292914036	0.0980309292914036
AZD0530	ENSG00000171396	0.09790123527325034	0.09790123527325034	0.09790123527325034
AZD0530	ENSG00000156282	0.09789083160675545	0.09789083160675545	0.09789083160675545
AZD0530	ENSG00000124214	0.09784804660188466	0.09784804660188466	0.09784804660188466
AZD0530	ENSG00000010803	0.09762042260553809	0.09762042260553809	0.09762042260553809
AZD0530	ENSG00000100151	0.097579990705773	0.097579990705773	0.097579990705773
AZD0530	ENSG00000151092	0.09752144240496446	0.09752144240496446	0.09752144240496446
AZD0530	ENSG00000206535	0.09748537459863173	0.09748537459863173	0.09748537459863173
AZD0530	ENSG00000107816	0.09734703742423814	0.09734703742423814	0.09734703742423814
AZD0530	ENSG00000164855	0.09728143502920253	0.09728143502920253	0.09728143502920253
AZD0530	ENSG00000120235	0.09725697955044005	0.09725697955044005	0.09725697955044005
AZD0530	ENSG00000090975	0.0971600642759643	0.0971600642759643	0.0971600642759643
AZD0530	ENSG00000072952	0.09713208435135909	0.09713208435135909	0.09713208435135909
AZD0530	ENSG00000214595	0.09709676473212601	0.09709676473212601	0.09709676473212601
AZD0530	ENSG00000140284	0.09684890474289222	0.09684890474289222	0.09684890474289222
AZD0530	ENSG00000104808	0.09679702225474116	0.09679702225474116	0.09679702225474116
AZD0530	ENSG00000132128	0.09676951386096028	0.09676951386096028	0.09676951386096028
AZD0530	ENSG00000206522	0.09672050065695673	0.09672050065695673	0.09672050065695673
AZD0530	ENSG00000182568	0.09664765499177609	0.09664765499177609	0.09664765499177609
AZD0530	ENSG00000170584	0.09663892236167262	0.09663892236167262	0.09663892236167262
AZD0530	ENSG00000069667	0.09663801852250131	0.09663801852250131	0.09663801852250131
AZD0530	KIAA1199	0.09651864348125329	0.09651864348125329	0.09651864348125329
AZD0530	LOC100506413	0.09648938944222991	0.09648938944222991	0.09648938944222991
AZD0530	ENSG00000163281	0.09640365860577232	0.09640365860577232	0.09640365860577232
AZD0530	ENSG00000121236	0.09635535017289888	0.09635535017289888	0.09635535017289888
AZD0530	ENSG00000164749	0.096313658159496	0.096313658159496	0.096313658159496
AZD0530	ENSG00000145087	0.0962925096705792	0.0962925096705792	0.0962925096705792
AZD0530	ENSG00000153130	0.09627925945879996	0.09627925945879996	0.09627925945879996
AZD0530	ENSG00000145863	0.09626806601265901	0.09626806601265901	0.09626806601265901
AZD0530	ENSG00000149260	0.09618767554957594	0.09618767554957594	0.09618767554957594
AZD0530	ENSG00000127022	0.09601183224767619	0.09601183224767619	0.09601183224767619
AZD0530	ENSG00000139546	0.09563655926210615	0.09563655926210615	0.09563655926210615
AZD0530	ENSG00000146143	0.09560571271127782	0.09560571271127782	0.09560571271127782
AZD0530	WDR65	0.09559494403398033	0.09559494403398033	0.09559494403398033
AZD0530	ENSG00000177646	0.09556824419539031	0.09556824419539031	0.09556824419539031
AZD0530	ENSG00000150275	0.09556734854527611	0.09556734854527611	0.09556734854527611
AZD0530	ENSG00000276799	0.09556173127107165	0.09556173127107165	0.09556173127107165
AZD0530	ENSG00000196998	0.09552693705541102	0.09552693705541102	0.09552693705541102
AZD0530	ENSG00000170540	0.09544938739450086	0.09544938739450086	0.09544938739450086
AZD0530	ENSG00000225190	0.09523420694291707	0.09523420694291707	0.09523420694291707
AZD0530	ENSG00000182809	0.09521969097885698	0.09521969097885698	0.09521969097885698
AZD0530	LOC100506446	0.0951548599591361	0.0951548599591361	0.0951548599591361
AZD0530	ENSG00000120054	0.09507047169041051	0.09507047169041051	0.09507047169041051
AZD0530	ENSG00000081320	0.09500065504204493	0.09500065504204493	0.09500065504204493
AZD0530	ENSG00000197355	0.09497231409361205	0.09497231409361205	0.09497231409361205
AZD0530	ENSG00000175643	0.0949011822644632	0.0949011822644632	0.0949011822644632
AZD0530	ENSG00000006606	0.09489782057986025	0.09489782057986025	0.09489782057986025
AZD0530	C8orf12	0.09485767501859946	0.09485767501859946	0.09485767501859946
AZD0530	ENSG00000235106	0.09481481965794401	0.09481481965794401	0.09481481965794401
AZD0530	ENSG00000204311	0.09470366633446942	0.09470366633446942	0.09470366633446942
AZD0530	ENSG00000171094	0.09432873860239399	0.09432873860239399	0.09432873860239399
AZD0530	ENSG00000182636	0.09415911854898344	0.09415911854898344	0.09415911854898344
AZD0530	ENSG00000147027	0.09405399686987737	0.09405399686987737	0.09405399686987737
AZD0530	ENSG00000172803	0.09401634477143517	0.09401634477143517	0.09401634477143517
AZD0530	ENSG00000110955	0.09389244430952583	0.09389244430952583	0.09389244430952583
AZD0530	ENSG00000113615	0.09380382512901404	0.09380382512901404	0.09380382512901404
AZD0530	ENSG00000165655	0.09373154192054155	0.09373154192054155	0.09373154192054155
AZD0530	ENSG00000184083	0.09368256556162302	0.09368256556162302	0.09368256556162302
AZD0530	ENSG00000228224	0.09363025354369607	0.09363025354369607	0.09363025354369607
AZD0530	ENSG00000168802	0.09342540819452948	0.09342540819452948	0.09342540819452948
AZD0530	ENSG00000156253	0.09335818906060137	0.09335818906060137	0.09335818906060137
AZD0530	ENSG00000137265	0.09316211165600562	0.09316211165600562	0.09316211165600562
AZD0530	ENSG00000102934	0.09315369953458387	0.09315369953458387	0.09315369953458387
AZD0530	ENSG00000278257	0.09310940716628803	0.09310940716628803	0.09310940716628803
AZD0530	ENSG00000076924	0.09308828978169813	0.09308828978169813	0.09308828978169813
AZD0530	ENSG00000149499	0.09303981793904806	0.09303981793904806	0.09303981793904806
AZD0530	DKFZP564C196	0.09302802578961593	0.09302802578961593	0.09302802578961593
AZD0530	ENSG00000231028	0.09299605938089434	0.09299605938089434	0.09299605938089434
AZD0530	ENSG00000170445	0.09288535254007202	0.09288535254007202	0.09288535254007202
AZD0530	ENSG00000115226	0.09269511238502764	0.09269511238502764	0.09269511238502764
AZD0530	ENSG00000050555	0.09268145070673861	0.09268145070673861	0.09268145070673861
AZD0530	ENSG00000101074	0.09249634853212145	0.09249634853212145	0.09249634853212145
AZD0530	ENSG00000205250	0.09244704875488309	0.09244704875488309	0.09244704875488309
AZD0530	ENSG00000100665	0.09237875108723251	0.09237875108723251	0.09237875108723251
AZD0530	ENSG00000077984	0.09231458460318563	0.09231458460318563	0.09231458460318563
AZD0530	ENSG00000132026	0.09217180195269456	0.09217180195269456	0.09217180195269456
AZD0530	ENSG00000159461	0.09212589843935923	0.09212589843935923	0.09212589843935923
AZD0530	ENSG00000119004	0.09211867615227824	0.09211867615227824	0.09211867615227824
AZD0530	ENSG00000159224	0.09210503915605353	0.09210503915605353	0.09210503915605353
AZD0530	LOC647107	0.09210131760683546	0.09210131760683546	0.09210131760683546
AZD0530	ENSG00000145365	0.09193310730786584	0.09193310730786584	0.09193310730786584
AZD0530	C14orf135	0.09189431461076186	0.09189431461076186	0.09189431461076186
AZD0530	ENSG00000082397	0.09186702664594557	0.09186702664594557	0.09186702664594557
AZD0530	C2orf51	0.09180928162694854	0.09180928162694854	0.09180928162694854
AZD0530	ENSG00000175582	0.09180618816999327	0.09180618816999327	0.09180618816999327
AZD0530	ENSG00000171574	0.09176330868355766	0.09176330868355766	0.09176330868355766
AZD0530	C9orf29	0.09173972998048875	0.09173972998048875	0.09173972998048875
AZD0530	ENSG00000153029	0.09171337195155468	0.09171337195155468	0.09171337195155468
AZD0530	ENSG00000146085	0.09160279278581489	0.09160279278581489	0.09160279278581489
AZD0530	ENSG00000138172	0.09149005441766501	0.09149005441766501	0.09149005441766501
AZD0530	ENSG00000100991	0.09137258563172171	0.09137258563172171	0.09137258563172171
AZD0530	ENSG00000139178	0.09129579977163577	0.09129579977163577	0.09129579977163577
AZD0530	ENSG00000112852	0.09111356108787277	0.09111356108787277	0.09111356108787277
AZD0530	ENSG00000123576	0.09106351886197196	0.09106351886197196	0.09106351886197196
AZD0530	LRG_460	0.09101396877966551	0.09101396877966551	0.09101396877966551
AZD0530	ENSG00000143321	0.0906500071377407	0.0906500071377407	0.0906500071377407
AZD0530	ENSG00000151917	0.09048525852984018	0.09048525852984018	0.09048525852984018
AZD0530	ENSG00000116885	0.09047899751885573	0.09047899751885573	0.09047899751885573
AZD0530	ENSG00000180233	0.09034739518373529	0.09034739518373529	0.09034739518373529
AZD0530	ENSG00000103018	0.0901332198293605	0.0901332198293605	0.0901332198293605
AZD0530	ENSG00000085662	0.0900047739033241	0.0900047739033241	0.0900047739033241
AZD0530	ENSG00000130208	0.08995972865805141	0.08995972865805141	0.08995972865805141
AZD0530	ENSG00000204414	0.08990652891571563	0.08990652891571563	0.08990652891571563
AZD0530	ENSG00000150551	0.08985185098767101	0.08985185098767101	0.08985185098767101
AZD0530	ENSG00000138755	0.0897798701237173	0.0897798701237173	0.0897798701237173
AZD0530	ENSG00000115474	0.08968579929371087	0.08968579929371087	0.08968579929371087
AZD0530	ENSG00000162415	0.08954106269453314	0.08954106269453314	0.08954106269453314
AZD0530	ENSG00000153253	0.08949205902480437	0.08949205902480437	0.08949205902480437
AZD0530	ENSG00000184838	0.08947790825624449	0.08947790825624449	0.08947790825624449
AZD0530	LOC100130275	0.0894542581065655	0.0894542581065655	0.0894542581065655
AZD0530	ENSG00000160867	0.08944820193016692	0.08944820193016692	0.08944820193016692
AZD0530	C11orf92	0.08926758943516118	0.08926758943516118	0.08926758943516118
AZD0530	ADC	0.08891431028915332	0.08891431028915332	0.08891431028915332
AZD0530	ENSG00000162430	0.08887414194866741	0.08887414194866741	0.08887414194866741
AZD0530	ENSG00000123307	0.08865914754500681	0.08865914754500681	0.08865914754500681
AZD0530	ENSG00000171174	0.08862605781952332	0.08862605781952332	0.08862605781952332
AZD0530	ENSG00000240891	0.08820517465691174	0.08820517465691174	0.08820517465691174
AZD0530	ENSG00000137177	0.08817940498914126	0.08817940498914126	0.08817940498914126
AZD0530	ENSG00000166275	0.08809931541025871	0.08809931541025871	0.08809931541025871
AZD0530	ENSG00000124615	0.08798623463545503	0.08798623463545503	0.08798623463545503
AZD0530	ENSG00000183784	0.08797886085503459	0.08797886085503459	0.08797886085503459
AZD0530	ENSG00000108839	0.08777782171629904	0.08777782171629904	0.08777782171629904
AZD0530	ENSG00000204022	0.08757369368946168	0.08757369368946168	0.08757369368946168
AZD0530	ENSG00000132463	0.08752853053893221	0.08752853053893221	0.08752853053893221
AZD0530	ENSG00000128917	0.08752404229663821	0.08752404229663821	0.08752404229663821
AZD0530	ENSG00000047662	0.08747262278379801	0.08747262278379801	0.08747262278379801
AZD0530	ENSG00000066248	0.08746768533540393	0.08746768533540393	0.08746768533540393
AZD0530	ENSG00000117472	0.08741516833251636	0.08741516833251636	0.08741516833251636
AZD0530	ENSG00000189308	0.08730610520072106	0.08730610520072106	0.08730610520072106
AZD0530	ENSG00000116199	0.08713823405031682	0.08713823405031682	0.08713823405031682
AZD0530	ENSG00000102796	0.08710004152434558	0.08710004152434558	0.08710004152434558
AZD0530	ENSG00000056050	0.08709088327718291	0.08709088327718291	0.08709088327718291
AZD0530	ENSG00000198890	0.0870906060501902	0.0870906060501902	0.0870906060501902
AZD0530	ENSG00000107874	0.08708295325177706	0.08708295325177706	0.08708295325177706
AZD0530	ENSG00000179119	0.086974829178291	0.086974829178291	0.086974829178291
AZD0530	ENSG00000122483	0.08695628723044067	0.08695628723044067	0.08695628723044067
AZD0530	ENSG00000198689	0.08689581956573655	0.08689581956573655	0.08689581956573655
AZD0530	ENSG00000144579	0.0867371675889597	0.0867371675889597	0.0867371675889597
AZD0530	ENSG00000182247	0.08668336631144317	0.08668336631144317	0.08668336631144317
AZD0530	ENSG00000107262	0.08660474774239486	0.08660474774239486	0.08660474774239486
AZD0530	ENSG00000079257	0.08655016913280339	0.08655016913280339	0.08655016913280339
AZD0530	ENSG00000136381	0.08623047334908727	0.08623047334908727	0.08623047334908727
AZD0530	ENSG00000104804	0.08603653014529897	0.08603653014529897	0.08603653014529897
AZD0530	ENSG00000160233	0.08601167655329178	0.08601167655329178	0.08601167655329178
AZD0530	ENSG00000119977	0.08600599675726193	0.08600599675726193	0.08600599675726193
AZD0530	ENSG00000196420	0.08598109924344441	0.08598109924344441	0.08598109924344441
AZD0530	ENSG00000205659	0.08597228077505947	0.08597228077505947	0.08597228077505947
AZD0530	ENSG00000172331	0.08594489154792012	0.08594489154792012	0.08594489154792012
AZD0530	ENSG00000131055	0.08585939628685876	0.08585939628685876	0.08585939628685876
AZD0530	ENSG00000159128	0.0857155819553397	0.0857155819553397	0.0857155819553397
AZD0530	ENSG00000070061	0.08547186252810329	0.08547186252810329	0.08547186252810329
AZD0530	ENSG00000137440	0.08546764755350168	0.08546764755350168	0.08546764755350168
AZD0530	ENSG00000169871	0.08545638254337849	0.08545638254337849	0.08545638254337849
AZD0530	ENSG00000123411	0.08532753893887393	0.08532753893887393	0.08532753893887393
AZD0530	ENSG00000116977	0.08528112846957282	0.08528112846957282	0.08528112846957282
AZD0530	ENSG00000164327	0.08527590533524895	0.08527590533524895	0.08527590533524895
AZD0530	ENSG00000086504	0.08521018318890913	0.08521018318890913	0.08521018318890913
AZD0530	ENSG00000163435	0.08505728214573025	0.08505728214573025	0.08505728214573025
AZD0530	ENSG00000142534	0.08504490981142039	0.08504490981142039	0.08504490981142039
AZD0530	ENSG00000092841	0.08500914468677506	0.08500914468677506	0.08500914468677506
AZD0530	ENSG00000221900	0.08494987234967583	0.08494987234967583	0.08494987234967583
AZD0530	ENSG00000213047	0.0849312668117407	0.0849312668117407	0.0849312668117407
AZD0530	ENSG00000109881	0.08485600000780368	0.08485600000780368	0.08485600000780368
AZD0530	ENSG00000147873	0.08477825512645756	0.08477825512645756	0.08477825512645756
AZD0530	ENSG00000105447	0.08460760669430915	0.08460760669430915	0.08460760669430915
AZD0530	ENSG00000163530	0.08452611312475744	0.08452611312475744	0.08452611312475744
AZD0530	LOC100506348	0.08443797426367698	0.08443797426367698	0.08443797426367698
AZD0530	ENSG00000160688	0.08440383931348157	0.08440383931348157	0.08440383931348157
AZD0530	ENSG00000187997	0.08418555514794482	0.08418555514794482	0.08418555514794482
AZD0530	ENSG00000183569	0.0841805695853502	0.0841805695853502	0.0841805695853502
AZD0530	ENSG00000197472	0.08413809762583145	0.08413809762583145	0.08413809762583145
AZD0530	ENSG00000090447	0.08403520565680743	0.08403520565680743	0.08403520565680743
AZD0530	ENSG00000028116	0.08400714522736824	0.08400714522736824	0.08400714522736824
AZD0530	ENSG00000137338	0.0839984971652484	0.0839984971652484	0.0839984971652484
AZD0530	ENSG00000172568	0.08390234133720888	0.08390234133720888	0.08390234133720888
AZD0530	ENSG00000125869	0.08387212803538624	0.08387212803538624	0.08387212803538624
AZD0530	ENSG00000206053	0.08379510508796235	0.08379510508796235	0.08379510508796235
AZD0530	ENSG00000121621	0.08372862384597257	0.08372862384597257	0.08372862384597257
AZD0530	ENSG00000106263	0.08368786141531255	0.08368786141531255	0.08368786141531255
AZD0530	ENSG00000141127	0.08367902131898912	0.08367902131898912	0.08367902131898912
AZD0530	ENSG00000118960	0.08352311224910718	0.08352311224910718	0.08352311224910718
AZD0530	ENSG00000126262	0.0835020653326614	0.0835020653326614	0.0835020653326614
AZD0530	ENSG00000174792	0.08346759580105996	0.08346759580105996	0.08346759580105996
AZD0530	ENSG00000247095	0.08343897146331178	0.08343897146331178	0.08343897146331178
AZD0530	ENSG00000158234	0.08335845540718487	0.08335845540718487	0.08335845540718487
AZD0530	ENSG00000033100	0.08322286076358076	0.08322286076358076	0.08322286076358076
AZD0530	ENSG00000198838	0.083131963483798	0.083131963483798	0.083131963483798
AZD0530	ENSG00000272674	0.0830408463666103	0.0830408463666103	0.0830408463666103
AZD0530	ENSG00000015153	0.08292029190835047	0.08292029190835047	0.08292029190835047
AZD0530	ENSG00000083720	0.08281481303454775	0.08281481303454775	0.08281481303454775
AZD0530	ENSG00000136937	0.08264382387415535	0.08264382387415535	0.08264382387415535
AZD0530	ENSG00000134330	0.08256398837349861	0.08256398837349861	0.08256398837349861
AZD0530	ENSG00000197498	0.08239788419085212	0.08239788419085212	0.08239788419085212
AZD0530	ENSG00000112763	0.08232664434982416	0.08232664434982416	0.08232664434982416
AZD0530	LOC100287813	0.08228810466826672	0.08228810466826672	0.08228810466826672
AZD0530	ENSG00000133112	0.08210031263283493	0.08210031263283493	0.08210031263283493
AZD0530	ENSG00000101438	0.0820737480886354	0.0820737480886354	0.0820737480886354
AZD0530	ENSG00000112992	0.08193656807887502	0.08193656807887502	0.08193656807887502
AZD0530	ENSG00000102554	0.08183424025456248	0.08183424025456248	0.08183424025456248
AZD0530	ENSG00000134905	0.08172616459557078	0.08172616459557078	0.08172616459557078
AZD0530	ENSG00000196296	0.08169822983163796	0.08169822983163796	0.08169822983163796
AZD0530	ENSG00000163012	0.08162561959846781	0.08162561959846781	0.08162561959846781
AZD0530	ENSG00000164615	0.08126279236099317	0.08126279236099317	0.08126279236099317
AZD0530	ENSG00000160179	0.08113792792536144	0.08113792792536144	0.08113792792536144
AZD0530	ENSG00000260325	0.08111626909079721	0.08111626909079721	0.08111626909079721
AZD0530	ENSG00000167005	0.08085554412824786	0.08085554412824786	0.08085554412824786
AZD0530	ENSG00000177917	0.08081393754975204	0.08081393754975204	0.08081393754975204
AZD0530	ENSG00000158109	0.08074863397759949	0.08074863397759949	0.08074863397759949
AZD0530	ENSG00000184451	0.08069183056529541	0.08069183056529541	0.08069183056529541
AZD0530	ENSG00000009830	0.08068475486218411	0.08068475486218411	0.08068475486218411
AZD0530	ENSG00000061987	0.080676042229218	0.080676042229218	0.080676042229218
AZD0530	ENSG00000104763	0.08066649572713062	0.08066649572713062	0.08066649572713062
AZD0530	ENSG00000198443	0.08054029936546936	0.08054029936546936	0.08054029936546936
AZD0530	ENSG00000134780	0.08051899670185908	0.08051899670185908	0.08051899670185908
AZD0530	ENSG00000155906	0.08051797846535375	0.08051797846535375	0.08051797846535375
AZD0530	ENSG00000130948	0.08049109992949355	0.08049109992949355	0.08049109992949355
AZD0530	ENSG00000212123	0.08046952239851227	0.08046952239851227	0.08046952239851227
AZD0530	ENSG00000186141	0.08041897465242416	0.08041897465242416	0.08041897465242416
AZD0530	ENSG00000253873	0.08029904856678176	0.08029904856678176	0.08029904856678176
AZD0530	ENSG00000137766	0.08026708526686763	0.08026708526686763	0.08026708526686763
AZD0530	ENSG00000174788	0.08025771833756815	0.08025771833756815	0.08025771833756815
AZD0530	ENSG00000158161	0.08020468068598924	0.08020468068598924	0.08020468068598924
AZD0530	ENSG00000135902	0.08015851253461653	0.08015851253461653	0.08015851253461653
AZD0530	ENSG00000104899	0.08011063683698803	0.08011063683698803	0.08011063683698803
AZD0530	ENSG00000197838	0.08009275775989529	0.08009275775989529	0.08009275775989529
AZD0530	ENSG00000141540	0.08008263779340982	0.08008263779340982	0.08008263779340982
AZD0530	ENSG00000031691	0.08007625904975883	0.08007625904975883	0.08007625904975883
AZD0530	ENSG00000146197	0.0800306792272951	0.0800306792272951	0.0800306792272951
AZD0530	ENSG00000262327	0.08001004129946353	0.08001004129946353	0.08001004129946353
AZD0530	ENSG00000119537	0.07991068577576553	0.07991068577576553	0.07991068577576553
AZD0530	ENSG00000179088	0.0798510992877254	0.0798510992877254	0.0798510992877254
AZD0530	FLJ37644	0.07980435116433189	0.07980435116433189	0.07980435116433189
AZD0530	ENSG00000168703	0.07958362507649998	0.07958362507649998	0.07958362507649998
AZD0530	ENSG00000185873	0.07943929725735399	0.07943929725735399	0.07943929725735399
AZD0530	ENSG00000111247	0.07939726821727221	0.07939726821727221	0.07939726821727221
AZD0530	ENSG00000146587	0.07933636990197998	0.07933636990197998	0.07933636990197998
AZD0530	ENSG00000105968	0.07924260903124059	0.07924260903124059	0.07924260903124059
AZD0530	ENSG00000137269	0.0791048752191012	0.0791048752191012	0.0791048752191012
AZD0530	ENSG00000037749	0.07910237459794296	0.07910237459794296	0.07910237459794296
AZD0530	ENSG00000106638	0.079079689737588	0.079079689737588	0.079079689737588
AZD0530	ENSG00000127666	0.07894222607795563	0.07894222607795563	0.07894222607795563
AZD0530	ENSG00000174807	0.07874252599491682	0.07874252599491682	0.07874252599491682
AZD0530	ENSG00000198879	0.07860079413774382	0.07860079413774382	0.07860079413774382
AZD0530	ENSG00000177692	0.07856392534798053	0.07856392534798053	0.07856392534798053
AZD0530	ENSG00000138483	0.07848889695726854	0.07848889695726854	0.07848889695726854
AZD0530	ENSG00000101282	0.07837108974942487	0.07837108974942487	0.07837108974942487
AZD0530	ENSG00000138316	0.07831113587673481	0.07831113587673481	0.07831113587673481
AZD0530	ENSG00000177200	0.07802874436747716	0.07802874436747716	0.07802874436747716
AZD0530	ENSG00000196700	0.0778282865779794	0.0778282865779794	0.0778282865779794
AZD0530	ENSG00000129214	0.07763027592571499	0.07763027592571499	0.07763027592571499
AZD0530	ENSG00000139636	0.0776137602973002	0.0776137602973002	0.0776137602973002
AZD0530	ENSG00000142657	0.07759605393580805	0.07759605393580805	0.07759605393580805
AZD0530	ENSG00000049769	0.07750755545273655	0.07750755545273655	0.07750755545273655
AZD0530	ENSG00000070601	0.07733401130385957	0.07733401130385957	0.07733401130385957
AZD0530	ENSG00000152503	0.07719096966308109	0.07719096966308109	0.07719096966308109
AZD0530	ENSG00000127863	0.07713362884622692	0.07713362884622692	0.07713362884622692
AZD0530	C17orf69	0.07711571749255362	0.07711571749255362	0.07711571749255362
AZD0530	ENSG00000106244	0.07697511883788594	0.07697511883788594	0.07697511883788594
AZD0530	ENSG00000171962	0.0769174466350663	0.0769174466350663	0.0769174466350663
AZD0530	ENSG00000213516	0.07690174922809907	0.07690174922809907	0.07690174922809907
AZD0530	ENSG00000143631	0.0768446116338403	0.0768446116338403	0.0768446116338403
AZD0530	ENSG00000134815	0.0768117792675606	0.0768117792675606	0.0768117792675606
AZD0530	ENSG00000229769	0.07675247857977273	0.07675247857977273	0.07675247857977273
AZD0530	ENSG00000182481	0.07673255253184767	0.07673255253184767	0.07673255253184767
AZD0530	ENSG00000213593	0.07669205535261217	0.07669205535261217	0.07669205535261217
AZD0530	ENSG00000254505	0.07664615854908767	0.07664615854908767	0.07664615854908767
AZD0530	ENSG00000139714	0.07658350125471643	0.07658350125471643	0.07658350125471643
AZD0530	ENSG00000162783	0.07657004694513996	0.07657004694513996	0.07657004694513996
AZD0530	ENSG00000204860	0.07656809480688562	0.07656809480688562	0.07656809480688562
AZD0530	ENSG00000105642	0.07654997659724536	0.07654997659724536	0.07654997659724536
AZD0530	ENSG00000159263	0.07640667041587808	0.07640667041587808	0.07640667041587808
AZD0530	ENSG00000027847	0.07636437026857591	0.07636437026857591	0.07636437026857591
AZD0530	CCDC90A	0.07631778325934326	0.07631778325934326	0.07631778325934326
AZD0530	LOC100130856	0.07630373869440553	0.07630373869440553	0.07630373869440553
AZD0530	ENSG00000135525	0.07589567718915886	0.07589567718915886	0.07589567718915886
AZD0530	ENSG00000157103	0.07582098669388533	0.07582098669388533	0.07582098669388533
AZD0530	ENSG00000233338	0.07577050480726163	0.07577050480726163	0.07577050480726163
AZD0530	ENSG00000071082	0.07569733944979566	0.07569733944979566	0.07569733944979566
AZD0530	ENSG00000117266	0.07564946859770551	0.07564946859770551	0.07564946859770551
AZD0530	ENSG00000123600	0.07548971726560601	0.07548971726560601	0.07548971726560601
AZD0530	ENSG00000109089	0.07548583952097636	0.07548583952097636	0.07548583952097636
AZD0530	ENSG00000147065	0.07543360410812959	0.07543360410812959	0.07543360410812959
AZD0530	ENSG00000059122	0.07539928687166239	0.07539928687166239	0.07539928687166239
AZD0530	NT5C3	0.07537763239415178	0.07537763239415178	0.07537763239415178
AZD0530	ENSG00000168872	0.0753527061192185	0.0753527061192185	0.0753527061192185
AZD0530	ENSG00000134443	0.07522720970438955	0.07522720970438955	0.07522720970438955
AZD0530	ENSG00000136643	0.07500162418952849	0.07500162418952849	0.07500162418952849
AZD0530	ENSG00000158201	0.07481591589824158	0.07481591589824158	0.07481591589824158
AZD0530	ENSG00000011347	0.07473584160684081	0.07473584160684081	0.07473584160684081
AZD0530	ENSG00000150540	0.07457326390915615	0.07457326390915615	0.07457326390915615
AZD0530	ENSG00000125656	0.07447912545058429	0.07447912545058429	0.07447912545058429
AZD0530	LRG_652	0.07442076149627525	0.07442076149627525	0.07442076149627525
AZD0530	ENSG00000163348	0.07439701889595988	0.07439701889595988	0.07439701889595988
AZD0530	ENSG00000175691	0.07437110902505459	0.07437110902505459	0.07437110902505459
AZD0530	ENSG00000183808	0.07433331736631583	0.07433331736631583	0.07433331736631583
AZD0530	ENSG00000053747	0.0742991612130897	0.0742991612130897	0.0742991612130897
AZD0530	LOC100130815	0.07420774424024047	0.07420774424024047	0.07420774424024047
AZD0530	ENSG00000254999	0.0741917522155116	0.0741917522155116	0.0741917522155116
AZD0530	ENSG00000187003	0.07414827944035272	0.07414827944035272	0.07414827944035272
AZD0530	ENSG00000175198	0.07413466675829766	0.07413466675829766	0.07413466675829766
AZD0530	ENSG00000115526	0.07410550015813787	0.07410550015813787	0.07410550015813787
AZD0530	ENSG00000108654	0.07402690572347757	0.07402690572347757	0.07402690572347757
AZD0530	ENSG00000187010	0.07396583292688991	0.07396583292688991	0.07396583292688991
AZD0530	ENSG00000198598	0.07386551952040694	0.07386551952040694	0.07386551952040694
AZD0530	ENSG00000140564	0.07380751609622208	0.07380751609622208	0.07380751609622208
AZD0530	ENSG00000125851	0.07378154594915637	0.07378154594915637	0.07378154594915637
AZD0530	LINC00514	0.07364846623996843	0.07364846623996843	0.07364846623996843
AZD0530	ENSG00000145147	0.07363467891100836	0.07363467891100836	0.07363467891100836
AZD0530	ENSG00000147676	0.07357281492129066	0.07357281492129066	0.07357281492129066
AZD0530	ENSG00000198467	0.07354173930850487	0.07354173930850487	0.07354173930850487
AZD0530	ENSG00000090512	0.07353095790163237	0.07353095790163237	0.07353095790163237
AZD0530	C20orf43	0.07338407414503223	0.07338407414503223	0.07338407414503223
AZD0530	ENSG00000151665	0.0733245541987156	0.0733245541987156	0.0733245541987156
AZD0530	ENSG00000138768	0.07327079866296803	0.07327079866296803	0.07327079866296803
AZD0530	ENSG00000087302	0.07317659296067844	0.07317659296067844	0.07317659296067844
AZD0530	ENSG00000156697	0.0730842944622092	0.0730842944622092	0.0730842944622092
AZD0530	ENSG00000149212	0.07269699616694084	0.07269699616694084	0.07269699616694084
AZD0530	LRG_50	0.07249348498873984	0.07249348498873984	0.07249348498873984
AZD0530	ENSG00000163319	0.07243259889446199	0.07243259889446199	0.07243259889446199
AZD0530	LOC100507331	0.07241317579304218	0.07241317579304218	0.07241317579304218
AZD0530	LOC100507049	0.07234682457024574	0.07234682457024574	0.07234682457024574
AZD0530	ENSG00000099817	0.072331774574264	0.072331774574264	0.072331774574264
AZD0530	ENSG00000138604	0.07226654617589408	0.07226654617589408	0.07226654617589408
AZD0530	ENSG00000125257	0.07224502096282179	0.07224502096282179	0.07224502096282179
AZD0530	ENSG00000162104	0.07210915622175096	0.07210915622175096	0.07210915622175096
AZD0530	ENSG00000119574	0.07207802669072863	0.07207802669072863	0.07207802669072863
AZD0530	ENSG00000046774	0.07182347585808971	0.07182347585808971	0.07182347585808971
AZD0530	ENSG00000123545	0.07180083428398769	0.07180083428398769	0.07180083428398769
AZD0530	ENSG00000102057	0.0717229277689388	0.0717229277689388	0.0717229277689388
AZD0530	ENSG00000215834	0.07165949522175077	0.07165949522175077	0.07165949522175077
AZD0530	ENSG00000154328	0.07159683293458907	0.07159683293458907	0.07159683293458907
AZD0530	ENSG00000165188	0.07132581983272525	0.07132581983272525	0.07132581983272525
AZD0530	ENSG00000104872	0.07118978721737697	0.07118978721737697	0.07118978721737697
AZD0530	ENSG00000100056	0.07111407881031126	0.07111407881031126	0.07111407881031126
AZD0530	ENSG00000183421	0.07110442118935119	0.07110442118935119	0.07110442118935119
AZD0530	ENSG00000123384	0.07099913704797728	0.07099913704797728	0.07099913704797728
AZD0530	ENSG00000146469	0.070971178250729	0.070971178250729	0.070971178250729
AZD0530	ENSG00000099917	0.07094407824544058	0.07094407824544058	0.07094407824544058
AZD0530	ENSG00000137204	0.07082883160604762	0.07082883160604762	0.07082883160604762
AZD0530	ENSG00000187479	0.07064144765428074	0.07064144765428074	0.07064144765428074
AZD0530	ENSG00000111863	0.0704935967984887	0.0704935967984887	0.0704935967984887
AZD0530	ENSG00000106608	0.07044865875162629	0.07044865875162629	0.07044865875162629
AZD0530	ENSG00000203705	0.07028440628743068	0.07028440628743068	0.07028440628743068
AZD0530	LOC100505918	0.0702418745523508	0.0702418745523508	0.0702418745523508
AZD0530	ENSG00000182333	0.07016013506326255	0.07016013506326255	0.07016013506326255
AZD0530	ENSG00000101557	0.06983300630982177	0.06983300630982177	0.06983300630982177
AZD0530	ENSG00000196151	0.06981447107887452	0.06981447107887452	0.06981447107887452
AZD0530	ENSG00000113212	0.06981137456209856	0.06981137456209856	0.06981137456209856
AZD0530	ENSG00000010278	0.0697702601288434	0.0697702601288434	0.0697702601288434
AZD0530	ENSG00000109586	0.06973854435706144	0.06973854435706144	0.06973854435706144
AZD0530	ENSG00000052802	0.06973555703667393	0.06973555703667393	0.06973555703667393
AZD0530	RUNX1-IT1	0.06973535177433277	0.06973535177433277	0.06973535177433277
AZD0530	ENSG00000113763	0.06966019377931723	0.06966019377931723	0.06966019377931723
AZD0530	C10orf112	0.0693190564823477	0.0693190564823477	0.0693190564823477
AZD0530	ENSG00000196581	0.06923461472665184	0.06923461472665184	0.06923461472665184
AZD0530	ENSG00000055147	0.0691369830816023	0.0691369830816023	0.0691369830816023
AZD0530	ENSG00000120094	0.06899317283376463	0.06899317283376463	0.06899317283376463
AZD0530	LOC201477	0.06898626061583849	0.06898626061583849	0.06898626061583849
AZD0530	ENSG00000019505	0.06890973274876831	0.06890973274876831	0.06890973274876831
AZD0530	ENSG00000162571	0.06878649527789424	0.06878649527789424	0.06878649527789424
AZD0530	ENSG00000171522	0.06872449635593535	0.06872449635593535	0.06872449635593535
AZD0530	ENSG00000126861	0.0687134173909891	0.0687134173909891	0.0687134173909891
AZD0530	ENSG00000187486	0.06867302552130948	0.06867302552130948	0.06867302552130948
AZD0530	ENSG00000233718	0.0686718270493089	0.0686718270493089	0.0686718270493089
AZD0530	ENSG00000176410	0.06862552827239013	0.06862552827239013	0.06862552827239013
AZD0530	C3orf32	0.06858474125880379	0.06858474125880379	0.06858474125880379
AZD0530	ENSG00000092096	0.06847781868428088	0.06847781868428088	0.06847781868428088
AZD0530	LOC100128653	0.06845918225532033	0.06845918225532033	0.06845918225532033
AZD0530	ENSG00000172260	0.06833091246654434	0.06833091246654434	0.06833091246654434
AZD0530	ENSG00000160917	0.06830553129363719	0.06830553129363719	0.06830553129363719
AZD0530	ENSG00000275511	0.06830345425152982	0.06830345425152982	0.06830345425152982
AZD0530	ENSG00000068079	0.06818270169028767	0.06818270169028767	0.06818270169028767
AZD0530	ENSG00000163221	0.06783420445618028	0.06783420445618028	0.06783420445618028
AZD0530	ENSG00000151422	0.0677021648758393	0.0677021648758393	0.0677021648758393
AZD0530	ENSG00000104413	0.06766922301285976	0.06766922301285976	0.06766922301285976
AZD0530	MGC23284	0.06763103110815052	0.06763103110815052	0.06763103110815052
AZD0530	ENSG00000138386	0.06745468242589785	0.06745468242589785	0.06745468242589785
AZD0530	ENSG00000269226	0.06724146904751939	0.06724146904751939	0.06724146904751939
AZD0530	NARG2	0.0672303149173892	0.0672303149173892	0.0672303149173892
AZD0530	ENSG00000132522	0.0671800842627416	0.0671800842627416	0.0671800842627416
AZD0530	ENSG00000141391	0.06692870173908062	0.06692870173908062	0.06692870173908062
AZD0530	ENSG00000223350	0.06681780431365202	0.06681780431365202	0.06681780431365202
AZD0530	ENSG00000120279	0.06679848248418147	0.06679848248418147	0.06679848248418147
AZD0530	ENSG00000178257	0.06679781143435871	0.06679781143435871	0.06679781143435871
AZD0530	ENSG00000179604	0.0667972746041562	0.0667972746041562	0.0667972746041562
AZD0530	ENSG00000184860	0.06652223475944494	0.06652223475944494	0.06652223475944494
AZD0530	LRG_463	0.06633281899115864	0.06633281899115864	0.06633281899115864
AZD0530	ENSG00000116005	0.06628998265834211	0.06628998265834211	0.06628998265834211
AZD0530	ENSG00000164221	0.0662260585724076	0.0662260585724076	0.0662260585724076
AZD0530	ENSG00000166900	0.06622600543514898	0.06622600543514898	0.06622600543514898
AZD0530	ENSG00000139651	0.06608017232193587	0.06608017232193587	0.06608017232193587
AZD0530	ENSG00000141255	0.06596486529709944	0.06596486529709944	0.06596486529709944
AZD0530	LOC100129463	0.06595798647808197	0.06595798647808197	0.06595798647808197
AZD0530	ENSG00000105855	0.06590618692153898	0.06590618692153898	0.06590618692153898
AZD0530	ENSG00000103202	0.06590200897191638	0.06590200897191638	0.06590200897191638
AZD0530	ENSG00000143756	0.0658685124909818	0.0658685124909818	0.0658685124909818
AZD0530	LRG_447	0.06586833681463619	0.06586833681463619	0.06586833681463619
AZD0530	ENSG00000158516	0.06571469017353611	0.06571469017353611	0.06571469017353611
AZD0530	LOC100507477	0.06562414785090814	0.06562414785090814	0.06562414785090814
AZD0530	ENSG00000017427	0.06555519073825486	0.06555519073825486	0.06555519073825486
AZD0530	ENSG00000143224	0.06552488232028911	0.06552488232028911	0.06552488232028911
AZD0530	ENSG00000168298	0.06548574141385788	0.06548574141385788	0.06548574141385788
AZD0530	ENSG00000180332	0.0654172250713347	0.0654172250713347	0.0654172250713347
AZD0530	ENSG00000013563	0.06533616611446977	0.06533616611446977	0.06533616611446977
AZD0530	ENSG00000166913	0.06522904406171928	0.06522904406171928	0.06522904406171928
AZD0530	ENSG00000130255	0.06514495518311231	0.06514495518311231	0.06514495518311231
AZD0530	ENSG00000132906	0.06512730286559831	0.06512730286559831	0.06512730286559831
AZD0530	ENSG00000204941	0.0650572344401515	0.0650572344401515	0.0650572344401515
AZD0530	ENSG00000204403	0.06503412142879861	0.06503412142879861	0.06503412142879861
AZD0530	ENSG00000151414	0.06500814048900903	0.06500814048900903	0.06500814048900903
AZD0530	ENSG00000184160	0.06492023824537616	0.06492023824537616	0.06492023824537616
AZD0530	ENSG00000149305	0.06489939428244546	0.06489939428244546	0.06489939428244546
AZD0530	C1orf172	0.06482786745593687	0.06482786745593687	0.06482786745593687
AZD0530	ENSG00000163817	0.06470619009357367	0.06470619009357367	0.06470619009357367
AZD0530	ENSG00000237380	0.06467511167506697	0.06467511167506697	0.06467511167506697
AZD0530	ENSG00000170962	0.06467179214715033	0.06467179214715033	0.06467179214715033
AZD0530	ENSG00000221829	0.06466962771605572	0.06466962771605572	0.06466962771605572
AZD0530	ENSG00000135447	0.06464123995779682	0.06464123995779682	0.06464123995779682
AZD0530	ENSG00000126860	0.06458172895736922	0.06458172895736922	0.06458172895736922
AZD0530	ENSG00000101224	0.0644909883629472	0.0644909883629472	0.0644909883629472
AZD0530	ENSG00000184731	0.06435962812405872	0.06435962812405872	0.06435962812405872
AZD0530	ENSG00000168772	0.06422080505268006	0.06422080505268006	0.06422080505268006
AZD0530	ENSG00000169213	0.06406478907067308	0.06406478907067308	0.06406478907067308
AZD0530	ENSG00000006704	0.06393689024191118	0.06393689024191118	0.06393689024191118
AZD0530	ENSG00000161905	0.06393171115550518	0.06393171115550518	0.06393171115550518
AZD0530	ENSG00000169895	0.06386893391991363	0.06386893391991363	0.06386893391991363
AZD0530	ENSG00000239590	0.06378881889691632	0.06378881889691632	0.06378881889691632
AZD0530	LOC100507672	0.06373109045094125	0.06373109045094125	0.06373109045094125
AZD0530	ENSG00000160410	0.06341550574558767	0.06341550574558767	0.06341550574558767
AZD0530	ENSG00000164326	0.06324876214812351	0.06324876214812351	0.06324876214812351
AZD0530	ENSG00000137574	0.0631373345511788	0.0631373345511788	0.0631373345511788
AZD0530	ENSG00000168214	0.06301660436920213	0.06301660436920213	0.06301660436920213
AZD0530	ENSG00000148948	0.06295337755852973	0.06295337755852973	0.06295337755852973
AZD0530	ENSG00000196782	0.06294906482778183	0.06294906482778183	0.06294906482778183
AZD0530	ENSG00000090487	0.06292180363347512	0.06292180363347512	0.06292180363347512
AZD0530	ENSG00000007047	0.06272513212173658	0.06272513212173658	0.06272513212173658
AZD0530	ENSG00000263465	0.06271554832819619	0.06271554832819619	0.06271554832819619
AZD0530	ENSG00000065361	0.06242533371229317	0.06242533371229317	0.06242533371229317
AZD0530	ENSG00000248098	0.06236228933908379	0.06236228933908379	0.06236228933908379
AZD0530	ENSG00000120438	0.0623307318869984	0.0623307318869984	0.0623307318869984
AZD0530	ENSG00000010818	0.06226827609160444	0.06226827609160444	0.06226827609160444
AZD0530	ENSG00000185442	0.062246903190352774	0.062246903190352774	0.062246903190352774
AZD0530	ENSG00000114026	0.06214802898214449	0.06214802898214449	0.06214802898214449
AZD0530	ENSG00000050426	0.06183987173741592	0.06183987173741592	0.06183987173741592
AZD0530	ENSG00000008282	0.06183748628561388	0.06183748628561388	0.06183748628561388
AZD0530	ENSG00000169410	0.061673287510770884	0.061673287510770884	0.061673287510770884
AZD0530	ENSG00000130558	0.06161893741152495	0.06161893741152495	0.06161893741152495
AZD0530	ENSG00000196154	0.06126282632983286	0.06126282632983286	0.06126282632983286
AZD0530	ENSG00000116649	0.06125760983482227	0.06125760983482227	0.06125760983482227
AZD0530	ENSG00000075426	0.0611394555120746	0.0611394555120746	0.0611394555120746
AZD0530	ENSG00000240694	0.061084112410459086	0.061084112410459086	0.061084112410459086
AZD0530	ENSG00000186832	0.06102909222765804	0.06102909222765804	0.06102909222765804
AZD0530	ENSG00000164308	0.06092266883442777	0.06092266883442777	0.06092266883442777
AZD0530	ENSG00000280873	0.060920308454256084	0.060920308454256084	0.060920308454256084
AZD0530	ENSG00000162736	0.060913646514283944	0.060913646514283944	0.060913646514283944
AZD0530	ENSG00000158901	0.06073635845320629	0.06073635845320629	0.06073635845320629
AZD0530	PRR24	0.06072141193075184	0.06072141193075184	0.06072141193075184
AZD0530	LOC554201	0.060604573801749426	0.060604573801749426	0.060604573801749426
AZD0530	ENSG00000008441	0.06036799609377603	0.06036799609377603	0.06036799609377603
AZD0530	ENSG00000172432	0.06021024174913783	0.06021024174913783	0.06021024174913783
AZD0530	C5orf43	0.060119865136349294	0.060119865136349294	0.060119865136349294
AZD0530	ENSG00000132570	0.06003940110824374	0.06003940110824374	0.06003940110824374
AZD0530	ENSG00000092054	0.060018702467898914	0.060018702467898914	0.060018702467898914
AZD0530	ENSG00000101981	0.05988033462167624	0.05988033462167624	0.05988033462167624
AZD0530	ENSG00000123815	0.05982578960822534	0.05982578960822534	0.05982578960822534
AZD0530	ENSG00000170142	0.05967195186313196	0.05967195186313196	0.05967195186313196
AZD0530	ENSG00000101216	0.05966245808851097	0.05966245808851097	0.05966245808851097
AZD0530	ENSG00000161643	0.05962202982582654	0.05962202982582654	0.05962202982582654
AZD0530	ENSG00000181234	0.05962157076711366	0.05962157076711366	0.05962157076711366
AZD0530	ENSG00000101162	0.05960349833004071	0.05960349833004071	0.05960349833004071
AZD0530	ENSG00000007174	0.059586473653801666	0.059586473653801666	0.059586473653801666
AZD0530	ENSG00000181634	0.05957242787745225	0.05957242787745225	0.05957242787745225
AZD0530	ENSG00000184619	0.05954106212720242	0.05954106212720242	0.05954106212720242
AZD0530	ENSG00000198909	0.05950026356750279	0.05950026356750279	0.05950026356750279
AZD0530	ENSG00000154485	0.05944639211416087	0.05944639211416087	0.05944639211416087
AZD0530	ENSG00000159884	0.05944392487391703	0.05944392487391703	0.05944392487391703
AZD0530	ENSG00000198720	0.05932538369036473	0.05932538369036473	0.05932538369036473
AZD0530	ENSG00000078070	0.05929142118681315	0.05929142118681315	0.05929142118681315
AZD0530	ENSG00000196290	0.05920632714801745	0.05920632714801745	0.05920632714801745
AZD0530	ENSG00000125898	0.059143504348685795	0.059143504348685795	0.059143504348685795
AZD0530	ENSG00000182871	0.05909786756867306	0.05909786756867306	0.05909786756867306
AZD0530	LRG_129	0.05907771650232687	0.05907771650232687	0.05907771650232687
AZD0530	ENSG00000164162	0.05906249974269175	0.05906249974269175	0.05906249974269175
AZD0530	ENSG00000135333	0.05900330153713812	0.05900330153713812	0.05900330153713812
AZD0530	ENSG00000141503	0.058984020975549105	0.058984020975549105	0.058984020975549105
AZD0530	C1orf222	0.058970414428962496	0.058970414428962496	0.058970414428962496
AZD0530	ENSG00000183161	0.058688922565315084	0.058688922565315084	0.058688922565315084
AZD0530	ENSG00000065457	0.058612780622234295	0.058612780622234295	0.058612780622234295
AZD0530	ENSG00000139343	0.058576799572682664	0.058576799572682664	0.058576799572682664
AZD0530	ENSG00000184185	0.058505031233782985	0.058505031233782985	0.058505031233782985
AZD0530	ENSG00000075673	0.058480199431204666	0.058480199431204666	0.058480199431204666
AZD0530	ENSG00000275564	0.05846153083137773	0.05846153083137773	0.05846153083137773
AZD0530	ENSG00000183032	0.05844312184755753	0.05844312184755753	0.05844312184755753
AZD0530	ENSG00000169836	0.05843536695320172	0.05843536695320172	0.05843536695320172
AZD0530	ENSG00000147439	0.058383502720475114	0.058383502720475114	0.058383502720475114
AZD0530	ENSG00000089280	0.05819754147409006	0.05819754147409006	0.05819754147409006
AZD0530	ENSG00000158552	0.05815994130130181	0.05815994130130181	0.05815994130130181
AZD0530	ENSG00000147255	0.05815360901105289	0.05815360901105289	0.05815360901105289
AZD0530	ENSG00000132970	0.058139109933035324	0.058139109933035324	0.058139109933035324
AZD0530	ENSG00000117360	0.05811115984800536	0.05811115984800536	0.05811115984800536
AZD0530	C6orf147	0.05810382012533657	0.05810382012533657	0.05810382012533657
AZD0530	ENSG00000028203	0.05806794177877089	0.05806794177877089	0.05806794177877089
AZD0530	LOC728730	0.05802644769135238	0.05802644769135238	0.05802644769135238
AZD0530	ENSG00000132849	0.05788847871210768	0.05788847871210768	0.05788847871210768
AZD0530	ENSG00000172460	0.057432164923937434	0.057432164923937434	0.057432164923937434
AZD0530	ENSG00000206066	0.057265426001519695	0.057265426001519695	0.057265426001519695
AZD0530	ENSG00000136478	0.05723649073470236	0.05723649073470236	0.05723649073470236
AZD0530	ENSG00000196976	0.057177123468767486	0.057177123468767486	0.057177123468767486
AZD0530	ENSG00000129596	0.05716213242246179	0.05716213242246179	0.05716213242246179
AZD0530	ENSG00000070748	0.057154262432223414	0.057154262432223414	0.057154262432223414
AZD0530	ENSG00000174485	0.05713441565319218	0.05713441565319218	0.05713441565319218
AZD0530	ENSG00000109684	0.057082172127339535	0.057082172127339535	0.057082172127339535
AZD0530	ENSG00000196209	0.05703022914326566	0.05703022914326566	0.05703022914326566
AZD0530	ENSG00000182983	0.05701960268901058	0.05701960268901058	0.05701960268901058
AZD0530	ENSG00000171044	0.056997448172024186	0.056997448172024186	0.056997448172024186
AZD0530	ENSG00000130598	0.05688274660842004	0.05688274660842004	0.05688274660842004
AZD0530	ENSG00000100122	0.056879560276989184	0.056879560276989184	0.056879560276989184
AZD0530	ENSG00000196792	0.05682197460625371	0.05682197460625371	0.05682197460625371
AZD0530	ENSG00000182118	0.056799594922955235	0.056799594922955235	0.056799594922955235
AZD0530	LOC100506325	0.05674882116108767	0.05674882116108767	0.05674882116108767
AZD0530	ENSG00000164037	0.05658864078886832	0.05658864078886832	0.05658864078886832
AZD0530	ENSG00000166800	0.05656249685063205	0.05656249685063205	0.05656249685063205
AZD0530	ENSG00000124749	0.05649122681949685	0.05649122681949685	0.05649122681949685
AZD0530	ENSG00000142675	0.05631838382193221	0.05631838382193221	0.05631838382193221
AZD0530	ENSG00000129933	0.056088208704646356	0.056088208704646356	0.056088208704646356
AZD0530	ENSG00000120910	0.056048032546972715	0.056048032546972715	0.056048032546972715
AZD0530	ENSG00000100652	0.05599893201919574	0.05599893201919574	0.05599893201919574
AZD0530	ENSG00000164096	0.0559967534581647	0.0559967534581647	0.0559967534581647
AZD0530	ENSG00000100387	0.05596907398891742	0.05596907398891742	0.05596907398891742
AZD0530	ENSG00000181995	0.055856988558573364	0.055856988558573364	0.055856988558573364
AZD0530	ENSG00000183134	0.05583628894244677	0.05583628894244677	0.05583628894244677
AZD0530	ENSG00000197081	0.055650912348105604	0.055650912348105604	0.055650912348105604
AZD0530	ENSG00000124733	0.055466855701701026	0.055466855701701026	0.055466855701701026
AZD0530	ENSG00000163453	0.05543476141727895	0.05543476141727895	0.05543476141727895
AZD0530	ENSG00000143867	0.055355428812798785	0.055355428812798785	0.055355428812798785
AZD0530	ENSG00000168884	0.055288356170948044	0.055288356170948044	0.055288356170948044
AZD0530	LOC729799	0.05522549536524653	0.05522549536524653	0.05522549536524653
AZD0530	ENSG00000106031	0.055121501703112676	0.055121501703112676	0.055121501703112676
AZD0530	LOC100132354	0.05487556345995831	0.05487556345995831	0.05487556345995831
AZD0530	ENSG00000087008	0.05475846643891127	0.05475846643891127	0.05475846643891127
AZD0530	ENSG00000027869	0.05452062441838845	0.05452062441838845	0.05452062441838845
AZD0530	ENSG00000175054	0.05447032715122908	0.05447032715122908	0.05447032715122908
AZD0530	LOC286467	0.05438350870920747	0.05438350870920747	0.05438350870920747
AZD0530	ENSG00000103024	0.054233769377091505	0.054233769377091505	0.054233769377091505
AZD0530	ENSG00000102317	0.054192946842065166	0.054192946842065166	0.054192946842065166
AZD0530	ENSG00000136630	0.05407781355195813	0.05407781355195813	0.05407781355195813
AZD0530	ENSG00000237048	0.053846554848648656	0.053846554848648656	0.053846554848648656
AZD0530	LOC100505474	0.05383766009616649	0.05383766009616649	0.05383766009616649
AZD0530	ENSG00000147457	0.05373604908573204	0.05373604908573204	0.05373604908573204
AZD0530	C4orf42	0.05371444664979791	0.05371444664979791	0.05371444664979791
AZD0530	ENSG00000090612	0.053640872953002044	0.053640872953002044	0.053640872953002044
AZD0530	ENSG00000168878	0.05348660864298056	0.05348660864298056	0.05348660864298056
AZD0530	ENSG00000167202	0.053454939800499514	0.053454939800499514	0.053454939800499514
AZD0530	ENSG00000074966	0.05344600366881545	0.05344600366881545	0.05344600366881545
AZD0530	ENSG00000070718	0.05343059771470125	0.05343059771470125	0.05343059771470125
AZD0530	ENSG00000162929	0.05329564535265463	0.05329564535265463	0.05329564535265463
AZD0530	ENSG00000113583	0.053248271312636326	0.053248271312636326	0.053248271312636326
AZD0530	ENSG00000163006	0.05319977642463114	0.05319977642463114	0.05319977642463114
AZD0530	ENSG00000153066	0.05316126369219486	0.05316126369219486	0.05316126369219486
AZD0530	ODZ1	0.05315899430143463	0.05315899430143463	0.05315899430143463
AZD0530	ENSG00000172888	0.053105960618679865	0.053105960618679865	0.053105960618679865
AZD0530	ENSG00000074219	0.05302967980666047	0.05302967980666047	0.05302967980666047
AZD0530	ENSG00000142798	0.053002990754954994	0.053002990754954994	0.053002990754954994
AZD0530	ENSG00000132334	0.05297296657572309	0.05297296657572309	0.05297296657572309
AZD0530	ENSG00000197147	0.05294433744065644	0.05294433744065644	0.05294433744065644
AZD0530	ENSG00000151835	0.052515172321949646	0.052515172321949646	0.052515172321949646
AZD0530	LOC100506791	0.0525051664539692	0.0525051664539692	0.0525051664539692
AZD0530	ENSG00000211793	0.05240731081595252	0.05240731081595252	0.05240731081595252
AZD0530	ENSG00000103269	0.052395421262970907	0.052395421262970907	0.052395421262970907
AZD0530	FLJ32955	0.05239209362118162	0.05239209362118162	0.05239209362118162
AZD0530	ENSG00000166046	0.052330690735467957	0.052330690735467957	0.052330690735467957
AZD0530	ENSG00000166123	0.05231670415075388	0.05231670415075388	0.05231670415075388
AZD0530	ENSG00000186193	0.052236751616673224	0.052236751616673224	0.052236751616673224
AZD0530	ENSG00000213190	0.05195053916124533	0.05195053916124533	0.05195053916124533
AZD0530	ENSG00000166848	0.0518939654896724	0.0518939654896724	0.0518939654896724
AZD0530	ENSG00000174016	0.05182983575902169	0.05182983575902169	0.05182983575902169
AZD0530	ENSG00000140455	0.051725995962773275	0.051725995962773275	0.051725995962773275
AZD0530	ENSG00000172366	0.051674903738466886	0.051674903738466886	0.051674903738466886
AZD0530	ENSG00000104976	0.051598253033700255	0.051598253033700255	0.051598253033700255
AZD0530	ENSG00000185002	0.05158868995899448	0.05158868995899448	0.05158868995899448
AZD0530	ENSG00000180953	0.051567881975978266	0.051567881975978266	0.051567881975978266
AZD0530	ENSG00000105366	0.051481718846211263	0.051481718846211263	0.051481718846211263
AZD0530	ENSG00000240288	0.05136474563115536	0.05136474563115536	0.05136474563115536
AZD0530	ENSG00000149452	0.05126424036851381	0.05126424036851381	0.05126424036851381
AZD0530	ENSG00000095713	0.051253730810153816	0.051253730810153816	0.051253730810153816
AZD0530	ENSG00000165495	0.051234778498826815	0.051234778498826815	0.051234778498826815
AZD0530	ENSG00000119203	0.05118666477720057	0.05118666477720057	0.05118666477720057
AZD0530	ENSG00000142494	0.05118315403146636	0.05118315403146636	0.05118315403146636
AZD0530	ENSG00000162639	0.05113055676431745	0.05113055676431745	0.05113055676431745
AZD0530	ENSG00000145757	0.0509477289853577	0.0509477289853577	0.0509477289853577
AZD0530	ENSG00000154589	0.05083391912288246	0.05083391912288246	0.05083391912288246
AZD0530	ENSG00000183048	0.05078767314252371	0.05078767314252371	0.05078767314252371
AZD0530	C12orf12	0.050775953845531116	0.050775953845531116	0.050775953845531116
AZD0530	ENSG00000100162	0.05076658665423683	0.05076658665423683	0.05076658665423683
AZD0530	LOC100507360	0.05069651194257172	0.05069651194257172	0.05069651194257172
AZD0530	ENSG00000162552	0.05062642662224187	0.05062642662224187	0.05062642662224187
AZD0530	ENSG00000138378	0.05027744212551761	0.05027744212551761	0.05027744212551761
AZD0530	ENSG00000162772	0.05023695287018588	0.05023695287018588	0.05023695287018588
AZD0530	ENSG00000138018	0.05019427193548483	0.05019427193548483	0.05019427193548483
AZD0530	ENSG00000075275	0.05010829096546506	0.05010829096546506	0.05010829096546506
AZD0530	ENSG00000078618	0.050091055937116276	0.050091055937116276	0.050091055937116276
AZD0530	ENSG00000109466	0.04997477957084879	0.04997477957084879	0.04997477957084879
AZD0530	LOC100506247	0.04993571359217431	0.04993571359217431	0.04993571359217431
AZD0530	LOC100131655	0.04981703239323768	0.04981703239323768	0.04981703239323768
AZD0530	ENSG00000135002	0.04976940402643303	0.04976940402643303	0.04976940402643303
AZD0530	ENSG00000058729	0.049675084530789594	0.049675084530789594	0.049675084530789594
AZD0530	LOC401134	0.04965948861057676	0.04965948861057676	0.04965948861057676
AZD0530	ENSG00000116857	0.0495756575345546	0.0495756575345546	0.0495756575345546
AZD0530	ENSG00000122741	0.04957263188867689	0.04957263188867689	0.04957263188867689
AZD0530	ENSG00000080824	0.049563301979005506	0.049563301979005506	0.049563301979005506
AZD0530	ENSG00000278243	0.04955875330604544	0.04955875330604544	0.04955875330604544
AZD0530	ENSG00000186648	0.0495089825956762	0.0495089825956762	0.0495089825956762
AZD0530	ENSG00000184857	0.04950113747612897	0.04950113747612897	0.04950113747612897
AZD0530	ENSG00000105755	0.04941733440863625	0.04941733440863625	0.04941733440863625
AZD0530	ENSG00000144868	0.04937849165939011	0.04937849165939011	0.04937849165939011
AZD0530	ENSG00000173638	0.04917014349742926	0.04917014349742926	0.04917014349742926
AZD0530	ENSG00000123143	0.04908431052439673	0.04908431052439673	0.04908431052439673
AZD0530	ENSG00000025800	0.04907895412233172	0.04907895412233172	0.04907895412233172
AZD0530	ENSG00000142910	0.04905848350419848	0.04905848350419848	0.04905848350419848
AZD0530	ENSG00000278194	0.04904382525496846	0.04904382525496846	0.04904382525496846
AZD0530	ENSG00000262788	0.04892777092335255	0.04892777092335255	0.04892777092335255
AZD0530	ENSG00000119900	0.04886464637847655	0.04886464637847655	0.04886464637847655
AZD0530	ENSG00000278843	0.04878262623519023	0.04878262623519023	0.04878262623519023
AZD0530	MIR29C	0.04876082259897155	0.04876082259897155	0.04876082259897155
AZD0530	ENSG00000149972	0.04859188977372411	0.04859188977372411	0.04859188977372411
AZD0530	ENSG00000103253	0.04857409415493198	0.04857409415493198	0.04857409415493198
AZD0530	ENSG00000118242	0.04849844007867589	0.04849844007867589	0.04849844007867589
AZD0530	ENSG00000275499	0.048456113503653184	0.048456113503653184	0.048456113503653184
AZD0530	LOC643037	0.04836964685987526	0.04836964685987526	0.04836964685987526
AZD0530	ENSG00000198843	0.04834029127834693	0.04834029127834693	0.04834029127834693
AZD0530	ENSG00000186260	0.04824359580807105	0.04824359580807105	0.04824359580807105
AZD0530	ENSG00000187688	0.04816302592404923	0.04816302592404923	0.04816302592404923
AZD0530	ENSG00000204104	0.04815342931557455	0.04815342931557455	0.04815342931557455
AZD0530	LOC613126	0.04810919003479715	0.04810919003479715	0.04810919003479715
AZD0530	ENSG00000129932	0.04809572154390034	0.04809572154390034	0.04809572154390034
AZD0530	ENSG00000235098	0.04806028705138812	0.04806028705138812	0.04806028705138812
AZD0530	ENSG00000185156	0.04804544863613735	0.04804544863613735	0.04804544863613735
AZD0530	ENSG00000156639	0.04790151105590881	0.04790151105590881	0.04790151105590881
AZD0530	LOC100507391	0.047758340111592586	0.047758340111592586	0.047758340111592586
AZD0530	ENSG00000175315	0.04771282630137923	0.04771282630137923	0.04771282630137923
AZD0530	EFHA2	0.04770705122670931	0.04770705122670931	0.04770705122670931
AZD0530	ENSG00000089048	0.047639611869745344	0.047639611869745344	0.047639611869745344
AZD0530	ENSG00000138271	0.04763188454983804	0.04763188454983804	0.04763188454983804
AZD0530	ENSG00000135090	0.04753714743131418	0.04753714743131418	0.04753714743131418
AZD0530	ENSG00000253506	0.0474453852320112	0.0474453852320112	0.0474453852320112
AZD0530	ENSG00000063601	0.047415628996215056	0.047415628996215056	0.047415628996215056
AZD0530	ENSG00000072657	0.04741506965405073	0.04741506965405073	0.04741506965405073
AZD0530	ENSG00000145850	0.04700232789154345	0.04700232789154345	0.04700232789154345
AZD0530	ENSG00000211956	0.046918132254811715	0.046918132254811715	0.046918132254811715
AZD0530	ENSG00000110066	0.046773400210732896	0.046773400210732896	0.046773400210732896
AZD0530	ENSG00000172969	0.04676610276051692	0.04676610276051692	0.04676610276051692
AZD0530	ENSG00000106086	0.04673330051119205	0.04673330051119205	0.04673330051119205
AZD0530	C3orf23	0.04657118227944129	0.04657118227944129	0.04657118227944129
AZD0530	ENSG00000196660	0.04633889311449017	0.04633889311449017	0.04633889311449017
AZD0530	ENSG00000212901	0.04616454047255228	0.04616454047255228	0.04616454047255228
AZD0530	ENSG00000117228	0.04609493952346247	0.04609493952346247	0.04609493952346247
AZD0530	ENSG00000064300	0.04596332505537443	0.04596332505537443	0.04596332505537443
AZD0530	ENSG00000130066	0.04596275782949238	0.04596275782949238	0.04596275782949238
AZD0530	ENSG00000176194	0.04591538923240801	0.04591538923240801	0.04591538923240801
AZD0530	ENSG00000158402	0.045855564056376974	0.045855564056376974	0.045855564056376974
AZD0530	ENSG00000140749	0.04580635935273085	0.04580635935273085	0.04580635935273085
AZD0530	ENSG00000008294	0.045795711090220924	0.045795711090220924	0.045795711090220924
AZD0530	ENSG00000142224	0.045659525007597374	0.045659525007597374	0.045659525007597374
AZD0530	ENSG00000144021	0.04557592379360476	0.04557592379360476	0.04557592379360476
AZD0530	ENSG00000135451	0.04523479454265513	0.04523479454265513	0.04523479454265513
AZD0530	ENSG00000131037	0.0451737068360211	0.0451737068360211	0.0451737068360211
AZD0530	ENSG00000188992	0.04509166401179379	0.04509166401179379	0.04509166401179379
AZD0530	ENSG00000232307	0.045002072456864536	0.045002072456864536	0.045002072456864536
AZD0530	ENSG00000115318	0.04499030822720062	0.04499030822720062	0.04499030822720062
AZD0530	AOC4	0.04497926218951236	0.04497926218951236	0.04497926218951236
AZD0530	ENSG00000134954	0.044934405456545846	0.044934405456545846	0.044934405456545846
AZD0530	ENSG00000139197	0.04492450640663999	0.04492450640663999	0.04492450640663999
AZD0530	ENSG00000198783	0.04477062829962454	0.04477062829962454	0.04477062829962454
AZD0530	ENSG00000104722	0.04472138796139089	0.04472138796139089	0.04472138796139089
AZD0530	ENSG00000176771	0.04465018555379341	0.04465018555379341	0.04465018555379341
AZD0530	ENSG00000156463	0.04457270018319756	0.04457270018319756	0.04457270018319756
AZD0530	ENSG00000114331	0.044423744918031735	0.044423744918031735	0.044423744918031735
AZD0530	ENSG00000126467	0.04412510427406616	0.04412510427406616	0.04412510427406616
AZD0530	ENSG00000135503	0.044110576262306536	0.044110576262306536	0.044110576262306536
AZD0530	ENSG00000079819	0.04409033198640862	0.04409033198640862	0.04409033198640862
AZD0530	ENSG00000158258	0.04394095149797156	0.04394095149797156	0.04394095149797156
AZD0530	ENSG00000121749	0.0439304449212901	0.0439304449212901	0.0439304449212901
AZD0530	ENSG00000120265	0.04392963187395035	0.04392963187395035	0.04392963187395035
AZD0530	ENSG00000107929	0.043810299944380605	0.043810299944380605	0.043810299944380605
AZD0530	ENSG00000095203	0.04377180189230719	0.04377180189230719	0.04377180189230719
AZD0530	LOC100287216	0.04371224384048164	0.04371224384048164	0.04371224384048164
AZD0530	ENSG00000123810	0.043618856974658574	0.043618856974658574	0.043618856974658574
AZD0530	ENSG00000163914	0.04360626958770957	0.04360626958770957	0.04360626958770957
AZD0530	ENSG00000146267	0.04353653956635049	0.04353653956635049	0.04353653956635049
AZD0530	ENSG00000241258	0.04353065927563762	0.04353065927563762	0.04353065927563762
AZD0530	ENSG00000138182	0.04333010767330704	0.04333010767330704	0.04333010767330704
AZD0530	ENSG00000066084	0.043248755701016224	0.043248755701016224	0.043248755701016224
AZD0530	ENSG00000149735	0.04323313575252677	0.04323313575252677	0.04323313575252677
AZD0530	ENSG00000112855	0.04322162884322211	0.04322162884322211	0.04322162884322211
AZD0530	ENSG00000007923	0.04321484904987176	0.04321484904987176	0.04321484904987176
AZD0530	ENSG00000142252	0.042874628074446815	0.042874628074446815	0.042874628074446815
AZD0530	ENSG00000227051	0.0428740204023785	0.0428740204023785	0.0428740204023785
AZD0530	ENSG00000134762	0.0427762444056729	0.0427762444056729	0.0427762444056729
AZD0530	ENSG00000163633	0.04269404679420992	0.04269404679420992	0.04269404679420992
AZD0530	LOC100505783	0.042596045908698164	0.042596045908698164	0.042596045908698164
AZD0530	ENSG00000127191	0.04256642166958589	0.04256642166958589	0.04256642166958589
AZD0530	LOC100506655	0.04248477044360821	0.04248477044360821	0.04248477044360821
AZD0530	ENSG00000188229	0.04239524835589888	0.04239524835589888	0.04239524835589888
AZD0530	ENSG00000183706	0.042200886221397074	0.042200886221397074	0.042200886221397074
AZD0530	ENSG00000185674	0.041993632279111126	0.041993632279111126	0.041993632279111126
AZD0530	ENSG00000166595	0.04198349421337641	0.04198349421337641	0.04198349421337641
AZD0530	ENSG00000166897	0.04196204505071487	0.04196204505071487	0.04196204505071487
AZD0530	ENSG00000183625	0.04193675147368091	0.04193675147368091	0.04193675147368091
AZD0530	ENSG00000082497	0.04186609940774968	0.04186609940774968	0.04186609940774968
AZD0530	C1orf88	0.04174845231498866	0.04174845231498866	0.04174845231498866
AZD0530	ENSG00000166337	0.04161495378697606	0.04161495378697606	0.04161495378697606
AZD0530	ENSG00000102870	0.041490237966157695	0.041490237966157695	0.041490237966157695
AZD0530	ENSG00000132676	0.04128050404262391	0.04128050404262391	0.04128050404262391
AZD0530	ENSG00000113555	0.04119622532460661	0.04119622532460661	0.04119622532460661
AZD0530	ENSG00000188243	0.04107181973762137	0.04107181973762137	0.04107181973762137
AZD0530	ENSG00000134910	0.04105910859319184	0.04105910859319184	0.04105910859319184
AZD0530	ENSG00000157538	0.0408875382296904	0.0408875382296904	0.0408875382296904
AZD0530	ENSG00000108861	0.04066242995829597	0.04066242995829597	0.04066242995829597
AZD0530	ENSG00000150676	0.0405012244613959	0.0405012244613959	0.0405012244613959
AZD0530	ENSG00000136244	0.04048431036644594	0.04048431036644594	0.04048431036644594
AZD0530	ENSG00000148346	0.0404671713036942	0.0404671713036942	0.0404671713036942
AZD0530	ENSG00000175826	0.040405976564964564	0.040405976564964564	0.040405976564964564
AZD0530	ENSG00000196542	0.040377033404379856	0.040377033404379856	0.040377033404379856
AZD0530	ENSG00000156802	0.04035489884059815	0.04035489884059815	0.04035489884059815
AZD0530	ENSG00000185721	0.040306898515911585	0.040306898515911585	0.040306898515911585
AZD0530	ENSG00000104093	0.040205445200875836	0.040205445200875836	0.040205445200875836
AZD0530	ENSG00000108175	0.040205338067074485	0.040205338067074485	0.040205338067074485
AZD0530	ENSG00000072121	0.04012260284336431	0.04012260284336431	0.04012260284336431
AZD0530	LOC100652824	0.03998476875729654	0.03998476875729654	0.03998476875729654
AZD0530	ENSG00000140688	0.03988784025993211	0.03988784025993211	0.03988784025993211
AZD0530	ENSG00000146049	0.039877564132154326	0.039877564132154326	0.039877564132154326
AZD0530	ENSG00000151148	0.039819348449612796	0.039819348449612796	0.039819348449612796
AZD0530	LOC100506128	0.039818672634940926	0.039818672634940926	0.039818672634940926
AZD0530	ENSG00000205277	0.0397315205994213	0.0397315205994213	0.0397315205994213
AZD0530	ENSG00000145949	0.03966030956808373	0.03966030956808373	0.03966030956808373
AZD0530	ENSG00000171824	0.03930621328965145	0.03930621328965145	0.03930621328965145
AZD0530	ENSG00000197826	0.03927857020388717	0.03927857020388717	0.03927857020388717
AZD0530	ENSG00000205502	0.03927424726976488	0.03927424726976488	0.03927424726976488
AZD0530	ENSG00000154309	0.03907762812527608	0.03907762812527608	0.03907762812527608
AZD0530	ENSG00000120251	0.03900154746741404	0.03900154746741404	0.03900154746741404
AZD0530	ENSG00000147804	0.03899191526030271	0.03899191526030271	0.03899191526030271
AZD0530	ENSG00000179403	0.0389820420376099	0.0389820420376099	0.0389820420376099
AZD0530	ENSG00000162892	0.038776343104304944	0.038776343104304944	0.038776343104304944
AZD0530	ENSG00000075415	0.03877133857431187	0.03877133857431187	0.03877133857431187
AZD0530	LRG_218	0.038738049814001335	0.038738049814001335	0.038738049814001335
AZD0530	ENSG00000088035	0.03855677823621373	0.03855677823621373	0.03855677823621373
AZD0530	ENSG00000165804	0.03846628347761788	0.03846628347761788	0.03846628347761788
AZD0530	LOC100506274	0.03843023177535141	0.03843023177535141	0.03843023177535141
AZD0530	ENSG00000180910	0.038357440704212695	0.038357440704212695	0.038357440704212695
AZD0530	ENSG00000130649	0.03834904987861807	0.03834904987861807	0.03834904987861807
AZD0530	ENSG00000120334	0.03831372996973665	0.03831372996973665	0.03831372996973665
AZD0530	ENSG00000157782	0.038207274655605014	0.038207274655605014	0.038207274655605014
AZD0530	ENSG00000175073	0.03815986463057596	0.03815986463057596	0.03815986463057596
AZD0530	ENSG00000205336	0.038152158763460786	0.038152158763460786	0.038152158763460786
AZD0530	ENSG00000165511	0.03802682539302275	0.03802682539302275	0.03802682539302275
AZD0530	ENSG00000164379	0.03801501860636687	0.03801501860636687	0.03801501860636687
AZD0530	ENSG00000105671	0.037954697490800736	0.037954697490800736	0.037954697490800736
AZD0530	ENSG00000119737	0.03793195828992506	0.03793195828992506	0.03793195828992506
AZD0530	ENSG00000171517	0.037919357255038685	0.037919357255038685	0.037919357255038685
AZD0530	ENSG00000211976	0.03773281537607226	0.03773281537607226	0.03773281537607226
AZD0530	ENSG00000182957	0.03764107192839845	0.03764107192839845	0.03764107192839845
AZD0530	ENSG00000049130	0.03740183153505675	0.03740183153505675	0.03740183153505675
AZD0530	ENSG00000139496	0.03728013730593941	0.03728013730593941	0.03728013730593941
AZD0530	ENSG00000137168	0.0372292364368687	0.0372292364368687	0.0372292364368687
AZD0530	ENSG00000180543	0.03720352792931646	0.03720352792931646	0.03720352792931646
AZD0530	ENSG00000004399	0.037155449889501584	0.037155449889501584	0.037155449889501584
AZD0530	ENSG00000144744	0.03709695434775045	0.03709695434775045	0.03709695434775045
AZD0530	ENSG00000174156	0.03706722874071468	0.03706722874071468	0.03706722874071468
AZD0530	ENSG00000256525	0.03699001796308993	0.03699001796308993	0.03699001796308993
AZD0530	LOC100128361	0.036940728175149484	0.036940728175149484	0.036940728175149484
AZD0530	ENSG00000170689	0.03677323379570282	0.03677323379570282	0.03677323379570282
AZD0530	ENSG00000130150	0.036665318992161106	0.036665318992161106	0.036665318992161106
AZD0530	ENSG00000204442	0.036656201835822855	0.036656201835822855	0.036656201835822855
AZD0530	ENSG00000167525	0.03646777051294803	0.03646777051294803	0.03646777051294803
AZD0530	ENSG00000158497	0.036356010353149906	0.036356010353149906	0.036356010353149906
AZD0530	ENSG00000173960	0.03630966647863614	0.03630966647863614	0.03630966647863614
AZD0530	ENSG00000146670	0.03627103306772202	0.03627103306772202	0.03627103306772202
AZD0530	ENSG00000100036	0.0361814676781274	0.0361814676781274	0.0361814676781274
AZD0530	ENSG00000087253	0.0361390187929952	0.0361390187929952	0.0361390187929952
AZD0530	ENSG00000198203	0.03578832199661607	0.03578832199661607	0.03578832199661607
AZD0530	ENSG00000112335	0.03565434754808343	0.03565434754808343	0.03565434754808343
AZD0530	ENSG00000169282	0.035650216500477325	0.035650216500477325	0.035650216500477325
AZD0530	ENSG00000104812	0.03560898089265233	0.03560898089265233	0.03560898089265233
AZD0530	ENSG00000188993	0.035600908097010005	0.035600908097010005	0.035600908097010005
AZD0530	ENSG00000064835	0.03556398929309604	0.03556398929309604	0.03556398929309604
AZD0530	C4orf34	0.03552307116698189	0.03552307116698189	0.03552307116698189
AZD0530	ENSG00000124222	0.03535215604459233	0.03535215604459233	0.03535215604459233
AZD0530	ENSG00000120437	0.035303909129237955	0.035303909129237955	0.035303909129237955
AZD0530	ENSG00000109171	0.03520400684477504	0.03520400684477504	0.03520400684477504
AZD0530	ENSG00000246731	0.03511023058408584	0.03511023058408584	0.03511023058408584
AZD0530	ENSG00000156298	0.035100373696312935	0.035100373696312935	0.035100373696312935
AZD0530	ENSG00000104332	0.035030509729710044	0.035030509729710044	0.035030509729710044
AZD0530	ENSG00000135299	0.034958072233695986	0.034958072233695986	0.034958072233695986
AZD0530	ENSG00000187325	0.034920219454003996	0.034920219454003996	0.034920219454003996
AZD0530	ENSG00000184828	0.0348334636542354	0.0348334636542354	0.0348334636542354
AZD0530	ENSG00000163938	0.0348324815542071	0.0348324815542071	0.0348324815542071
AZD0530	ENSG00000176393	0.034817965662373274	0.034817965662373274	0.034817965662373274
AZD0530	ENSG00000167964	0.03461358497294897	0.03461358497294897	0.03461358497294897
AZD0530	ENSG00000154359	0.03452003932554556	0.03452003932554556	0.03452003932554556
AZD0530	ENSG00000213988	0.03440678633323067	0.03440678633323067	0.03440678633323067
AZD0530	ENSG00000181786	0.03439102421267181	0.03439102421267181	0.03439102421267181
AZD0530	ENSG00000178814	0.034296453319956025	0.034296453319956025	0.034296453319956025
AZD0530	ENSG00000123609	0.03418496641351862	0.03418496641351862	0.03418496641351862
AZD0530	ENSG00000125484	0.03408764476398217	0.03408764476398217	0.03408764476398217
AZD0530	ENSG00000247092	0.034047078730716364	0.034047078730716364	0.034047078730716364
AZD0530	ENSG00000185842	0.033905342601170375	0.033905342601170375	0.033905342601170375
AZD0530	ENSG00000214783	0.03386834247333416	0.03386834247333416	0.03386834247333416
AZD0530	ENSG00000029725	0.033814988203406456	0.033814988203406456	0.033814988203406456
AZD0530	ENSG00000148841	0.03378570605035907	0.03378570605035907	0.03378570605035907
AZD0530	C9orf38	0.03364595868857021	0.03364595868857021	0.03364595868857021
AZD0530	ENSG00000185236	0.03352696501587994	0.03352696501587994	0.03352696501587994
AZD0530	ENSG00000173389	0.03349868457523032	0.03349868457523032	0.03349868457523032
AZD0530	ENSG00000105778	0.03336639446420536	0.03336639446420536	0.03336639446420536
AZD0530	ENSG00000118946	0.03329669453960743	0.03329669453960743	0.03329669453960743
AZD0530	LOC100505730	0.03316913589496176	0.03316913589496176	0.03316913589496176
AZD0530	ENSG00000152128	0.03311920725640975	0.03311920725640975	0.03311920725640975
AZD0530	ENSG00000165527	0.033106385805887276	0.033106385805887276	0.033106385805887276
AZD0530	ENSG00000228859	0.032980883040287276	0.032980883040287276	0.032980883040287276
AZD0530	ENSG00000135108	0.03293881148393794	0.03293881148393794	0.03293881148393794
AZD0530	ENSG00000132763	0.032912151098711026	0.032912151098711026	0.032912151098711026
AZD0530	ENSG00000179111	0.0327655779834611	0.0327655779834611	0.0327655779834611
AZD0530	ENSG00000143891	0.03274491283837275	0.03274491283837275	0.03274491283837275
AZD0530	ENSG00000005194	0.032703320829817396	0.032703320829817396	0.032703320829817396
AZD0530	ENSG00000124232	0.03266163014401796	0.03266163014401796	0.03266163014401796
AZD0530	ENSG00000245910	0.03257882297703743	0.03257882297703743	0.03257882297703743
AZD0530	ENSG00000103067	0.032512795095231625	0.032512795095231625	0.032512795095231625
AZD0530	ENSG00000162188	0.032482035807575374	0.032482035807575374	0.032482035807575374
AZD0530	ENSG00000243441	0.032479649210037674	0.032479649210037674	0.032479649210037674
AZD0530	ENSG00000105219	0.03240155540757334	0.03240155540757334	0.03240155540757334
AZD0530	ENSG00000196218	0.03226423476282924	0.03226423476282924	0.03226423476282924
AZD0530	ENSG00000261701	0.03220021457596226	0.03220021457596226	0.03220021457596226
AZD0530	ENSG00000166889	0.032107856643485616	0.032107856643485616	0.032107856643485616
AZD0530	ENSG00000108587	0.0320750346687489	0.0320750346687489	0.0320750346687489
AZD0530	ENSG00000048707	0.03196802897245969	0.03196802897245969	0.03196802897245969
AZD0530	ENSG00000011566	0.031835958256174135	0.031835958256174135	0.031835958256174135
AZD0530	ENSG00000224318	0.03173886708599557	0.03173886708599557	0.03173886708599557
AZD0530	ENSG00000139219	0.03145661697798975	0.03145661697798975	0.03145661697798975
AZD0530	ENSG00000069345	0.03125146581068682	0.03125146581068682	0.03125146581068682
AZD0530	ENSG00000007038	0.031225467910903085	0.031225467910903085	0.031225467910903085
AZD0530	ENSG00000101222	0.031145091643834194	0.031145091643834194	0.031145091643834194
AZD0530	ENSG00000106123	0.031115004905989514	0.031115004905989514	0.031115004905989514
AZD0530	ENSG00000167985	0.031077537001022757	0.031077537001022757	0.031077537001022757
AZD0530	ENSG00000275111	0.030867974338731893	0.030867974338731893	0.030867974338731893
AZD0530	ENSG00000232388	0.030853968044262388	0.030853968044262388	0.030853968044262388
AZD0530	ENSG00000063322	0.03085009602957369	0.03085009602957369	0.03085009602957369
AZD0530	ENSG00000198785	0.03067637056845201	0.03067637056845201	0.03067637056845201
AZD0530	ENSG00000140367	0.030642556429725454	0.030642556429725454	0.030642556429725454
AZD0530	ENSG00000183873	0.030592145144368463	0.030592145144368463	0.030592145144368463
AZD0530	ENSG00000132561	0.030573406535858303	0.030573406535858303	0.030573406535858303
AZD0530	ENSG00000148541	0.03047592107919721	0.03047592107919721	0.03047592107919721
AZD0530	C18orf34	0.030452320660185984	0.030452320660185984	0.030452320660185984
AZD0530	ENSG00000106336	0.030394264460921912	0.030394264460921912	0.030394264460921912
AZD0530	ENSG00000164609	0.030280494380247155	0.030280494380247155	0.030280494380247155
AZD0530	ENSG00000129255	0.03011609457401508	0.03011609457401508	0.03011609457401508
AZD0530	LOC728769	0.030091947868930453	0.030091947868930453	0.030091947868930453
AZD0530	ENSG00000166747	0.03002050450324164	0.03002050450324164	0.03002050450324164
AZD0530	ENSG00000109072	0.02980393087000026	0.02980393087000026	0.02980393087000026
AZD0530	ENSG00000055957	0.029670541883649225	0.029670541883649225	0.029670541883649225
AZD0530	ENSG00000164039	0.02965835066164161	0.02965835066164161	0.02965835066164161
AZD0530	ENSG00000186860	0.02953707562104158	0.02953707562104158	0.02953707562104158
AZD0530	ENSG00000163468	0.029436258921181638	0.029436258921181638	0.029436258921181638
AZD0530	ENSG00000160207	0.029370691626051035	0.029370691626051035	0.029370691626051035
AZD0530	ENSG00000172469	0.02930687740311181	0.02930687740311181	0.02930687740311181
AZD0530	ENSG00000164978	0.029204880872518945	0.029204880872518945	0.029204880872518945
AZD0530	ENSG00000163517	0.029048024278370266	0.029048024278370266	0.029048024278370266
AZD0530	ENSG00000131748	0.029036427847740614	0.029036427847740614	0.029036427847740614
AZD0530	ENSG00000138668	0.028927184326389088	0.028927184326389088	0.028927184326389088
AZD0530	ENSG00000137869	0.028901117185686217	0.028901117185686217	0.028901117185686217
AZD0530	ENSG00000131931	0.02888997524209387	0.02888997524209387	0.02888997524209387
AZD0530	ENSG00000108828	0.028859333633585164	0.028859333633585164	0.028859333633585164
AZD0530	ENSG00000169744	0.02882456062085475	0.02882456062085475	0.02882456062085475
AZD0530	ENSG00000166133	0.028775832507367625	0.028775832507367625	0.028775832507367625
AZD0530	ENSG00000054793	0.028726642116209376	0.028726642116209376	0.028726642116209376
AZD0530	ENSG00000185149	0.02871741333211168	0.02871741333211168	0.02871741333211168
AZD0530	ENSG00000205765	0.028574952249878355	0.028574952249878355	0.028574952249878355
AZD0530	ENSG00000138442	0.02827195634965901	0.02827195634965901	0.02827195634965901
AZD0530	ENSG00000188037	0.028164386342849772	0.028164386342849772	0.028164386342849772
AZD0530	ENSG00000005700	0.028078665130932347	0.028078665130932347	0.028078665130932347
AZD0530	ENSG00000109390	0.028015189796032226	0.028015189796032226	0.028015189796032226
AZD0530	ENSG00000167770	0.02788901200238417	0.02788901200238417	0.02788901200238417
AZD0530	ENSG00000163291	0.027888430980295403	0.027888430980295403	0.027888430980295403
AZD0530	ENSG00000135540	0.027884081240943128	0.027884081240943128	0.027884081240943128
AZD0530	ENSG00000197111	0.02756089830667604	0.02756089830667604	0.02756089830667604
AZD0530	ENSG00000079387	0.0275038312957896	0.0275038312957896	0.0275038312957896
AZD0530	ENSG00000061455	0.027375808973691414	0.027375808973691414	0.027375808973691414
AZD0530	LOC390940	0.027232369424210538	0.027232369424210538	0.027232369424210538
AZD0530	ENSG00000198468	0.027215083923685646	0.027215083923685646	0.027215083923685646
AZD0530	LRG_314	0.027097583705155213	0.027097583705155213	0.027097583705155213
AZD0530	ENSG00000188488	0.026973327019197614	0.026973327019197614	0.026973327019197614
AZD0530	PHF2P1	0.026798346879549347	0.026798346879549347	0.026798346879549347
AZD0530	ENSG00000118454	0.026745552758554753	0.026745552758554753	0.026745552758554753
AZD0530	ENSG00000139318	0.026700346635208698	0.026700346635208698	0.026700346635208698
AZD0530	ENSG00000149582	0.026627262623849075	0.026627262623849075	0.026627262623849075
AZD0530	ENSG00000149451	0.02661791124733822	0.02661791124733822	0.02661791124733822
AZD0530	LRG_260	0.02660808244955128	0.02660808244955128	0.02660808244955128
AZD0530	ENSG00000005075	0.026585344807890224	0.026585344807890224	0.026585344807890224
AZD0530	ENSG00000143412	0.026485695924860046	0.026485695924860046	0.026485695924860046
AZD0530	MGC16025	0.026481662483307286	0.026481662483307286	0.026481662483307286
AZD0530	ENSG00000183317	0.02638883610951328	0.02638883610951328	0.02638883610951328
AZD0530	ENSG00000214226	0.026329333385969458	0.026329333385969458	0.026329333385969458
AZD0530	ENSG00000143776	0.026317678875090306	0.026317678875090306	0.026317678875090306
AZD0530	MNF1	0.026302177857999598	0.026302177857999598	0.026302177857999598
AZD0530	ENSG00000114993	0.02624445168485879	0.02624445168485879	0.02624445168485879
AZD0530	ENSG00000121075	0.02623551794705871	0.02623551794705871	0.02623551794705871
AZD0530	ENSG00000166743	0.02616681562113768	0.02616681562113768	0.02616681562113768
AZD0530	ENSG00000127743	0.02581587744601126	0.02581587744601126	0.02581587744601126
AZD0530	FLJ25328	0.0257596940940454	0.0257596940940454	0.0257596940940454
AZD0530	ENSG00000112769	0.025716052215564503	0.025716052215564503	0.025716052215564503
AZD0530	ENSG00000104497	0.02567911522115446	0.02567911522115446	0.02567911522115446
AZD0530	ENSG00000156219	0.02566527592677456	0.02566527592677456	0.02566527592677456
AZD0530	ENSG00000104613	0.025619800194488108	0.025619800194488108	0.025619800194488108
AZD0530	ENSG00000026751	0.025617724480827938	0.025617724480827938	0.025617724480827938
AZD0530	ENSG00000118496	0.025589544849684075	0.025589544849684075	0.025589544849684075
AZD0530	ENSG00000223496	0.025542669611886306	0.025542669611886306	0.025542669611886306
AZD0530	ENSG00000151572	0.025497765673499928	0.025497765673499928	0.025497765673499928
AZD0530	ENSG00000186912	0.025443687834419436	0.025443687834419436	0.025443687834419436
AZD0530	ENSG00000140943	0.025372447225011266	0.025372447225011266	0.025372447225011266
AZD0530	ENSG00000130724	0.025312936710115842	0.025312936710115842	0.025312936710115842
AZD0530	ENSG00000106829	0.02522132467724665	0.02522132467724665	0.02522132467724665
AZD0530	ENSG00000143199	0.025056883408411286	0.025056883408411286	0.025056883408411286
AZD0530	ENSG00000221916	0.025015147521573113	0.025015147521573113	0.025015147521573113
AZD0530	ENSG00000180875	0.024956865326116507	0.024956865326116507	0.024956865326116507
AZD0530	ENSG00000163788	0.02491619812846988	0.02491619812846988	0.02491619812846988
AZD0530	ENSG00000123416	0.024905079126014314	0.024905079126014314	0.024905079126014314
AZD0530	ENSG00000102466	0.024857686715331968	0.024857686715331968	0.024857686715331968
AZD0530	ENSG00000248383	0.024781463789408577	0.024781463789408577	0.024781463789408577
AZD0530	ENSG00000162105	0.024672255627055273	0.024672255627055273	0.024672255627055273
AZD0530	ENSG00000197785	0.024562744438759734	0.024562744438759734	0.024562744438759734
AZD0530	ENSG00000146039	0.024498390042427216	0.024498390042427216	0.024498390042427216
AZD0530	ENSG00000162368	0.02432448222108132	0.02432448222108132	0.02432448222108132
AZD0530	ENSG00000272274	0.02423506000595644	0.02423506000595644	0.02423506000595644
AZD0530	LOC100507054	0.024233043045380407	0.024233043045380407	0.024233043045380407
AZD0530	ENSG00000113593	0.02408035716770685	0.02408035716770685	0.02408035716770685
AZD0530	ENSG00000152192	0.023979809549985215	0.023979809549985215	0.023979809549985215
AZD0530	LRG_398	0.02385206350128938	0.02385206350128938	0.02385206350128938
AZD0530	ENSG00000068305	0.023788755368173962	0.023788755368173962	0.023788755368173962
AZD0530	ENSG00000135778	0.023711931745882722	0.023711931745882722	0.023711931745882722
AZD0530	ENSG00000164620	0.023689237673775412	0.023689237673775412	0.023689237673775412
AZD0530	ENSG00000163581	0.02361435213942231	0.02361435213942231	0.02361435213942231
AZD0530	ENSG00000122033	0.023609763170775833	0.023609763170775833	0.023609763170775833
AZD0530	ENSG00000121769	0.023545010521686158	0.023545010521686158	0.023545010521686158
AZD0530	ENSG00000225921	0.023427332893963364	0.023427332893963364	0.023427332893963364
AZD0530	ENSG00000214530	0.023409177931230363	0.023409177931230363	0.023409177931230363
AZD0530	ENSG00000175215	0.023208834681470746	0.023208834681470746	0.023208834681470746
AZD0530	ZNFX1-AS1	0.02314377161502589	0.02314377161502589	0.02314377161502589
AZD0530	LOC100128374	0.02311860543070545	0.02311860543070545	0.02311860543070545
AZD0530	ENSG00000074181	0.023104146308126367	0.023104146308126367	0.023104146308126367
AZD0530	LRG_461	0.023047331989284586	0.023047331989284586	0.023047331989284586
AZD0530	LRG_202	0.023016863345261363	0.023016863345261363	0.023016863345261363
AZD0530	ENSG00000171540	0.02301478416846902	0.02301478416846902	0.02301478416846902
AZD0530	KIAA1826	0.02299094792181856	0.02299094792181856	0.02299094792181856
AZD0530	ENSG00000019169	0.022870981827150822	0.022870981827150822	0.022870981827150822
AZD0530	ENSG00000154217	0.022773717059693284	0.022773717059693284	0.022773717059693284
AZD0530	ENSG00000085433	0.022667458950701633	0.022667458950701633	0.022667458950701633
AZD0530	ENSG00000094755	0.022597926652748006	0.022597926652748006	0.022597926652748006
AZD0530	ENSG00000276155	0.022569441018847527	0.022569441018847527	0.022569441018847527
AZD0530	LOC100287598	0.02242771384216784	0.02242771384216784	0.02242771384216784
AZD0530	C7orf53	0.02240107876818139	0.02240107876818139	0.02240107876818139
AZD0530	ENSG00000166359	0.022307406126961485	0.022307406126961485	0.022307406126961485
AZD0530	ENSG00000276781	0.022296962326952174	0.022296962326952174	0.022296962326952174
AZD0530	LOC100189589	0.022169624092503584	0.022169624092503584	0.022169624092503584
AZD0530	ENSG00000139531	0.022101683907248135	0.022101683907248135	0.022101683907248135
AZD0530	ENSG00000204439	0.022070886255486977	0.022070886255486977	0.022070886255486977
AZD0530	LOC100129550	0.02203357579626052	0.02203357579626052	0.02203357579626052
AZD0530	ENSG00000105135	0.021841240818146396	0.021841240818146396	0.021841240818146396
AZD0530	ENSG00000076321	0.02183932423681375	0.02183932423681375	0.02183932423681375
AZD0530	ENSG00000175928	0.02181239350691571	0.02181239350691571	0.02181239350691571
AZD0530	ENSG00000175414	0.02174930608390886	0.02174930608390886	0.02174930608390886
AZD0530	ENSG00000134901	0.021344691526165447	0.021344691526165447	0.021344691526165447
AZD0530	ENSG00000139832	0.0213110144936541	0.0213110144936541	0.0213110144936541
AZD0530	ENSG00000120458	0.02123347550297648	0.02123347550297648	0.02123347550297648
AZD0530	ENSG00000278216	0.021110420681546643	0.021110420681546643	0.021110420681546643
AZD0530	ENSG00000169122	0.021100309777563893	0.021100309777563893	0.021100309777563893
AZD0530	ENSG00000106511	0.02081317847683196	0.02081317847683196	0.02081317847683196
AZD0530	ENSG00000276476	0.0207335253897027	0.0207335253897027	0.0207335253897027
AZD0530	ENSG00000274671	0.020393555852298857	0.020393555852298857	0.020393555852298857
AZD0530	ENSG00000173083	0.020335508920026096	0.020335508920026096	0.020335508920026096
AZD0530	ENSG00000168781	0.02024578309650411	0.02024578309650411	0.02024578309650411
AZD0530	ENSG00000242412	0.020235684802912275	0.020235684802912275	0.020235684802912275
AZD0530	LOC285375	0.02009129828906277	0.02009129828906277	0.02009129828906277
AZD0530	C20orf3	0.02005849182941458	0.02005849182941458	0.02005849182941458
AZD0530	ENSG00000132388	0.020039535791953816	0.020039535791953816	0.020039535791953816
AZD0530	ENSG00000178951	0.02003872282639835	0.02003872282639835	0.02003872282639835
AZD0530	ENSG00000215845	0.020001640841602154	0.020001640841602154	0.020001640841602154
AZD0530	ENSG00000235706	0.019964268841621623	0.019964268841621623	0.019964268841621623
AZD0530	ENSG00000166188	0.01982029467393513	0.01982029467393513	0.01982029467393513
AZD0530	ENSG00000163794	0.019761872590881698	0.019761872590881698	0.019761872590881698
AZD0530	ENSG00000126777	0.019747341471311936	0.019747341471311936	0.019747341471311936
AZD0530	ENSG00000118217	0.019738360510959806	0.019738360510959806	0.019738360510959806
AZD0530	ENSG00000132912	0.019656436479167986	0.019656436479167986	0.019656436479167986
AZD0530	ENSG00000100591	0.01965294840676945	0.01965294840676945	0.01965294840676945
AZD0530	ENSG00000203797	0.019634792463742532	0.019634792463742532	0.019634792463742532
AZD0530	ENSG00000274131	0.01961102649466731	0.01961102649466731	0.01961102649466731
AZD0530	ENSG00000136144	0.019591332818608514	0.019591332818608514	0.019591332818608514
AZD0530	ENSG00000258713	0.019579081672323546	0.019579081672323546	0.019579081672323546
AZD0530	ENSG00000099385	0.01949625319631234	0.01949625319631234	0.01949625319631234
AZD0530	ENSG00000171431	0.019399733014973122	0.019399733014973122	0.019399733014973122
AZD0530	ENSG00000176102	0.019327266261946918	0.019327266261946918	0.019327266261946918
AZD0530	ENSG00000101849	0.01930726343788352	0.01930726343788352	0.01930726343788352
AZD0530	ENSG00000146904	0.019177773629281764	0.019177773629281764	0.019177773629281764
AZD0530	ENSG00000186723	0.018998594405219536	0.018998594405219536	0.018998594405219536
AZD0530	ENSG00000179477	0.018776820652959637	0.018776820652959637	0.018776820652959637
AZD0530	LRG_55	0.018767393658370487	0.018767393658370487	0.018767393658370487
AZD0530	ENSG00000135048	0.018707357550960584	0.018707357550960584	0.018707357550960584
AZD0530	MGC57346	0.018493160566197545	0.018493160566197545	0.018493160566197545
AZD0530	ENSG00000111678	0.018475142197876097	0.018475142197876097	0.018475142197876097
AZD0530	ENSG00000123739	0.018434974928939203	0.018434974928939203	0.018434974928939203
AZD0530	LOC728084	0.018361900234135163	0.018361900234135163	0.018361900234135163
AZD0530	ERVK13-1	0.018321085635857635	0.018321085635857635	0.018321085635857635
AZD0530	ENSG00000170385	0.018299958345179876	0.018299958345179876	0.018299958345179876
AZD0530	ENSG00000163202	0.01820019731742619	0.01820019731742619	0.01820019731742619
AZD0530	ENSG00000253313	0.018044795770618304	0.018044795770618304	0.018044795770618304
AZD0530	ENSG00000205476	0.01797665522388931	0.01797665522388931	0.01797665522388931
AZD0530	ENSG00000145414	0.017930932362303913	0.017930932362303913	0.017930932362303913
AZD0530	ENSG00000115353	0.017792738649288393	0.017792738649288393	0.017792738649288393
AZD0530	ENSG00000120727	0.017543853574390256	0.017543853574390256	0.017543853574390256
AZD0530	ENSG00000160818	0.017312682138216413	0.017312682138216413	0.017312682138216413
AZD0530	ENSG00000174776	0.01725171510189492	0.01725171510189492	0.01725171510189492
AZD0530	ENSG00000141668	0.01722710085391981	0.01722710085391981	0.01722710085391981
AZD0530	ENSG00000012963	0.017192580479286245	0.017192580479286245	0.017192580479286245
AZD0530	ENSG00000067533	0.017126333100452324	0.017126333100452324	0.017126333100452324
AZD0530	SF3B14	0.01707438177755905	0.01707438177755905	0.01707438177755905
AZD0530	ENSG00000115761	0.017056463309426003	0.017056463309426003	0.017056463309426003
AZD0530	ENSG00000235125	0.016797484440887172	0.016797484440887172	0.016797484440887172
AZD0530	ENSG00000182749	0.016786168983965653	0.016786168983965653	0.016786168983965653
AZD0530	ENSG00000171987	0.016775377646449978	0.016775377646449978	0.016775377646449978
AZD0530	ENSG00000171566	0.016650797197186772	0.016650797197186772	0.016650797197186772
AZD0530	ENSG00000159495	0.016593034644190176	0.016593034644190176	0.016593034644190176
AZD0530	ENSG00000049246	0.01646270152465724	0.01646270152465724	0.01646270152465724
AZD0530	ENSG00000187535	0.016372736650895746	0.016372736650895746	0.016372736650895746
AZD0530	ENSG00000115594	0.016321354233395948	0.016321354233395948	0.016321354233395948
AZD0530	LOC100128164	0.016307486974276194	0.016307486974276194	0.016307486974276194
AZD0530	ENSG00000276537	0.0162692350199367	0.0162692350199367	0.0162692350199367
AZD0530	ENSG00000157020	0.016132754477807158	0.016132754477807158	0.016132754477807158
AZD0530	ENSG00000140374	0.0158705845824463	0.0158705845824463	0.0158705845824463
AZD0530	ENSG00000164366	0.015814012179630816	0.015814012179630816	0.015814012179630816
AZD0530	ENSG00000066739	0.015759528952880207	0.015759528952880207	0.015759528952880207
AZD0530	ENSG00000124496	0.01574673070177279	0.01574673070177279	0.01574673070177279
AZD0530	ENSG00000163599	0.015705301328410623	0.015705301328410623	0.015705301328410623
AZD0530	ENSG00000173868	0.015676795314508517	0.015676795314508517	0.015676795314508517
AZD0530	ENSG00000143507	0.015563685637920398	0.015563685637920398	0.015563685637920398
AZD0530	ENSG00000160785	0.015334914391222044	0.015334914391222044	0.015334914391222044
AZD0530	ENSG00000171222	0.015233697799121686	0.015233697799121686	0.015233697799121686
AZD0530	ENSG00000254997	0.015172834893681528	0.015172834893681528	0.015172834893681528
AZD0530	ENSG00000068976	0.015118076202851204	0.015118076202851204	0.015118076202851204
AZD0530	ENSG00000235966	0.015061401616187093	0.015061401616187093	0.015061401616187093
AZD0530	ENSG00000080371	0.01472440849886109	0.01472440849886109	0.01472440849886109
AZD0530	ENSG00000205413	0.014655721007087964	0.014655721007087964	0.014655721007087964
AZD0530	ENSG00000137500	0.014539031647477541	0.014539031647477541	0.014539031647477541
AZD0530	ENSG00000177398	0.014511760685317204	0.014511760685317204	0.014511760685317204
AZD0530	ENSG00000139233	0.014506195960128034	0.014506195960128034	0.014506195960128034
AZD0530	ENSG00000100234	0.014280470960179646	0.014280470960179646	0.014280470960179646
AZD0530	ENSG00000198934	0.013789289840081818	0.013789289840081818	0.013789289840081818
AZD0530	LRG_727	0.013610438296935094	0.013610438296935094	0.013610438296935094
AZD0530	ENSG00000149328	0.013570957259540843	0.013570957259540843	0.013570957259540843
AZD0530	C10orf40	0.01349926229446649	0.01349926229446649	0.01349926229446649
AZD0530	ENSG00000140830	0.01349920408347296	0.01349920408347296	0.01349920408347296
AZD0530	ENSG00000221937	0.013407791126406913	0.013407791126406913	0.013407791126406913
AZD0530	ENSG00000101187	0.01334056599978742	0.01334056599978742	0.01334056599978742
AZD0530	TM7SF4	0.013284056790747305	0.013284056790747305	0.013284056790747305
AZD0530	ENSG00000065427	0.01326472643044504	0.01326472643044504	0.01326472643044504
AZD0530	ENSG00000136143	0.013256349564258047	0.013256349564258047	0.013256349564258047
AZD0530	ENSG00000123240	0.012990075674425887	0.012990075674425887	0.012990075674425887
AZD0530	ENSG00000203907	0.012721135344207695	0.012721135344207695	0.012721135344207695
AZD0530	LRG_139	0.012639313336187018	0.012639313336187018	0.012639313336187018
AZD0530	ENSG00000255561	0.012503549886214313	0.012503549886214313	0.012503549886214313
AZD0530	LOC643072	0.01238853912985554	0.01238853912985554	0.01238853912985554
AZD0530	ENSG00000081307	0.01210606456798398	0.01210606456798398	0.01210606456798398
AZD0530	ENSG00000116985	0.011939904359266954	0.011939904359266954	0.011939904359266954
AZD0530	CNIH	0.011897818283118127	0.011897818283118127	0.011897818283118127
AZD0530	ENSG00000170759	0.011768043356539545	0.011768043356539545	0.011768043356539545
AZD0530	ENSG00000166396	0.0117610757305523	0.0117610757305523	0.0117610757305523
AZD0530	LOC400940	0.011668184372940897	0.011668184372940897	0.011668184372940897
AZD0530	ENSG00000149927	0.011605314594544294	0.011605314594544294	0.011605314594544294
AZD0530	ENSG00000091640	0.01150822547884676	0.01150822547884676	0.01150822547884676
AZD0530	C7orf23	0.011420529033691142	0.011420529033691142	0.011420529033691142
AZD0530	ENSG00000008988	0.011360671901101547	0.011360671901101547	0.011360671901101547
AZD0530	ENSG00000235715	0.011359556797414478	0.011359556797414478	0.011359556797414478
AZD0530	ENSG00000277015	0.011356720938615788	0.011356720938615788	0.011356720938615788
AZD0530	ENSG00000140995	0.011313965060527873	0.011313965060527873	0.011313965060527873
AZD0530	ENSG00000140471	0.011258716219910371	0.011258716219910371	0.011258716219910371
AZD0530	ENSG00000170515	0.011254495682533729	0.011254495682533729	0.011254495682533729
AZD0530	ENSG00000110011	0.011226072539715441	0.011226072539715441	0.011226072539715441
AZD0530	ENSG00000196440	0.011222390234583013	0.011222390234583013	0.011222390234583013
AZD0530	ENSG00000164082	0.01120925085274472	0.01120925085274472	0.01120925085274472
AZD0530	ENSG00000006116	0.011137237882692786	0.011137237882692786	0.011137237882692786
AZD0530	ENSG00000159307	0.011069479625646795	0.011069479625646795	0.011069479625646795
AZD0530	ENSG00000157873	0.011060395687044585	0.011060395687044585	0.011060395687044585
AZD0530	ENSG00000243251	0.01104060617703326	0.01104060617703326	0.01104060617703326
AZD0530	ENSG00000083937	0.010957220922177184	0.010957220922177184	0.010957220922177184
AZD0530	LOC100289187	0.010950946977274756	0.010950946977274756	0.010950946977274756
AZD0530	LRG_253	0.010935922641753656	0.010935922641753656	0.010935922641753656
AZD0530	MST4	0.010833604618723076	0.010833604618723076	0.010833604618723076
AZD0530	ENSG00000117877	0.010734606070693053	0.010734606070693053	0.010734606070693053
AZD0530	ENSG00000169919	0.010558681541078176	0.010558681541078176	0.010558681541078176
AZD0530	ENSG00000160972	0.010415273660903827	0.010415273660903827	0.010415273660903827
AZD0530	ENSG00000071677	0.010340287006208598	0.010340287006208598	0.010340287006208598
AZD0530	ENSG00000169877	0.010301872338829968	0.010301872338829968	0.010301872338829968
AZD0530	ENSG00000171435	0.010245314418851237	0.010245314418851237	0.010245314418851237
AZD0530	ENSG00000105993	0.010224275180670036	0.010224275180670036	0.010224275180670036
AZD0530	ENSG00000163344	0.010113110008052711	0.010113110008052711	0.010113110008052711
AZD0530	ENSG00000178217	0.0100487293992044	0.0100487293992044	0.0100487293992044
AZD0530	ENSG00000203783	0.00987561755414194	0.00987561755414194	0.00987561755414194
AZD0530	C6orf221	0.009677018915524069	0.009677018915524069	0.009677018915524069
AZD0530	ENSG00000188649	0.009482278400327289	0.009482278400327289	0.009482278400327289
AZD0530	ENSG00000213204	0.009408755163840082	0.009408755163840082	0.009408755163840082
AZD0530	ENSG00000168014	0.009400262427350302	0.009400262427350302	0.009400262427350302
AZD0530	ENSG00000170248	0.00939079988892562	0.00939079988892562	0.00939079988892562
AZD0530	ENSG00000111371	0.009358976759791601	0.009358976759791601	0.009358976759791601
AZD0530	LEPREL1	0.009313151121184469	0.009313151121184469	0.009313151121184469
AZD0530	ENSG00000125675	0.009311267242151625	0.009311267242151625	0.009311267242151625
AZD0530	ENSG00000121904	0.00923336632577114	0.00923336632577114	0.00923336632577114
AZD0530	ENSG00000147223	0.009176625109137887	0.009176625109137887	0.009176625109137887
AZD0530	ENSG00000157510	0.009048978508527263	0.009048978508527263	0.009048978508527263
AZD0530	ENSG00000172724	0.008956917697714008	0.008956917697714008	0.008956917697714008
AZD0530	ENSG00000242242	0.008772041446535678	0.008772041446535678	0.008772041446535678
AZD0530	ENSG00000138190	0.008756151728668107	0.008756151728668107	0.008756151728668107
AZD0530	ENSG00000139629	0.008676729282306426	0.008676729282306426	0.008676729282306426
AZD0530	ENSG00000110696	0.008507871671679101	0.008507871671679101	0.008507871671679101
AZD0530	ENSG00000149428	0.008473375583677688	0.008473375583677688	0.008473375583677688
AZD0530	ENSG00000149090	0.008430446814771288	0.008430446814771288	0.008430446814771288
AZD0530	ENSG00000185231	0.008371166399146342	0.008371166399146342	0.008371166399146342
AZD0530	ENSG00000134489	0.008347596239504682	0.008347596239504682	0.008347596239504682
AZD0530	ENSG00000105402	0.007867815387737587	0.007867815387737587	0.007867815387737587
AZD0530	ENSG00000130643	0.007783081956409433	0.007783081956409433	0.007783081956409433
AZD0530	ENSG00000105088	0.00770883396748412	0.00770883396748412	0.00770883396748412
AZD0530	HOXB-AS5	0.0076425170596956995	0.0076425170596956995	0.0076425170596956995
AZD0530	ENSG00000255833	0.007589588361228825	0.007589588361228825	0.007589588361228825
AZD0530	ENSG00000071575	0.007498947988767586	0.007498947988767586	0.007498947988767586
AZD0530	ENSG00000145476	0.007420946676012096	0.007420946676012096	0.007420946676012096
AZD0530	ENSG00000064763	0.007352695063246196	0.007352695063246196	0.007352695063246196
AZD0530	ENSG00000159516	0.007311272015705582	0.007311272015705582	0.007311272015705582
AZD0530	C9orf96	0.007041791945125916	0.007041791945125916	0.007041791945125916
AZD0530	ENSG00000107798	0.00689866002718072	0.00689866002718072	0.00689866002718072
AZD0530	LRG_614	0.006782712324260675	0.006782712324260675	0.006782712324260675
AZD0530	ENSG00000101846	0.006723415236585578	0.006723415236585578	0.006723415236585578
AZD0530	ENSG00000115392	0.006653933718900539	0.006653933718900539	0.006653933718900539
AZD0530	ENSG00000160570	0.006604538404387867	0.006604538404387867	0.006604538404387867
AZD0530	ENSG00000102003	0.0065772391344521034	0.0065772391344521034	0.0065772391344521034
AZD0530	ENSG00000163273	0.006542263002102654	0.006542263002102654	0.006542263002102654
AZD0530	ENSG00000140398	0.006423203145644393	0.006423203145644393	0.006423203145644393
AZD0530	LOC100131607	0.0064008910182844795	0.0064008910182844795	0.0064008910182844795
AZD0530	C16orf88	0.006330129976245005	0.006330129976245005	0.006330129976245005
AZD0530	ENSG00000169906	0.006301459917825798	0.006301459917825798	0.006301459917825798
AZD0530	ENSG00000086289	0.006296039256752337	0.006296039256752337	0.006296039256752337
AZD0530	LOC648987	0.006269493886619961	0.006269493886619961	0.006269493886619961
AZD0530	ENSG00000168259	0.006244976499237175	0.006244976499237175	0.006244976499237175
AZD0530	ENSG00000163531	0.005827205202346172	0.005827205202346172	0.005827205202346172
AZD0530	ENSG00000167183	0.005821683155550216	0.005821683155550216	0.005821683155550216
AZD0530	ENSG00000141639	0.005820896987915086	0.005820896987915086	0.005820896987915086
AZD0530	ENSG00000244509	0.005755260344063989	0.005755260344063989	0.005755260344063989
AZD0530	ENSG00000147010	0.005733397070538989	0.005733397070538989	0.005733397070538989
AZD0530	ENSG00000262993	0.0056682761103550635	0.0056682761103550635	0.0056682761103550635
AZD0530	ENSG00000068323	0.005667754828844476	0.005667754828844476	0.005667754828844476
AZD0530	ENSG00000185515	0.0056474299262190535	0.0056474299262190535	0.0056474299262190535
AZD0530	ENSG00000116497	0.005584275201134783	0.005584275201134783	0.005584275201134783
AZD0530	ENSG00000137757	0.005554937560738472	0.005554937560738472	0.005554937560738472
AZD0530	ENSG00000149636	0.005471846297543307	0.005471846297543307	0.005471846297543307
AZD0530	ENSG00000121797	0.0054516318385886215	0.0054516318385886215	0.0054516318385886215
AZD0530	ENSG00000112053	0.005342862749161912	0.005342862749161912	0.005342862749161912
AZD0530	ENSG00000181104	0.005335355461555185	0.005335355461555185	0.005335355461555185
AZD0530	C19orf21	0.005175331132629068	0.005175331132629068	0.005175331132629068
AZD0530	ENSG00000143578	0.005172370753910977	0.005172370753910977	0.005172370753910977
AZD0530	ENSG00000165887	0.005169009723370574	0.005169009723370574	0.005169009723370574
AZD0530	ENSG00000119812	0.005105008378542533	0.005105008378542533	0.005105008378542533
AZD0530	LRG_778	0.004693005515532695	0.004693005515532695	0.004693005515532695
AZD0530	ENSG00000109738	0.004680798412039063	0.004680798412039063	0.004680798412039063
AZD0530	ENSG00000136052	0.004675388032589792	0.004675388032589792	0.004675388032589792
AZD0530	ENSG00000140464	0.004657912957800976	0.004657912957800976	0.004657912957800976
AZD0530	ENSG00000101276	0.0044963628620478795	0.0044963628620478795	0.0044963628620478795
AZD0530	ENSG00000101138	0.004404367454683566	0.004404367454683566	0.004404367454683566
AZD0530	ENSG00000119899	0.004391754907270116	0.004391754907270116	0.004391754907270116
AZD0530	ENSG00000133193	0.0043551917919467985	0.0043551917919467985	0.0043551917919467985
AZD0530	ENSG00000152359	0.0043094588589103165	0.0043094588589103165	0.0043094588589103165
AZD0530	ENSG00000169288	0.004294246854930767	0.004294246854930767	0.004294246854930767
AZD0530	ENSG00000146072	0.004231684979000762	0.004231684979000762	0.004231684979000762
AZD0530	ENSG00000233795	0.004078251959477627	0.004078251959477627	0.004078251959477627
AZD0530	ENSG00000070501	0.003864989211679915	0.003864989211679915	0.003864989211679915
AZD0530	ENSG00000102882	0.0038575118927149286	0.0038575118927149286	0.0038575118927149286
AZD0530	NBLA00301	0.0038456690860739144	0.0038456690860739144	0.0038456690860739144
AZD0530	ENSG00000106012	0.0038082396526216158	0.0038082396526216158	0.0038082396526216158
AZD0530	ENSG00000178776	0.0037284851612926547	0.0037284851612926547	0.0037284851612926547
AZD0530	ENSG00000274290	0.0034998265427360438	0.0034998265427360438	0.0034998265427360438
AZD0530	ENSG00000046653	0.0034973685507680916	0.0034973685507680916	0.0034973685507680916
AZD0530	ENSG00000123388	0.0034725782489546217	0.0034725782489546217	0.0034725782489546217
AZD0530	ENSG00000100246	0.00336696121131242	0.00336696121131242	0.00336696121131242
AZD0530	ENSG00000105289	0.003215642587841923	0.003215642587841923	0.003215642587841923
AZD0530	ENSG00000144057	0.0031674073969404364	0.0031674073969404364	0.0031674073969404364
AZD0530	ENSG00000177119	0.0030097459662721594	0.0030097459662721594	0.0030097459662721594
AZD0530	ENSG00000167880	0.0029774826880088383	0.0029774826880088383	0.0029774826880088383
AZD0530	ENSG00000128590	0.00295810505835696	0.00295810505835696	0.00295810505835696
AZD0530	ENSG00000152661	0.0027681635389420994	0.0027681635389420994	0.0027681635389420994
AZD0530	ENSG00000147642	0.0027459906051449513	0.0027459906051449513	0.0027459906051449513
AZD0530	ENSG00000112096	0.002486599456812639	0.002486599456812639	0.002486599456812639
AZD0530	ENSG00000168447	0.002470169999447996	0.002470169999447996	0.002470169999447996
AZD0530	ENSG00000124203	0.0023575461129068456	0.0023575461129068456	0.0023575461129068456
AZD0530	ENSG00000171595	0.0022643583345085976	0.0022643583345085976	0.0022643583345085976
AZD0530	ENSG00000125703	0.002135953578336211	0.002135953578336211	0.002135953578336211
AZD0530	ENSG00000104892	0.0021222494052747115	0.0021222494052747115	0.0021222494052747115
AZD0530	ENSG00000112182	0.0020629352515539505	0.0020629352515539505	0.0020629352515539505
AZD0530	ENSG00000181789	0.002006975904024569	0.002006975904024569	0.002006975904024569
AZD0530	ENSG00000211455	0.0019425011036525107	0.0019425011036525107	0.0019425011036525107
AZD0530	ENSG00000135686	0.0018933708117599187	0.0018933708117599187	0.0018933708117599187
AZD0530	ENSG00000124587	0.0018091083091063376	0.0018091083091063376	0.0018091083091063376
AZD0530	ENSG00000148384	0.001759032793653091	0.001759032793653091	0.001759032793653091
AZD0530	ENSG00000089127	0.0017295456188381444	0.0017295456188381444	0.0017295456188381444
AZD0530	ENSG00000088367	0.0015733816375116973	0.0015733816375116973	0.0015733816375116973
AZD0530	ENSG00000103942	0.0015517882555535773	0.0015517882555535773	0.0015517882555535773
AZD0530	LOC100506561	0.0013533162684823098	0.0013533162684823098	0.0013533162684823098
AZD0530	ENSG00000113360	0.0012133554546305552	0.0012133554546305552	0.0012133554546305552
AZD0530	ENSG00000102290	0.0011481351971469379	0.0011481351971469379	0.0011481351971469379
AZD0530	ENSG00000124479	0.0010550489623797174	0.0010550489623797174	0.0010550489623797174
AZD0530	ENSG00000160194	0.0008514883529056246	0.0008514883529056246	0.0008514883529056246
AZD0530	LOC100134229	0.0007957173929984995	0.0007957173929984995	0.0007957173929984995
AZD0530	ENSG00000152078	0.0007895166231204757	0.0007895166231204757	0.0007895166231204757
AZD0530	LOC728978	0.000749092914141359	0.000749092914141359	0.000749092914141359
AZD0530	HEATR2	0.0006978571745151567	0.0006978571745151567	0.0006978571745151567
AZD0530	ENSG00000144029	0.0005611518093480371	0.0005611518093480371	0.0005611518093480371
AZD0530	ENSG00000078246	0.00048226080599174007	0.00048226080599174007	0.00048226080599174007
AZD0530	ENSG00000214338	0.00034609968914414517	0.00034609968914414517	0.00034609968914414517
AZD0530	LRG_177	0.00028387774777089943	0.00028387774777089943	0.00028387774777089943
AZD0530	FAM54B	0.0002779967656043314	0.0002779967656043314	0.0002779967656043314
AZD0530	ENSG00000171224	0.00014346781035878454	0.00014346781035878454	0.00014346781035878454
AZD0530	ENSG00000127884	2.6086651319280035e-05	2.6086651319280035e-05	2.6086651319280035e-05
AZD0530	ENSG00000161016	6.622253488223301e-06	6.622253488223301e-06	6.622253488223301e-06
